Park Name,Category,Order,Family,Common Names,Abundance
Channel Islands National Park,Mammal,Carnivora,Canidae,Channel Islands Gray Fox,Rare
Channel Islands National Park,Mammal,Carnivora,Mephitidae,Spotted Skunk,Uncommon
Channel Islands National Park,Mammal,Carnivora,Mustelidae,Sea Otter,nan
Channel Islands National Park,Mammal,Carnivora,Otariidae,Guadalupe Fur Seal,Occasional
Channel Islands National Park,Mammal,Carnivora,Otariidae,Northern Fur Seal,Uncommon
Channel Islands National Park,Mammal,Carnivora,Otariidae,"Northern Sea Lion, Stellar Sea Lion",Occasional
Channel Islands National Park,Mammal,Carnivora,Otariidae,California Sea Lion,Common
Channel Islands National Park,Mammal,Carnivora,Phocidae,Northern Elephant Seal,Common
Channel Islands National Park,Mammal,Carnivora,Phocidae,Harbor Seal,Uncommon
Channel Islands National Park,Mammal,Cetacea,Balaenidae,Northern Right Whale,Uncommon
Channel Islands National Park,Mammal,Cetacea,Balaenopteridae,Minke Whale,Uncommon
Channel Islands National Park,Mammal,Cetacea,Balaenopteridae,Rorqual (Sei Whale),Rare
Channel Islands National Park,Mammal,Cetacea,Balaenopteridae,Blue Whale,Uncommon
Channel Islands National Park,Mammal,Cetacea,Balaenopteridae,Finback Whale,Unknown
Channel Islands National Park,Mammal,Cetacea,Balaenopteridae,Humback Whale,Rare
Channel Islands National Park,Mammal,Cetacea,Delphinidae,Common Dolphin,Abundant
Channel Islands National Park,Mammal,Cetacea,Delphinidae,Risso Dolphin,Uncommon
Channel Islands National Park,Mammal,Cetacea,Delphinidae,Pacific White-Sided Dolphin,Unknown
Channel Islands National Park,Mammal,Cetacea,Delphinidae,Right Whale Dolphin,Unknown
Channel Islands National Park,Mammal,Cetacea,Delphinidae,Killer Whale,Rare
Channel Islands National Park,Mammal,Cetacea,Delphinidae,False Killer Whale,Unknown
Channel Islands National Park,Mammal,Cetacea,Delphinidae,Rough-Toothed Dolphin,Unknown
Channel Islands National Park,Mammal,Cetacea,Delphinidae,Pacific Bottlenose Dolphin,Unknown
Channel Islands National Park,Mammal,Cetacea,Eschrichtiidae,Gray Whale,Uncommon
Channel Islands National Park,Mammal,Cetacea,Hyperoodontidae,Pacific Beaked Whale,Unknown
Channel Islands National Park,Mammal,Cetacea,Kogiidae,Pygmy Sperm Whale,Unknown
Channel Islands National Park,Mammal,Cetacea,Phocoenidae,Harbor Porpoise,Unknown
Channel Islands National Park,Mammal,Cetacea,Phocoenidae,Dall's Porpoise,Unknown
Channel Islands National Park,Mammal,Cetacea,Physeteridae,Sperm Whale,Unknown
Channel Islands National Park,Mammal,Chiroptera,Molossidae,Western Mastiff Bat,Occasional
Channel Islands National Park,Mammal,Chiroptera,Molossidae,Mexican Free-Tailed Bat,Occasional
Channel Islands National Park,Mammal,Chiroptera,Vespertilionidae,Pallid Bat,Uncommon
Channel Islands National Park,Mammal,Chiroptera,Vespertilionidae,Big Brown Bat,Occasional
Channel Islands National Park,Mammal,Chiroptera,Vespertilionidae,Silver-Haired Bat,Occasional
Channel Islands National Park,Mammal,Chiroptera,Vespertilionidae,Red Bat,Occasional
Channel Islands National Park,Mammal,Chiroptera,Vespertilionidae,Hoary Bat,Rare
Channel Islands National Park,Mammal,Chiroptera,Vespertilionidae,California Myotis,Uncommon
Channel Islands National Park,Mammal,Chiroptera,Vespertilionidae,Long-Eared Myotis,Occasional
Channel Islands National Park,Mammal,Chiroptera,Vespertilionidae,Fringed Myotis,Occasional
Channel Islands National Park,Mammal,Chiroptera,Vespertilionidae,Townsend's Big-Eared Bat,Uncommon
Channel Islands National Park,Mammal,Lagomorpha,Leporidae,European Rabbit,nan
Channel Islands National Park,Mammal,Rodentia,Cricetidae,Deer Mouse,Uncommon
Channel Islands National Park,Mammal,Rodentia,Cricetidae,Western Harvest Mouse,Unknown
Channel Islands National Park,Mammal,Rodentia,Muridae,Black Rat,Unknown
Channel Islands National Park,Bird,Accipitriformes,Accipitridae,Cooper's Hawk,Occasional
Channel Islands National Park,Bird,Accipitriformes,Accipitridae,Northern Goshawk,Occasional
Channel Islands National Park,Bird,Accipitriformes,Accipitridae,Sharp-Shinned Hawk,Uncommon
Channel Islands National Park,Bird,Accipitriformes,Accipitridae,Golden Eagle,Rare
Channel Islands National Park,Bird,Accipitriformes,Accipitridae,Red-Tailed Hawk,Common
Channel Islands National Park,Bird,Accipitriformes,Accipitridae,Rough-Legged Hawk,Occasional
Channel Islands National Park,Bird,Accipitriformes,Accipitridae,Swainson's Hawk,Occasional
Channel Islands National Park,Bird,Accipitriformes,Accipitridae,Northern Harrier,Rare
Channel Islands National Park,Bird,Accipitriformes,Accipitridae,White-Tailed Kite,Occasional
Channel Islands National Park,Bird,Accipitriformes,Accipitridae,Bald Eagle,nan
Channel Islands National Park,Bird,Accipitriformes,Pandionidae,Osprey,Occasional
Channel Islands National Park,Bird,Anseriformes,Anatidae,Wood Duck,Occasional
Channel Islands National Park,Bird,Anseriformes,Anatidae,Northern Pintail,Occasional
Channel Islands National Park,Bird,Anseriformes,Anatidae,American Wigeon,Common
Channel Islands National Park,Bird,Anseriformes,Anatidae,Northern Shoveler,Occasional
Channel Islands National Park,Bird,Anseriformes,Anatidae,Green-Winged Teal,Common
Channel Islands National Park,Bird,Anseriformes,Anatidae,Cinnamon Teal,Uncommon
Channel Islands National Park,Bird,Anseriformes,Anatidae,Blue-Winged Teal,Rare
Channel Islands National Park,Bird,Anseriformes,Anatidae,Eurasian Wigeon,Occasional
Channel Islands National Park,Bird,Anseriformes,Anatidae,Mallard,Rare
Channel Islands National Park,Bird,Anseriformes,Anatidae,Greater White-Fronted Goose,Rare
Channel Islands National Park,Bird,Anseriformes,Anatidae,Lesser Scaup,Occasional
Channel Islands National Park,Bird,Anseriformes,Anatidae,Redhead,Occasional
Channel Islands National Park,Bird,Anseriformes,Anatidae,Ring-Necked Duck,Occasional
Channel Islands National Park,Bird,Anseriformes,Anatidae,Canvasback,Occasional
Channel Islands National Park,Bird,Anseriformes,Anatidae,Brant,Rare
Channel Islands National Park,Bird,Anseriformes,Anatidae,Canada Goose,Rare
Channel Islands National Park,Bird,Anseriformes,Anatidae,Bufflehead,Occasional
Channel Islands National Park,Bird,Anseriformes,Anatidae,Common Goldeneye,Occasional
Channel Islands National Park,Bird,Anseriformes,Anatidae,Snow Goose,Rare
Channel Islands National Park,Bird,Anseriformes,Anatidae,Ross' Goose,Occasional
Channel Islands National Park,Bird,Anseriformes,Anatidae,Harlequin Duck,Occasional
Channel Islands National Park,Bird,Anseriformes,Anatidae,Hooded Merganser,Occasional
Channel Islands National Park,Bird,Anseriformes,Anatidae,White-Winged Scoter,Common
Channel Islands National Park,Bird,Anseriformes,Anatidae,Black Scoter,Occasional
Channel Islands National Park,Bird,Anseriformes,Anatidae,Surf Scoter,Abundant
Channel Islands National Park,Bird,Anseriformes,Anatidae,Red-Breasted Merganser,Uncommon
Channel Islands National Park,Bird,Anseriformes,Anatidae,Ruddy Duck,Rare
Channel Islands National Park,Bird,Apodiformes,Apodidae,White-Throated Swift,Uncommon
Channel Islands National Park,Bird,Apodiformes,Apodidae,Chimney Swift,Occasional
Channel Islands National Park,Bird,Apodiformes,Apodidae,Vaux's Swift,Uncommon
Channel Islands National Park,Bird,Apodiformes,Apodidae,Black Swift,Occasional
Channel Islands National Park,Bird,Apodiformes,Trochilidae,Black-Chinned Hummingbird,Occasional
Channel Islands National Park,Bird,Apodiformes,Trochilidae,Anna's Hummingbird,Uncommon
Channel Islands National Park,Bird,Apodiformes,Trochilidae,Costa's Hummingbird,Rare
Channel Islands National Park,Bird,Apodiformes,Trochilidae,Rufous Hummingbird,Uncommon
Channel Islands National Park,Bird,Apodiformes,Trochilidae,Allen's Hummingbird,Abundant
Channel Islands National Park,Bird,Apodiformes,Trochilidae,Calliope Hummingbird,Occasional
Channel Islands National Park,Bird,Caprimulgiformes,Caprimulgidae,Lesser Nighthawk,Uncommon
Channel Islands National Park,Bird,Caprimulgiformes,Caprimulgidae,Common Nighthawk,Occasional
Channel Islands National Park,Bird,Caprimulgiformes,Caprimulgidae,Common Poorwill,Uncommon
Channel Islands National Park,Bird,Charadriiformes,Alcidae,Marbled Murrelet,Occasional
Channel Islands National Park,Bird,Charadriiformes,Alcidae,Pigeon Guillemot,Uncommon
Channel Islands National Park,Bird,Charadriiformes,Alcidae,Rhinoceros Auklet,Occasional
Channel Islands National Park,Bird,Charadriiformes,Alcidae,Tufted Puffin,Occasional
Channel Islands National Park,Bird,Charadriiformes,Alcidae,Horned Puffin,Occasional
Channel Islands National Park,Bird,Charadriiformes,Alcidae,Cassin's Auklet,Common
Channel Islands National Park,Bird,Charadriiformes,Alcidae,Ancient Murrelet,Occasional
Channel Islands National Park,Bird,Charadriiformes,Alcidae,Craveri's Murrelet,Occasional
Channel Islands National Park,Bird,Charadriiformes,Alcidae,Xantus' Murrelet,Common
Channel Islands National Park,Bird,Charadriiformes,Alcidae,Common Murre,Uncommon
Channel Islands National Park,Bird,Charadriiformes,Charadriidae,Snowy Plover,Rare
Channel Islands National Park,Bird,Charadriiformes,Charadriidae,Mountain Plover,Rare
Channel Islands National Park,Bird,Charadriiformes,Charadriidae,Semipalmated Plover,Rare
Channel Islands National Park,Bird,Charadriiformes,Charadriidae,Killdeer,Rare
Channel Islands National Park,Bird,Charadriiformes,Charadriidae,Lesser Golden-Plover,Rare
Channel Islands National Park,Bird,Charadriiformes,Charadriidae,Black-Bellied Plover,Abundant
Channel Islands National Park,Bird,Charadriiformes,Haematopodidae,Black Oystercatcher,Rare
Channel Islands National Park,Bird,Charadriiformes,Haematopodidae,American Oystercatcher,Occasional
Channel Islands National Park,Bird,Charadriiformes,Laridae,Herring Gull,Uncommon
Channel Islands National Park,Bird,Charadriiformes,Laridae,Laughing Gull,Occasional
Channel Islands National Park,Bird,Charadriiformes,Laridae,California Gull,Common
Channel Islands National Park,Bird,Charadriiformes,Laridae,Mew Gull,Common
Channel Islands National Park,Bird,Charadriiformes,Laridae,Ring-Billed Gull,Occasional
Channel Islands National Park,Bird,Charadriiformes,Laridae,Glaucous-Winged Gull,Common
Channel Islands National Park,Bird,Charadriiformes,Laridae,Heermann's Gull,Abundant
Channel Islands National Park,Bird,Charadriiformes,Laridae,Glaucous Gull,Occasional
Channel Islands National Park,Bird,Charadriiformes,Laridae,Western Gull,Abundant
Channel Islands National Park,Bird,Charadriiformes,Laridae,Bonaparte's Gull,Uncommon
Channel Islands National Park,Bird,Charadriiformes,Laridae,Franklin's Gull,Occasional
Channel Islands National Park,Bird,Charadriiformes,Laridae,Thayer's Gull,Occasional
Channel Islands National Park,Bird,Charadriiformes,Laridae,Black-Legged Kittiwake,Uncommon
Channel Islands National Park,Bird,Charadriiformes,Laridae,Caspian Tern,Occasional
Channel Islands National Park,Bird,Charadriiformes,Laridae,Elegant Tern,Occasional
Channel Islands National Park,Bird,Charadriiformes,Laridae,Forster's Tern,Rare
Channel Islands National Park,Bird,Charadriiformes,Laridae,Royal Tern,Common
Channel Islands National Park,Bird,Charadriiformes,Laridae,Arctic Tern,Occasional
Channel Islands National Park,Bird,Charadriiformes,Laridae,Sabine's Gull,Occasional
Channel Islands National Park,Bird,Charadriiformes,Recurvirostridae,Black-Necked Stilt,Occasional
Channel Islands National Park,Bird,Charadriiformes,Recurvirostridae,American Avocet,Occasional
Channel Islands National Park,Bird,Charadriiformes,Scolopacidae,Spotted Sandpiper,Uncommon
Channel Islands National Park,Bird,Charadriiformes,Scolopacidae,Surfbird,Rare
Channel Islands National Park,Bird,Charadriiformes,Scolopacidae,Ruddy Turnstone,Common
Channel Islands National Park,Bird,Charadriiformes,Scolopacidae,Black Turnstone,Abundant
Channel Islands National Park,Bird,Charadriiformes,Scolopacidae,Upland Sandpiper,Occasional
Channel Islands National Park,Bird,Charadriiformes,Scolopacidae,Sanderling,Abundant
Channel Islands National Park,Bird,Charadriiformes,Scolopacidae,Dunlin,Uncommon
Channel Islands National Park,Bird,Charadriiformes,Scolopacidae,Baird's Sandpiper,Occasional
Channel Islands National Park,Bird,Charadriiformes,Scolopacidae,Red Knot,Occasional
Channel Islands National Park,Bird,Charadriiformes,Scolopacidae,Western Sandpiper,Uncommon
Channel Islands National Park,Bird,Charadriiformes,Scolopacidae,Pectoral Sandpiper,Rare
Channel Islands National Park,Bird,Charadriiformes,Scolopacidae,Least Sandpiper,Common
Channel Islands National Park,Bird,Charadriiformes,Scolopacidae,Willet,Abundant
Channel Islands National Park,Bird,Charadriiformes,Scolopacidae,Common Snipe,Uncommon
Channel Islands National Park,Bird,Charadriiformes,Scolopacidae,Wandering Tattler,Common
Channel Islands National Park,Bird,Charadriiformes,Scolopacidae,Short-Billed Dowitcher,Occasional
Channel Islands National Park,Bird,Charadriiformes,Scolopacidae,Long-Billed Dowitcher,Rare
Channel Islands National Park,Bird,Charadriiformes,Scolopacidae,Marbled Godwit,Abundant
Channel Islands National Park,Bird,Charadriiformes,Scolopacidae,Long-Billed Curlew,Uncommon
Channel Islands National Park,Bird,Charadriiformes,Scolopacidae,Whimbrel,Common
Channel Islands National Park,Bird,Charadriiformes,Scolopacidae,Red Phalarope,Rare
Channel Islands National Park,Bird,Charadriiformes,Scolopacidae,Red-Necked Phalarope,Rare
Channel Islands National Park,Bird,Charadriiformes,Scolopacidae,Wilson's Phalarope,Occasional
Channel Islands National Park,Bird,Charadriiformes,Scolopacidae,Lesser Yellowlegs,Occasional
Channel Islands National Park,Bird,Charadriiformes,Scolopacidae,Greater Yellowlegs,Rare
Channel Islands National Park,Bird,Charadriiformes,Scolopacidae,Solitary Sandpiper,Rare
Channel Islands National Park,Bird,Charadriiformes,Scolopacidae,Buff-Breasted Sandpiper,Occasional
Channel Islands National Park,Bird,Charadriiformes,Stercorariidae,Long-Tailed Jaeger,Occasional
Channel Islands National Park,Bird,Charadriiformes,Stercorariidae,South Polar Skua,Occasional
Channel Islands National Park,Bird,Charadriiformes,Stercorariidae,Parasitic Jaeger,Rare
Channel Islands National Park,Bird,Charadriiformes,Stercorariidae,Pomarine Jaeger,Occasional
Channel Islands National Park,Bird,Columbiformes,Columbidae,Band-Tailed Pigeon,Uncommon
Channel Islands National Park,Bird,Columbiformes,Columbidae,Rock Dove,Rare
Channel Islands National Park,Bird,Columbiformes,Columbidae,Spotted Dove,Occasional
Channel Islands National Park,Bird,Columbiformes,Columbidae,Ringed Turtle-Dove,Occasional
Channel Islands National Park,Bird,Columbiformes,Columbidae,White-Winged Dove,Occasional
Channel Islands National Park,Bird,Columbiformes,Columbidae,Mourning Dove,Uncommon
Channel Islands National Park,Bird,Coraciiformes,Alcedinidae,Belted Kingfisher,Uncommon
Channel Islands National Park,Bird,Cuculiformes,Cuculidae,Yellow-Billed Cuckoo,Occasional
Channel Islands National Park,Bird,Cuculiformes,Cuculidae,Black-Billed Cuckoo,Occasional
Channel Islands National Park,Bird,Falconiformes,Falconidae,Merlin,Rare
Channel Islands National Park,Bird,Falconiformes,Falconidae,Prairie Falcon,Occasional
Channel Islands National Park,Bird,Falconiformes,Falconidae,Peregrine Falcon,Rare
Channel Islands National Park,Bird,Falconiformes,Falconidae,American Kestrel,Rare
Channel Islands National Park,Bird,Galliformes,Odontophoridae,California Quail,Common
Channel Islands National Park,Bird,Galliformes,Odontophoridae,Gambel's Quail,nan
Channel Islands National Park,Bird,Galliformes,Phasianidae,Chukar,nan
Channel Islands National Park,Bird,Galliformes,Phasianidae,Wild Turkey,Rare
Channel Islands National Park,Bird,Galliformes,Phasianidae,Common Peafowl,Rare
Channel Islands National Park,Bird,Galliformes,Phasianidae,Ring-Necked Pheasent,Occasional
Channel Islands National Park,Bird,Gaviiformes,Gaviidae,Common Loon,Common
Channel Islands National Park,Bird,Gaviiformes,Gaviidae,Pacific Loon,Abundant
Channel Islands National Park,Bird,Gaviiformes,Gaviidae,Red-Throated Loon,Uncommon
Channel Islands National Park,Bird,Gruiformes,Rallidae,American Coot,Occasional
Channel Islands National Park,Bird,Gruiformes,Rallidae,Sora,Rare
Channel Islands National Park,Bird,Gruiformes,Rallidae,Virginia Rail,Occasional
Channel Islands National Park,Bird,Passeriformes,Aegithalidae,Bushtit,Common
Channel Islands National Park,Bird,Passeriformes,Alaudidae,Horned Lark,Abundant
Channel Islands National Park,Bird,Passeriformes,Bombycillidae,Cedar Waxwing,Uncommon
Channel Islands National Park,Bird,Passeriformes,Calcariidae,Lapland Longspur,Occasional
Channel Islands National Park,Bird,Passeriformes,Calcariidae,Mccown's Longspur,Occasional
Channel Islands National Park,Bird,Passeriformes,Calcariidae,Chestnut-Collared Longspur,Occasional
Channel Islands National Park,Bird,Passeriformes,Cardinalidae,Pyrrhuloxia,Occasional
Channel Islands National Park,Bird,Passeriformes,Cardinalidae,Blue Grosbeak,Rare
Channel Islands National Park,Bird,Passeriformes,Cardinalidae,Lazuli Bunting,Occasional
Channel Islands National Park,Bird,Passeriformes,Cardinalidae,Indigo Bunting,Uncommon
Channel Islands National Park,Bird,Passeriformes,Cardinalidae,Rose-Breasted Grosbeak,Uncommon
Channel Islands National Park,Bird,Passeriformes,Cardinalidae,Black-Headed Grosbeak,Rare
Channel Islands National Park,Bird,Passeriformes,Cardinalidae,Western Tanager,Common
Channel Islands National Park,Bird,Passeriformes,Cardinalidae,Scarlet Tanager,Occasional
Channel Islands National Park,Bird,Passeriformes,Cardinalidae,Summer Tanager,Occasional
Channel Islands National Park,Bird,Passeriformes,Cardinalidae,Dickcissel,Occasional
Channel Islands National Park,Bird,Passeriformes,Certhiidae,Brown Creeper,Rare
Channel Islands National Park,Bird,Passeriformes,Cinclidae,American Dipper,Occasional
Channel Islands National Park,Bird,Passeriformes,Corvidae,Island Scrub Jay,Common
Channel Islands National Park,Bird,Passeriformes,Corvidae,American Crow,Occasional
Channel Islands National Park,Bird,Passeriformes,Corvidae,Common Raven,Uncommon
Channel Islands National Park,Bird,Passeriformes,Corvidae,Clark's Nutcracker,Occasional
Channel Islands National Park,Bird,Passeriformes,Corvidae,Yellow-Billed Magpie,Occasional
Channel Islands National Park,Bird,Passeriformes,Emberizidae,Rufous-Crowned Sparrow,Uncommon
Channel Islands National Park,Bird,Passeriformes,Emberizidae,Grasshopper Sparrow,Rare
Channel Islands National Park,Bird,Passeriformes,Emberizidae,Sage Sparrow,Occasional
Channel Islands National Park,Bird,Passeriformes,Emberizidae,Black-Throated Sparrow,Rare
Channel Islands National Park,Bird,Passeriformes,Emberizidae,Lark Bunting,Occasional
Channel Islands National Park,Bird,Passeriformes,Emberizidae,Lark Sparrow,Common
Channel Islands National Park,Bird,Passeriformes,Emberizidae,Dark-Eyed Junco,Common
Channel Islands National Park,Bird,Passeriformes,Emberizidae,Swamp Sparrow,Occasional
Channel Islands National Park,Bird,Passeriformes,Emberizidae,Lincoln's Sparrow,Uncommon
Channel Islands National Park,Bird,Passeriformes,Emberizidae,Song Sparrow,Common
Channel Islands National Park,Bird,Passeriformes,Emberizidae,Savannah Sparrow,Common
Channel Islands National Park,Bird,Passeriformes,Emberizidae,Fox Sparrow,Common
Channel Islands National Park,Bird,Passeriformes,Emberizidae,Green-Tailed Towhee,Rare
Channel Islands National Park,Bird,Passeriformes,Emberizidae,Spotted Towhee,Uncommon
Channel Islands National Park,Bird,Passeriformes,Emberizidae,Vesper Sparrow,Uncommon
Channel Islands National Park,Bird,Passeriformes,Emberizidae,American Tree Sparrow,Occasional
Channel Islands National Park,Bird,Passeriformes,Emberizidae,Black-Chinned Sparrow,Occasional
Channel Islands National Park,Bird,Passeriformes,Emberizidae,Brewer's Sparrow,Occasional
Channel Islands National Park,Bird,Passeriformes,Emberizidae,Clay-Colored Sparrow,Rare
Channel Islands National Park,Bird,Passeriformes,Emberizidae,Chipping Sparrow,Common
Channel Islands National Park,Bird,Passeriformes,Emberizidae,White-Throated Sparrow,Occasional
Channel Islands National Park,Bird,Passeriformes,Emberizidae,Golden-Crowned Sparrow,Abundant
Channel Islands National Park,Bird,Passeriformes,Emberizidae,White-Crowned Sparrow,Abundant
Channel Islands National Park,Bird,Passeriformes,Emberizidae,Harris' Sparrow,Occasional
Channel Islands National Park,Bird,Passeriformes,Fringillidae,Lawrence's Goldfinch,Rare
Channel Islands National Park,Bird,Passeriformes,Fringillidae,Pine Siskin,Uncommon
Channel Islands National Park,Bird,Passeriformes,Fringillidae,Lesser Goldfinch,Uncommon
Channel Islands National Park,Bird,Passeriformes,Fringillidae,American Goldfinch,Rare
Channel Islands National Park,Bird,Passeriformes,Fringillidae,House Finch,Common
Channel Islands National Park,Bird,Passeriformes,Fringillidae,Purple Finch,Uncommon
Channel Islands National Park,Bird,Passeriformes,Fringillidae,Red Crossbill,Rare
Channel Islands National Park,Bird,Passeriformes,Hirundinidae,Barn Swallow,Uncommon
Channel Islands National Park,Bird,Passeriformes,Hirundinidae,Cliff Swallow,Occasional
Channel Islands National Park,Bird,Passeriformes,Hirundinidae,Purple Martin,Occasional
Channel Islands National Park,Bird,Passeriformes,Hirundinidae,Bank Swallow,Occasional
Channel Islands National Park,Bird,Passeriformes,Hirundinidae,Northern Rough-Winged Swallow,Rare
Channel Islands National Park,Bird,Passeriformes,Hirundinidae,Tree Swallow,Rare
Channel Islands National Park,Bird,Passeriformes,Hirundinidae,Violet-Green Swallow,Rare
Channel Islands National Park,Bird,Passeriformes,Icteridae,Red-Winged Blackbird,Uncommon
Channel Islands National Park,Bird,Passeriformes,Icteridae,Tricolored Blackbird,Rare
Channel Islands National Park,Bird,Passeriformes,Icteridae,Bobolink,Rare
Channel Islands National Park,Bird,Passeriformes,Icteridae,Rusty Blackbird,Occasional
Channel Islands National Park,Bird,Passeriformes,Icteridae,Brewer's Blackbird,Rare
Channel Islands National Park,Bird,Passeriformes,Icteridae,Bullock's Oriole,Uncommon
Channel Islands National Park,Bird,Passeriformes,Icteridae,Hooded Oriole,Rare
Channel Islands National Park,Bird,Passeriformes,Icteridae,Baltimore Oriole,Uncommon
Channel Islands National Park,Bird,Passeriformes,Icteridae,Scott's Oriole,Occasional
Channel Islands National Park,Bird,Passeriformes,Icteridae,Brown-Headed Cowbird,Uncommon
Channel Islands National Park,Bird,Passeriformes,Icteridae,Western Meadowlark,Common
Channel Islands National Park,Bird,Passeriformes,Icteridae,Yellow-Headed Blackbird,Rare
Channel Islands National Park,Bird,Passeriformes,Laniidae,Loggerhead Shrike,Rare
Channel Islands National Park,Bird,Passeriformes,Mimidae,Gray Catbird,Occasional
Channel Islands National Park,Bird,Passeriformes,Mimidae,Northern Mockingbird,Uncommon
Channel Islands National Park,Bird,Passeriformes,Mimidae,Sage Thrasher,Rare
Channel Islands National Park,Bird,Passeriformes,Mimidae,Bendire's Thrasher,Occasional
Channel Islands National Park,Bird,Passeriformes,Mimidae,Brown Thrasher,Occasional
Channel Islands National Park,Bird,Passeriformes,Motacillidae,Red-Throated Pipit,Occasional
Channel Islands National Park,Bird,Passeriformes,Motacillidae,American Pipit,Occasional
Channel Islands National Park,Bird,Passeriformes,Parulidae,Black-Throated Blue Warbler,Occasional
Channel Islands National Park,Bird,Passeriformes,Parulidae,Bay-Breasted Warbler,Occasional
Channel Islands National Park,Bird,Passeriformes,Parulidae,Yellow-Rumped Warbler,Common
Channel Islands National Park,Bird,Passeriformes,Parulidae,Prairie Warbler,Occasional
Channel Islands National Park,Bird,Passeriformes,Parulidae,Yellow-Throated Warbler,Occasional
Channel Islands National Park,Bird,Passeriformes,Parulidae,Blackburnian Warbler,Occasional
Channel Islands National Park,Bird,Passeriformes,Parulidae,Grace's Warbler,Occasional
Channel Islands National Park,Bird,Passeriformes,Parulidae,Magnolia Warbler,Occasional
Channel Islands National Park,Bird,Passeriformes,Parulidae,Black-Throated Gray Warbler,Rare
Channel Islands National Park,Bird,Passeriformes,Parulidae,Hermit Warbler,Common
Channel Islands National Park,Bird,Passeriformes,Parulidae,Palm Warbler,Rare
Channel Islands National Park,Bird,Passeriformes,Parulidae,Chestnut-Sided Warbler,Occasional
Channel Islands National Park,Bird,Passeriformes,Parulidae,Yellow Warbler,Uncommon
Channel Islands National Park,Bird,Passeriformes,Parulidae,Blackpoll Warbler,Rare
Channel Islands National Park,Bird,Passeriformes,Parulidae,Cape May Warbler,Occasional
Channel Islands National Park,Bird,Passeriformes,Parulidae,Townsend's Warbler,Uncommon
Channel Islands National Park,Bird,Passeriformes,Parulidae,Black-Throated Green Warbler,Occasional
Channel Islands National Park,Bird,Passeriformes,Parulidae,Common Yellowthroat,Uncommon
Channel Islands National Park,Bird,Passeriformes,Parulidae,Yellow-Breasted Chat,Uncommon
Channel Islands National Park,Bird,Passeriformes,Parulidae,Black-And-White Warbler,Rare
Channel Islands National Park,Bird,Passeriformes,Parulidae,Painted Redstart,Occasional
Channel Islands National Park,Bird,Passeriformes,Parulidae,Kentucky Warbler,Occasional
Channel Islands National Park,Bird,Passeriformes,Parulidae,Mourning Warbler,Occasional
Channel Islands National Park,Bird,Passeriformes,Parulidae,Macgillivray's Warbler,Uncommon
Channel Islands National Park,Bird,Passeriformes,Parulidae,Northern Parula,Occasional
Channel Islands National Park,Bird,Passeriformes,Parulidae,Prothonotary Warbler,Occasional
Channel Islands National Park,Bird,Passeriformes,Parulidae,Ovenbird,Rare
Channel Islands National Park,Bird,Passeriformes,Parulidae,Northern Waterthrush,Occasional
Channel Islands National Park,Bird,Passeriformes,Parulidae,American Redstart,Rare
Channel Islands National Park,Bird,Passeriformes,Parulidae,Orange-Crowned Warbler,Common
Channel Islands National Park,Bird,Passeriformes,Parulidae,Lucy's Warbler,Occasional
Channel Islands National Park,Bird,Passeriformes,Parulidae,Tennessee Warbler,Occasional
Channel Islands National Park,Bird,Passeriformes,Parulidae,Nashville Warbler,Occasional
Channel Islands National Park,Bird,Passeriformes,Parulidae,Virginia's Warbler,Occasional
Channel Islands National Park,Bird,Passeriformes,Parulidae,Canada Warbler,Occasional
Channel Islands National Park,Bird,Passeriformes,Parulidae,Hooded Warbler,Occasional
Channel Islands National Park,Bird,Passeriformes,Parulidae,Wilson's Warbler,Common
Channel Islands National Park,Bird,Passeriformes,Passeridae,House Sparrow,Rare
Channel Islands National Park,Bird,Passeriformes,Polioptilidae,Blue-Gray Gnatcatcher,Uncommon
Channel Islands National Park,Bird,Passeriformes,Ptilogonatidae,Phainopepla,Occasional
Channel Islands National Park,Bird,Passeriformes,Regulidae,Ruby-Crowned Kinglet,Common
Channel Islands National Park,Bird,Passeriformes,Regulidae,Golden-Crowned Kinglet,Occasional
Channel Islands National Park,Bird,Passeriformes,Sittidae,Red-Breasted Nuthatch,Uncommon
Channel Islands National Park,Bird,Passeriformes,Sittidae,White-Breasted Nuthatch,Occasional
Channel Islands National Park,Bird,Passeriformes,Sturnidae,European Starling,Abundant
Channel Islands National Park,Bird,Passeriformes,Troglodytidae,Canyon Wren,Occasional
Channel Islands National Park,Bird,Passeriformes,Troglodytidae,Marsh Wren,Occasional
Channel Islands National Park,Bird,Passeriformes,Troglodytidae,Rock Wren,Uncommon
Channel Islands National Park,Bird,Passeriformes,Troglodytidae,Bewick's Wren,Common
Channel Islands National Park,Bird,Passeriformes,Troglodytidae,House Wren,Uncommon
Channel Islands National Park,Bird,Passeriformes,Troglodytidae,Winter Wren,Rare
Channel Islands National Park,Bird,Passeriformes,Turdidae,Hermit Thrush,Occasional
Channel Islands National Park,Bird,Passeriformes,Turdidae,Swainson's Thrush,Occasional
Channel Islands National Park,Bird,Passeriformes,Turdidae,Townsend's Solitaire,Occasional
Channel Islands National Park,Bird,Passeriformes,Turdidae,Mountain Bluebird,Occasional
Channel Islands National Park,Bird,Passeriformes,Turdidae,Western Bluebird,Occasional
Channel Islands National Park,Bird,Passeriformes,Turdidae,American Robin,Occasional
Channel Islands National Park,Bird,Passeriformes,Turdidae,Varied Thrush,Rare
Channel Islands National Park,Bird,Passeriformes,Tyrannidae,Olive-Sided Flycatcher,Uncommon
Channel Islands National Park,Bird,Passeriformes,Tyrannidae,Western Wood-Pewee,Common
Channel Islands National Park,Bird,Passeriformes,Tyrannidae,Pacific-Slope Flycatcher,Common
Channel Islands National Park,Bird,Passeriformes,Tyrannidae,Hammond's Flycatcher,Rare
Channel Islands National Park,Bird,Passeriformes,Tyrannidae,Least Flycatcher,Occasional
Channel Islands National Park,Bird,Passeriformes,Tyrannidae,Dusky Flycatcher,Rare
Channel Islands National Park,Bird,Passeriformes,Tyrannidae,Willow Flycatcher,Uncommon
Channel Islands National Park,Bird,Passeriformes,Tyrannidae,Gray Flycatcher,Rare
Channel Islands National Park,Bird,Passeriformes,Tyrannidae,Ash-Throated Flycatcher,Rare
Channel Islands National Park,Bird,Passeriformes,Tyrannidae,Vermillion Flycatcher,Occasional
Channel Islands National Park,Bird,Passeriformes,Tyrannidae,Black Phoebe,Rare
Channel Islands National Park,Bird,Passeriformes,Tyrannidae,Eastern Phoebe,Occasional
Channel Islands National Park,Bird,Passeriformes,Tyrannidae,Say's Phoebe,Common
Channel Islands National Park,Bird,Passeriformes,Tyrannidae,Scissor-Tailed Flycatcher,Occasional
Channel Islands National Park,Bird,Passeriformes,Tyrannidae,Eastern Kingbird,Occasional
Channel Islands National Park,Bird,Passeriformes,Tyrannidae,Western Kingbird,Uncommon
Channel Islands National Park,Bird,Passeriformes,Tyrannidae,Cassin's Kingbird,Rare
Channel Islands National Park,Bird,Passeriformes,Vireonidae,Bell's Vireo,Occasional
Channel Islands National Park,Bird,Passeriformes,Vireonidae,Cassin's Vireo,Unknown
Channel Islands National Park,Bird,Passeriformes,Vireonidae,Warbling Vireo,Uncommon
Channel Islands National Park,Bird,Passeriformes,Vireonidae,Hutton's Vireo,Uncommon
Channel Islands National Park,Bird,Passeriformes,Vireonidae,Red-Eyed Vireo,Occasional
Channel Islands National Park,Bird,Passeriformes,Vireonidae,Philadelphia Vireo,Occasional
Channel Islands National Park,Bird,Passeriformes,Vireonidae,Plumbeus Vireo,Unknown
Channel Islands National Park,Bird,Passeriformes,Vireonidae,Gray Vireo,Occasional
Channel Islands National Park,Bird,Pelecaniformes,Ardeidae,Great Egret,Occasional
Channel Islands National Park,Bird,Pelecaniformes,Ardeidae,Great Blue Heron,Uncommon
Channel Islands National Park,Bird,Pelecaniformes,Ardeidae,Cattle Egret,Rare
Channel Islands National Park,Bird,Pelecaniformes,Ardeidae,Green Heron,Rare
Channel Islands National Park,Bird,Pelecaniformes,Ardeidae,Snowy Egret,Occasional
Channel Islands National Park,Bird,Pelecaniformes,Ardeidae,Black-Crowned Night-Heron,Occasional
Channel Islands National Park,Bird,Pelecaniformes,Pelecanidae,American White Pelican,Occasional
Channel Islands National Park,Bird,Pelecaniformes,Pelecanidae,Brown Pelican,Abundant
Channel Islands National Park,Bird,Phaethontiformes,Phaethontidae,Red-Billed Tropicbird,Occasional
Channel Islands National Park,Bird,Piciformes,Picidae,Northern Flicker,Uncommon
Channel Islands National Park,Bird,Piciformes,Picidae,Acorn Woodpecker,Uncommon
Channel Islands National Park,Bird,Piciformes,Picidae,Lewis' Woodpecker,Uncommon
Channel Islands National Park,Bird,Piciformes,Picidae,Nuttall's Woodpecker,Occasional
Channel Islands National Park,Bird,Piciformes,Picidae,Red-Naped Sapsucker,Occasional
Channel Islands National Park,Bird,Piciformes,Picidae,Red-Breasted Sapsucker,Uncommon
Channel Islands National Park,Bird,Piciformes,Picidae,Yellow-Bellied Sapsucker,Rare
Channel Islands National Park,Bird,Podicipediformes,Podicipedidae,Clark's Grebe,Occasional
Channel Islands National Park,Bird,Podicipediformes,Podicipedidae,Western Grebe,Common
Channel Islands National Park,Bird,Podicipediformes,Podicipedidae,Horned Grebe,Common
Channel Islands National Park,Bird,Podicipediformes,Podicipedidae,Eared Grebe,Abundant
Channel Islands National Park,Bird,Podicipediformes,Podicipedidae,Pied-Billed Grebe,Occasional
Channel Islands National Park,Bird,Procellariiformes,Diomedeidae,Short-Tailed Albatross,Occasional
Channel Islands National Park,Bird,Procellariiformes,Diomedeidae,Laysan Albatross,Occasional
Channel Islands National Park,Bird,Procellariiformes,Diomedeidae,Black-Footed Albatross,Occasional
Channel Islands National Park,Bird,Procellariiformes,Hydrobatidae,Ashy Storm-Petrel,Common
Channel Islands National Park,Bird,Procellariiformes,Hydrobatidae,Leach's Storm-Petrel,Uncommon
Channel Islands National Park,Bird,Procellariiformes,Hydrobatidae,Black Storm-Petrel,Common
Channel Islands National Park,Bird,Procellariiformes,Hydrobatidae,Least Storm-Petrel,Occasional
Channel Islands National Park,Bird,Procellariiformes,Procellariidae,Northern Fulmar,Uncommon
Channel Islands National Park,Bird,Procellariiformes,Procellariidae,Flesh-Footed Shearwater,Occasional
Channel Islands National Park,Bird,Procellariiformes,Procellariidae,Pink-Footed Shearwater,Rare
Channel Islands National Park,Bird,Procellariiformes,Procellariidae,Sooty Shearwater,Uncommon
Channel Islands National Park,Bird,Procellariiformes,Procellariidae,Black-Vented Shearwater,Rare
Channel Islands National Park,Bird,Strigiformes,Strigidae,Northern Saw-Whet Owl,Uncommon
Channel Islands National Park,Bird,Strigiformes,Strigidae,Short-Eared Owl,Occasional
Channel Islands National Park,Bird,Strigiformes,Strigidae,Long-Eared Owl,Rare
Channel Islands National Park,Bird,Strigiformes,Strigidae,Burrowing Owl,Occasional
Channel Islands National Park,Bird,Strigiformes,Strigidae,Great Horned Owl,Occasional
Channel Islands National Park,Bird,Strigiformes,Strigidae,Flammulated Owl,Occasional
Channel Islands National Park,Bird,Strigiformes,Tytonidae,Barn Owl,Rare
Channel Islands National Park,Bird,Suliformes,Fregatidae,Magnificent Frigatebird,Occasional
Channel Islands National Park,Bird,Suliformes,Phalacrocoracidae,Double-Crested Cormorant,Common
Channel Islands National Park,Bird,Suliformes,Phalacrocoracidae,Pelagic Cormorant,Common
Channel Islands National Park,Bird,Suliformes,Phalacrocoracidae,Brandt's Cormorant,Abundant
Channel Islands National Park,Bird,Suliformes,Sulidae,Brown Booby,Occasional
Channel Islands National Park,Bird,Suliformes,Sulidae,Blue-Footed Booby,Occasional
Channel Islands National Park,Bird,Suliformes,Sulidae,Red-Footed Booby,Occasional
Channel Islands National Park,Reptile,Squamata,Anguidae,Southern Alligator Lizard,Common
Channel Islands National Park,Reptile,Squamata,Colubridae,Yellow-Bellied Racer,Unknown
Channel Islands National Park,Reptile,Squamata,Colubridae,Spotted Night Snake,nan
Channel Islands National Park,Reptile,Squamata,Colubridae,Santa Cruz Island Gopher Snake,Uncommon
Channel Islands National Park,Reptile,Squamata,Colubridae,Western Terrestrial Garter Snake,Unknown
Channel Islands National Park,Reptile,Squamata,Iguanidae,Island Fence Lizard,Common
Channel Islands National Park,Reptile,Squamata,Iguanidae,Side-Blotched Lizard,Common
Channel Islands National Park,Reptile,Squamata,Xantusiidae,Island Night Lizard,Rare
Channel Islands National Park,Reptile,Testudines,Cheloniidae,Loggerhead,Occasional
Channel Islands National Park,Reptile,Testudines,Cheloniidae,"Green Sea Turtle, Green Turtle",Occasional
Channel Islands National Park,Reptile,Testudines,Dermochelyidae,Leatherback,Occasional
Channel Islands National Park,Amphibian,Anura,Hylidae,Pacific Treefrog,Common
Channel Islands National Park,Amphibian,Anura,Ranidae,Red-Legged Frog,nan
Channel Islands National Park,Amphibian,Caudata,Plethodontidae,Black-Bellied Slender Salamander,Uncommon
Channel Islands National Park,Amphibian,Caudata,Plethodontidae,Pacific Slender Salamander,Common
Channel Islands National Park,Fish,Anguilliformes,Muraenidae,California Moray,Uncommon
Channel Islands National Park,Fish,Atheriniformes,Atherinopsidae,Topsmelt,Abundant
Channel Islands National Park,Fish,Atheriniformes,Atherinopsidae,Jacksmelt,Abundant
Channel Islands National Park,Fish,Atheriniformes,Atherinopsidae,California Grunion,Uncommon
Channel Islands National Park,Fish,Aulopiformes,Synodontidae,California Lizardfish,Uncommon
Channel Islands National Park,Fish,Batrachoidiformes,Batrachoididae,Specklefin Midshipman,Uncommon
Channel Islands National Park,Fish,Batrachoidiformes,Batrachoididae,Plainfin Midshipman,Uncommon
Channel Islands National Park,Fish,Beloniformes,Exocoetidae,Smallhead Flyingfish,Uncommon
Channel Islands National Park,Fish,Beloniformes,Exocoetidae,None,nan
Channel Islands National Park,Fish,Beloniformes,Exocoetidae,Flyingfishes,nan
Channel Islands National Park,Fish,Beloniformes,Scomberesocidae,Pacific Saury,Unknown
Channel Islands National Park,Fish,Carcharhiniformes,Carcharhinidae,Narrowtooth Shark,Unknown
Channel Islands National Park,Fish,Carcharhiniformes,Carcharhinidae,Blue Shark,Uncommon
Channel Islands National Park,Fish,Carcharhiniformes,Scyliorhinidae,Swell Shark,Common
Channel Islands National Park,Fish,Carcharhiniformes,Scyliorhinidae,Filetail Cat Shark,Unknown
Channel Islands National Park,Fish,Carcharhiniformes,Triakidae,Gray Smoothhound,Rare
Channel Islands National Park,Fish,Carcharhiniformes,Triakidae,Brown Smoothhound,Rare
Channel Islands National Park,Fish,Carcharhiniformes,Triakidae,Leopard Shark,Uncommon
Channel Islands National Park,Fish,Chimaeriformes,Chimaeridae,Spotted Ratfish,Occasional
Channel Islands National Park,Fish,Clupeiformes,Clupeidae,None,nan
Channel Islands National Park,Fish,Clupeiformes,Clupeidae,Pacific Sardine,Unknown
Channel Islands National Park,Fish,Clupeiformes,Engraulidae,Northern Anchovy,Abundant
Channel Islands National Park,Fish,Gadiformes,Merlucciidae,Pacific Hake,Uncommon
Channel Islands National Park,Fish,Gasterosteiformes,Aulorhynchidae,Tube-Snout,Abundant
Channel Islands National Park,Fish,Gasterosteiformes,Syngnathidae,Snubnose Pipefish,Uncommon
Channel Islands National Park,Fish,Gasterosteiformes,Syngnathidae,Barred Pipefish,Unknown
Channel Islands National Park,Fish,Gasterosteiformes,Syngnathidae,Kelp Pipefish,Rare
Channel Islands National Park,Fish,Gasterosteiformes,Syngnathidae,Chocolate Pipefish,Rare
Channel Islands National Park,Fish,Gasterosteiformes,Syngnathidae,Barcheek Pipefish,Unknown
Channel Islands National Park,Fish,Gasterosteiformes,Syngnathidae,Bay Pipefish,Unknown
Channel Islands National Park,Fish,Heterodontiformes,Heterodontidae,Horn Shark,Common
Channel Islands National Park,Fish,Lamniformes,Alopiidae,Bigeye Thresher,nan
Channel Islands National Park,Fish,Lamniformes,Alopiidae,Thresher Shark,Unknown
Channel Islands National Park,Fish,Lamniformes,Cetorhinidae,Basking Shark,Occasional
Channel Islands National Park,Fish,Lamniformes,Lamnidae,White Shark,Occasional
Channel Islands National Park,Fish,Lamniformes,Lamnidae,Shortfin Mako,Occasional
Channel Islands National Park,Fish,Lamniformes,Lamnidae,Longfin Mako,Occasional
Channel Islands National Park,Fish,Lampridiformes,Lamprididae,"Moonfish, Opah",nan
Channel Islands National Park,Fish,Lampridiformes,Trachipteridae,Whiptail Ribbonfish,Unknown
Channel Islands National Park,Fish,Lampridiformes,Trachipteridae,King-Of-The-Salmon,Unknown
Channel Islands National Park,Fish,Myctophiformes,nan,None,nan
Channel Islands National Park,Fish,Myctophiformes,Myctophidae,California Headlightfish,Unknown
Channel Islands National Park,Fish,Myctophiformes,Myctophidae,None,Unknown
Channel Islands National Park,Fish,Myctophiformes,Myctophidae,None,Unknown
Channel Islands National Park,Fish,Myctophiformes,Myctophidae,California Flashlightfish,Unknown
Channel Islands National Park,Fish,Myctophiformes,Myctophidae,Northern Lampfish,Unknown
Channel Islands National Park,Fish,Myctophiformes,Myctophidae,Mexican Lampfish,Unknown
Channel Islands National Park,Fish,Myctophiformes,Neoscopelidae,None,nan
Channel Islands National Park,Fish,Myliobatiformes,Myliobatidae,Bat Ray,Abundant
Channel Islands National Park,Fish,Myliobatiformes,Urolophidae,Round Stingray,Unknown
Channel Islands National Park,Fish,Myxiniformes,Myxinidae,Pacific Hagfish,Uncommon
Channel Islands National Park,Fish,Ophidiiformes,Bythitidae,Red Brotula,Occasional
Channel Islands National Park,Fish,Ophidiiformes,Bythitidae,Purple Brotula,nan
Channel Islands National Park,Fish,Ophidiiformes,Ophidiidae,Spotted Cusk-Eel,Uncommon
Channel Islands National Park,Fish,Ophidiiformes,Ophidiidae,Spotted Cusk-Eel,Unknown
Channel Islands National Park,Fish,Osmeriformes,Argentinidae,Pacific Argentine,Unknown
Channel Islands National Park,Fish,Osmeriformes,Bathylagidae,None,Unknown
Channel Islands National Park,Fish,Osmeriformes,Bathylagidae,California Smoothtongue,Unknown
Channel Islands National Park,Fish,Perciformes,Anarhichadidae,Wolf-Eel,Rare
Channel Islands National Park,Fish,Perciformes,Apogonidae,Guadalupe Cardinalfish,Occasional
Channel Islands National Park,Fish,Perciformes,Bathymasteridae,None,nan
Channel Islands National Park,Fish,Perciformes,Bathymasteridae,Stripefin Ronquil,Uncommon
Channel Islands National Park,Fish,Perciformes,Bathymasteridae,Bluebanded Ronquil,Uncommon
Channel Islands National Park,Fish,Perciformes,Blenniidae,Rockpool Blenny,Uncommon
Channel Islands National Park,Fish,Perciformes,Blenniidae,Mussel Blenny,Uncommon
Channel Islands National Park,Fish,Perciformes,Carangidae,Green Jack,Occasional
Channel Islands National Park,Fish,Perciformes,Carangidae,Yellowtail Jack,Common
Channel Islands National Park,Fish,Perciformes,Carangidae,Jack Mackerel,Abundant
Channel Islands National Park,Fish,Perciformes,Centrolophidae,Medusafish,Unknown
Channel Islands National Park,Fish,Perciformes,Chaenopsidae,Orangethroat Pikeblenny,Uncommon
Channel Islands National Park,Fish,Perciformes,Chaenopsidae,Sarcastic Fringehead,Common
Channel Islands National Park,Fish,Perciformes,Chaenopsidae,Yellowfin Fringehead,Uncommon
Channel Islands National Park,Fish,Perciformes,Chaenopsidae,Onespot Fringehead,Unknown
Channel Islands National Park,Fish,Perciformes,Chaetodontidae,Scythe Butterflyfish,Occasional
Channel Islands National Park,Fish,Perciformes,Clinidae,None,nan
Channel Islands National Park,Fish,Perciformes,Clinidae,Spotted Kelpfish,Uncommon
Channel Islands National Park,Fish,Perciformes,Clinidae,Crevice Kelpfish,Uncommon
Channel Islands National Park,Fish,Perciformes,Clinidae,Striped Kelpfish,Uncommon
Channel Islands National Park,Fish,Perciformes,Clinidae,Giant Kelpfish,Common
Channel Islands National Park,Fish,Perciformes,Embiotocidae,Barred Surfperch,Common
Channel Islands National Park,Fish,Perciformes,Embiotocidae,Calico Surfperch,Unknown
Channel Islands National Park,Fish,Perciformes,Embiotocidae,Kelp Perch,Common
Channel Islands National Park,Fish,Perciformes,Embiotocidae,Shiner Perches,nan
Channel Islands National Park,Fish,Perciformes,Embiotocidae,Shiner Perch,Abundant
Channel Islands National Park,Fish,Perciformes,Embiotocidae,None,nan
Channel Islands National Park,Fish,Perciformes,Embiotocidae,Black Perch,Abundant
Channel Islands National Park,Fish,Perciformes,Embiotocidae,Striped Seaperch,Abundant
Channel Islands National Park,Fish,Perciformes,Embiotocidae,Spotfin Surfperch,Unknown
Channel Islands National Park,Fish,Perciformes,Embiotocidae,Walleye Surfperch,Uncommon
Channel Islands National Park,Fish,Perciformes,Embiotocidae,Silver Surfperch,Uncommon
Channel Islands National Park,Fish,Perciformes,Embiotocidae,Rainbow Seaperch,Common
Channel Islands National Park,Fish,Perciformes,Embiotocidae,Reef Perch,Rare
Channel Islands National Park,Fish,Perciformes,Embiotocidae,Dwarf Perch,Rare
Channel Islands National Park,Fish,Perciformes,Embiotocidae,Sharpnose Seaperch,Rare
Channel Islands National Park,Fish,Perciformes,Embiotocidae,White Seaperch,Uncommon
Channel Islands National Park,Fish,Perciformes,Embiotocidae,Rubberlip Seaperch,Common
Channel Islands National Park,Fish,Perciformes,Embiotocidae,Pile Perch,Common
Channel Islands National Park,Fish,Perciformes,Embiotocidae,Pink Seaperch,Rare
Channel Islands National Park,Fish,Perciformes,Gobiesocidae,Lined Clingfish,Rare
Channel Islands National Park,Fish,Perciformes,Gobiesocidae,Northern Clingfish,Uncommon
Channel Islands National Park,Fish,Perciformes,Gobiesocidae,California Clingfish,Rare
Channel Islands National Park,Fish,Perciformes,Gobiesocidae,None,nan
Channel Islands National Park,Fish,Perciformes,Gobiesocidae,Slender Clingfish,Rare
Channel Islands National Park,Fish,Perciformes,Gobiesocidae,Kelp Clingfish,Rare
Channel Islands National Park,Fish,Perciformes,Gobiidae,Tidewater Goby,nan
Channel Islands National Park,Fish,Perciformes,Gobiidae,Bay Goby,Unknown
Channel Islands National Park,Fish,Perciformes,Gobiidae,Halfblind Goby,Occasional
Channel Islands National Park,Fish,Perciformes,Gobiidae,Bluebanded Goby,Uncommon
Channel Islands National Park,Fish,Perciformes,Gobiidae,Zebra Goby,Uncommon
Channel Islands National Park,Fish,Perciformes,Gobiidae,Blackeye Goby,Abundant
Channel Islands National Park,Fish,Perciformes,Gobiidae,Blind Goby,Rare
Channel Islands National Park,Fish,Perciformes,Icosteidae,Ragfish,Unknown
Channel Islands National Park,Fish,Perciformes,Istiophoridae,Striped Marlin,Rare
Channel Islands National Park,Fish,Perciformes,Kyphosidae,Opaleye,Abundant
Channel Islands National Park,Fish,Perciformes,Kyphosidae,Zebra Perch,Rare
Channel Islands National Park,Fish,Perciformes,Kyphosidae,Halfmoon,Common
Channel Islands National Park,Fish,Perciformes,Labridae,Rock Wrasse,Uncommon
Channel Islands National Park,Fish,Perciformes,Labridae,Se_Orita,Abundant
Channel Islands National Park,Fish,Perciformes,Labridae,California Sheephead,Abundant
Channel Islands National Park,Fish,Perciformes,Labrisomidae,Island Kelpfish,Common
Channel Islands National Park,Fish,Perciformes,Labrisomidae,Deepwater Blenny,Rare
Channel Islands National Park,Fish,Perciformes,Labrisomidae,Reef Finspot,Unknown
Channel Islands National Park,Fish,Perciformes,Malacanthidae,Ocean Whitefish,Uncommon
Channel Islands National Park,Fish,Perciformes,Pholidae,Rockweed Gunnel,Unknown
Channel Islands National Park,Fish,Perciformes,Pholidae,Kelp Gunnel,Unknown
Channel Islands National Park,Fish,Perciformes,Polyprionidae,Giant Sea Bass,Uncommon
Channel Islands National Park,Fish,Perciformes,Pomacentridae,Swallowtail Damselfish,Occasional
Channel Islands National Park,Fish,Perciformes,Pomacentridae,Blacksmith,Abundant
Channel Islands National Park,Fish,Perciformes,Pomacentridae,Garibaldi,Common
Channel Islands National Park,Fish,Perciformes,Sciaenidae,White Seabass,Uncommon
Channel Islands National Park,Fish,Perciformes,Sciaenidae,Black Croaker,Rare
Channel Islands National Park,Fish,Perciformes,Sciaenidae,Spotfin Croaker,Unknown
Channel Islands National Park,Fish,Perciformes,Sciaenidae,Queenfish,Unknown
Channel Islands National Park,Fish,Perciformes,Scombridae,Pacific Bonito,Uncommon
Channel Islands National Park,Fish,Perciformes,Scombridae,Pacific Chub Mackerel,Uncommon
Channel Islands National Park,Fish,Perciformes,Serranidae,Kelp Bass,Abundant
Channel Islands National Park,Fish,Perciformes,Serranidae,Spotted Sand Bass,Occasional
Channel Islands National Park,Fish,Perciformes,Serranidae,Barred Sand Bass,Rare
Channel Islands National Park,Fish,Perciformes,Sphyraenidae,Pacific Barracuda,Uncommon
Channel Islands National Park,Fish,Perciformes,Stichaeidae,High Cockscomb,Unknown
Channel Islands National Park,Fish,Perciformes,Stichaeidae,Monkeyface Prickleback,Uncommon
Channel Islands National Park,Fish,Perciformes,Stichaeidae,Mosshead Warbonnet,Unknown
Channel Islands National Park,Fish,Perciformes,Stichaeidae,Masked Prickleback,Unknown
Channel Islands National Park,Fish,Perciformes,Stichaeidae,Threeline Prickleback,Unknown
Channel Islands National Park,Fish,Perciformes,Stichaeidae,Twoline Prickleback,Unknown
Channel Islands National Park,Fish,Perciformes,Stichaeidae,Crisscross Prickleback,Unknown
Channel Islands National Park,Fish,Perciformes,Stichaeidae,Black Prickleback,Uncommon
Channel Islands National Park,Fish,Perciformes,Trichiuridae,Pacific Scabbardfish,Unknown
Channel Islands National Park,Fish,Perciformes,Uranoscopidae,Smooth Stargazer,Unknown
Channel Islands National Park,Fish,Perciformes,Xiphiidae,Swordfish,Unknown
Channel Islands National Park,Fish,Perciformes,Zoarcidae,Bigfin Eelpout,Unknown
Channel Islands National Park,Fish,Pleuronectiformes,Bothidae,"Lefteye Flounders, Lefteyed Flounders",nan
Channel Islands National Park,Fish,Pleuronectiformes,Cynoglossidae,Rock Sole,Unknown
Channel Islands National Park,Fish,Pleuronectiformes,Cynoglossidae,California Tonguefish,Unknown
Channel Islands National Park,Fish,Pleuronectiformes,Paralichthyidae,"Sanddabs, Whiffs",nan
Channel Islands National Park,Fish,Pleuronectiformes,Paralichthyidae,Gulf Sanddab,Unknown
Channel Islands National Park,Fish,Pleuronectiformes,Paralichthyidae,Pacific Sanddab,Unknown
Channel Islands National Park,Fish,Pleuronectiformes,Paralichthyidae,Speckled Sanddab,Unknown
Channel Islands National Park,Fish,Pleuronectiformes,Paralichthyidae,Longfin Sanddab,Unknown
Channel Islands National Park,Fish,Pleuronectiformes,Paralichthyidae,Bigmouth Sole,Unknown
Channel Islands National Park,Fish,Pleuronectiformes,Paralichthyidae,California Halibut,Unknown
Channel Islands National Park,Fish,Pleuronectiformes,Paralichthyidae,Fantail Sole,Unknown
Channel Islands National Park,Fish,Pleuronectiformes,Pleuronectidae,Petrale Sole,Uncommon
Channel Islands National Park,Fish,Pleuronectiformes,Pleuronectidae,Rex Sole,Uncommon
Channel Islands National Park,Fish,Pleuronectiformes,Pleuronectidae,Rock Sole,Unknown
Channel Islands National Park,Fish,Pleuronectiformes,Pleuronectidae,Slender Sole,Unknown
Channel Islands National Park,Fish,Pleuronectiformes,Pleuronectidae,Dover Sole,Uncommon
Channel Islands National Park,Fish,Pleuronectiformes,Pleuronectidae,English Sole,Uncommon
Channel Islands National Park,Fish,Pleuronectiformes,Pleuronectidae,Starry Flounder,Uncommon
Channel Islands National Park,Fish,Pleuronectiformes,Pleuronectidae,C-O Sole,Uncommon
Channel Islands National Park,Fish,Pleuronectiformes,Pleuronectidae,Curlfin Turbot,Uncommon
Channel Islands National Park,Fish,Pleuronectiformes,Pleuronectidae,Diamond Turbot,Rare
Channel Islands National Park,Fish,Pleuronectiformes,Pleuronectidae,Spotted Turbot,Unknown
Channel Islands National Park,Fish,Pleuronectiformes,Pleuronectidae,Hornyhead Turbot,Uncommon
Channel Islands National Park,Fish,Rajiformes,Rajidae,Big Skate,Unknown
Channel Islands National Park,Fish,Rajiformes,Rajidae,California Skate,Unknown
Channel Islands National Park,Fish,Rajiformes,Rajidae,Longnose Skate,Unknown
Channel Islands National Park,Fish,Rajiformes,Rajidae,Starry Skate,Unknown
Channel Islands National Park,Fish,Rhinobatiformes,Platyrhinidae,Thornback,Uncommon
Channel Islands National Park,Fish,Rhinobatiformes,Rhinobatidae,Shovelnose Guitarfish,Rare
Channel Islands National Park,Fish,Scorpaeniformes,Agonidae,Southern Spearnose Poacher,Unknown
Channel Islands National Park,Fish,Scorpaeniformes,Agonidae,Pygmy Poacher,Unknown
Channel Islands National Park,Fish,Scorpaeniformes,Agonidae,Blacktip Poacher,Unknown
Channel Islands National Park,Fish,Scorpaeniformes,Agonidae,Bluespotted Poacher,Unknown
Channel Islands National Park,Fish,Scorpaeniformes,Anoplopomatidae,Sablefish,Unknown
Channel Islands National Park,Fish,Scorpaeniformes,Cottidae,Coralline Sculpin,Common
Channel Islands National Park,Fish,Scorpaeniformes,Cottidae,Scalyhead Sculpin,Unknown
Channel Islands National Park,Fish,Scorpaeniformes,Cottidae,Smoothhead Sculpin,Unknown
Channel Islands National Park,Fish,Scorpaeniformes,Cottidae,Bonyhead Sculpin,nan
Channel Islands National Park,Fish,Scorpaeniformes,Cottidae,Roughback Sculpin,Unknown
Channel Islands National Park,Fish,Scorpaeniformes,Cottidae,Woolly Sculpin,Common
Channel Islands National Park,Fish,Scorpaeniformes,Cottidae,Calico Sculpin,Unknown
Channel Islands National Park,Fish,Scorpaeniformes,Cottidae,Mosshead Sculpin,Unknown
Channel Islands National Park,Fish,Scorpaeniformes,Cottidae,Bald Sculpin,Unknown
Channel Islands National Park,Fish,Scorpaeniformes,Cottidae,"Bullheads, Scaleless Sculpins, Sculpins",nan
Channel Islands National Park,Fish,Scorpaeniformes,Cottidae,Bull Sculpin,Unknown
Channel Islands National Park,Fish,Scorpaeniformes,Cottidae,Brown Irish Lord,Unknown
Channel Islands National Park,Fish,Scorpaeniformes,Cottidae,Pit-Head Sculpin,Unknown
Channel Islands National Park,Fish,Scorpaeniformes,Cottidae,Threadfin Sculpin,Unknown
Channel Islands National Park,Fish,Scorpaeniformes,Cottidae,Yellowchin Sculpin,Unknown
Channel Islands National Park,Fish,Scorpaeniformes,Cottidae,Spotfin Sculpin,Unknown
Channel Islands National Park,Fish,Scorpaeniformes,Cottidae,Lavender Sculpin,Uncommon
Channel Islands National Park,Fish,Scorpaeniformes,Cottidae,Rosy Sculpin,Unknown
Channel Islands National Park,Fish,Scorpaeniformes,Cottidae,Fluffy Sculpin,Unknown
Channel Islands National Park,Fish,Scorpaeniformes,Cottidae,Snubnose Sculpin,Common
Channel Islands National Park,Fish,Scorpaeniformes,Cottidae,Darter Sculpin,Unknown
Channel Islands National Park,Fish,Scorpaeniformes,Cottidae,Smoothgum Sculpin,Unknown
Channel Islands National Park,Fish,Scorpaeniformes,Cottidae,Roughcheek Sculpin,Uncommon
Channel Islands National Park,Fish,Scorpaeniformes,Cottidae,Cabezon,Common
Channel Islands National Park,Fish,Scorpaeniformes,Hemitripteridae,Sailfin Sculpin,Unknown
Channel Islands National Park,Fish,Scorpaeniformes,Hexagrammidae,Kelp Greenling,Occasional
Channel Islands National Park,Fish,Scorpaeniformes,Hexagrammidae,Lingcod,Common
Channel Islands National Park,Fish,Scorpaeniformes,Hexagrammidae,Painted Greenling,Abundant
Channel Islands National Park,Fish,Scorpaeniformes,Hexagrammidae,Shortspine Combfish,Uncommon
Channel Islands National Park,Fish,Scorpaeniformes,Hexagrammidae,Longspine Combfish,Uncommon
Channel Islands National Park,Fish,Scorpaeniformes,Liparidae,Slimy Snailfish,Rare
Channel Islands National Park,Fish,Scorpaeniformes,Liparidae,Showy Snailfish,Rare
Channel Islands National Park,Fish,Scorpaeniformes,Scorpaenidae,California Scorpionfish,Common
Channel Islands National Park,Fish,Scorpaeniformes,Scorpaenidae,Rainbow Scorpionfish,Occasional
Channel Islands National Park,Fish,Scorpaeniformes,Scorpaenidae,"Rockcod, Rockfishes, Rosefishes",nan
Channel Islands National Park,Fish,Scorpaeniformes,Scorpaenidae,Kelp Rockfish,Abundant
Channel Islands National Park,Fish,Scorpaeniformes,Scorpaenidae,Brown Rockfish,Uncommon
Channel Islands National Park,Fish,Scorpaeniformes,Scorpaenidae,Redbanded Rockfish,Unknown
Channel Islands National Park,Fish,Scorpaeniformes,Scorpaenidae,Gopher Rockfish,Uncommon
Channel Islands National Park,Fish,Scorpaeniformes,Scorpaenidae,Copper Rockfish,Uncommon
Channel Islands National Park,Fish,Scorpaeniformes,Scorpaenidae,Greenspotted Rockfish,Unknown
Channel Islands National Park,Fish,Scorpaeniformes,Scorpaenidae,Black-And-Yellow Rockfish,Uncommon
Channel Islands National Park,Fish,Scorpaeniformes,Scorpaenidae,Starry Rockfish,Rare
Channel Islands National Park,Fish,Scorpaeniformes,Scorpaenidae,Calico Rockfish,Unknown
Channel Islands National Park,Fish,Scorpaeniformes,Scorpaenidae,Splitnose Rockfish,Unknown
Channel Islands National Park,Fish,Scorpaeniformes,Scorpaenidae,Widow Rockfish,Unknown
Channel Islands National Park,Fish,Scorpaeniformes,Scorpaenidae,Pink Rockfish,Unknown
Channel Islands National Park,Fish,Scorpaeniformes,Scorpaenidae,Yellowtail Rockfish,Occasional
Channel Islands National Park,Fish,Scorpaeniformes,Scorpaenidae,Chilipepper,Common
Channel Islands National Park,Fish,Scorpaeniformes,Scorpaenidae,Rosethorn Rockfish,Unknown
Channel Islands National Park,Fish,Scorpaeniformes,Scorpaenidae,Squarespot Rockfish,Unknown
Channel Islands National Park,Fish,Scorpaeniformes,Scorpaenidae,Shortbelly Rockfish,Unknown
Channel Islands National Park,Fish,Scorpaeniformes,Scorpaenidae,Cowcod,Rare
Channel Islands National Park,Fish,Scorpaeniformes,Scorpaenidae,Mexican Rockfish,Occasional
Channel Islands National Park,Fish,Scorpaeniformes,Scorpaenidae,Quillback Rockfish,Occasional
Channel Islands National Park,Fish,Scorpaeniformes,Scorpaenidae,Black Rockfish,Rare
Channel Islands National Park,Fish,Scorpaeniformes,Scorpaenidae,Blackgill Rockfish,Unknown
Channel Islands National Park,Fish,Scorpaeniformes,Scorpaenidae,Vermilion Rockfish,Uncommon
Channel Islands National Park,Fish,Scorpaeniformes,Scorpaenidae,Blue Rockfish,Common
Channel Islands National Park,Fish,Scorpaeniformes,Scorpaenidae,China Rockfish,Occasional
Channel Islands National Park,Fish,Scorpaeniformes,Scorpaenidae,Speckled Rockfish,Unknown
Channel Islands National Park,Fish,Scorpaeniformes,Scorpaenidae,Bocaccio,Uncommon
Channel Islands National Park,Fish,Scorpaeniformes,Scorpaenidae,Canary Rockfish,Occasional
Channel Islands National Park,Fish,Scorpaeniformes,Scorpaenidae,Grass Rockfish,Uncommon
Channel Islands National Park,Fish,Scorpaeniformes,Scorpaenidae,Rosy Rockfish,Unknown
Channel Islands National Park,Fish,Scorpaeniformes,Scorpaenidae,Greenblotched Rockfish,Unknown
Channel Islands National Park,Fish,Scorpaeniformes,Scorpaenidae,Flag Rockfish,Rare
Channel Islands National Park,Fish,Scorpaeniformes,Scorpaenidae,Stripetail Rockfish,Unknown
Channel Islands National Park,Fish,Scorpaeniformes,Scorpaenidae,Halfbanded Rockfish,Unknown
Channel Islands National Park,Fish,Scorpaeniformes,Scorpaenidae,Olive Rockfish,Uncommon
Channel Islands National Park,Fish,Scorpaeniformes,Scorpaenidae,Treefish,Uncommon
Channel Islands National Park,Fish,Scorpaeniformes,Scorpaenidae,Whitebelly Rockfish,Unknown
Channel Islands National Park,Fish,Scorpaeniformes,Scorpaenidae,Shortspine Thornyhead,Unknown
Channel Islands National Park,Fish,Scorpaeniformes,Scorpaenidae,Longspine Thornyhead,Unknown
Channel Islands National Park,Fish,Squaliformes,Squalidae,Spiny Dogfish,Rare
Channel Islands National Park,Fish,Squatiniformes,Squatinidae,Pacific Angel Shark,Uncommon
Channel Islands National Park,Fish,Stomiiformes,Gonostomatidae,Showy Bristlemouth,Unknown
Channel Islands National Park,Fish,Stomiiformes,Sternoptychidae,Spurred Hatchetfish,Unknown
Channel Islands National Park,Fish,Stomiiformes,Sternoptychidae,Silvery Hatchetfish,Unknown
Channel Islands National Park,Fish,Stomiiformes,Sternoptychidae,Bigeye Lightfish,Unknown
Channel Islands National Park,Fish,Stomiiformes,Stomiidae,Shiny Loosejaw,Unknown
Channel Islands National Park,Fish,Stomiiformes,Stomiidae,None,Unknown
Channel Islands National Park,Fish,Stomiiformes,Stomiidae,None,Unknown
Channel Islands National Park,Fish,Tetraodontiformes,Balistidae,Finescale Triggerfish,Occasional
Channel Islands National Park,Fish,Tetraodontiformes,Diodontidae,Spotfin Burrfish,Occasional
Channel Islands National Park,Fish,Tetraodontiformes,Molidae,Ocean Sunfish,Uncommon
Channel Islands National Park,Fish,Tetraodontiformes,Ostraciidae,Spiny Boxfish,Occasional
Channel Islands National Park,Fish,Torpediniformes,Torpedinidae,Pacific Electric Ray,Uncommon
Channel Islands National Park,Vascular Plant,nan,nan,None,Unknown
Channel Islands National Park,Vascular Plant,nan,nan,None,Rare
Channel Islands National Park,Vascular Plant,nan,nan,None,Rare
Channel Islands National Park,Vascular Plant,Alismatales,Araceae,Duckweed,Unknown
Channel Islands National Park,Vascular Plant,Alismatales,Araceae,Calla Lily,Rare
Channel Islands National Park,Vascular Plant,Alismatales,Potamogetonaceae,Fennel-Leaf Pondweed,Rare
Channel Islands National Park,Vascular Plant,Alismatales,Potamogetonaceae,Horned Pondweed,Rare
Channel Islands National Park,Vascular Plant,Alismatales,Ruppiaceae,Ditch Grass,Uncommon
Channel Islands National Park,Vascular Plant,Alismatales,Zosteraceae,Surf-Grass,Common
Channel Islands National Park,Vascular Plant,Alismatales,Zosteraceae,Surf-Grass,Common
Channel Islands National Park,Vascular Plant,Alismatales,Zosteraceae,Eel-Grass,Uncommon
Channel Islands National Park,Vascular Plant,Alismatales,Zosteraceae,Eel-Grass,Uncommon
Channel Islands National Park,Vascular Plant,Apiales,Apiaceae,Wild Celery,Uncommon
Channel Islands National Park,Vascular Plant,Apiales,Apiaceae,Celery,Rare
Channel Islands National Park,Vascular Plant,Apiales,Apiaceae,Cut-Leaved Water Parsnip,Rare
Channel Islands National Park,Vascular Plant,Apiales,Apiaceae,"Hairy Bowlesia, Hoary Bowlesia",Uncommon
Channel Islands National Park,Vascular Plant,Apiales,Apiaceae,Poison Hemlock,Uncommon
Channel Islands National Park,Vascular Plant,Apiales,Apiaceae,Rattlesnake Weed,Common
Channel Islands National Park,Vascular Plant,Apiales,Apiaceae,Fennel,Common
Channel Islands National Park,Vascular Plant,Apiales,Apiaceae,Caraway-Leaf Lomatium,Common
Channel Islands National Park,Vascular Plant,Apiales,Apiaceae,Common Lomatium,Unknown
Channel Islands National Park,Vascular Plant,Apiales,Apiaceae,Sharp-Toothed Snakeroot,Common
Channel Islands National Park,Vascular Plant,Apiales,Apiaceae,Hoffmann's Snakeroot,Uncommon
Channel Islands National Park,Vascular Plant,Apiales,Apiaceae,"Canada Hedgeparsley, Hedge Parsley, Hedgeparsley, Spreading Hedgeparsley",Rare
Channel Islands National Park,Vascular Plant,Apiales,Apiaceae,Knotted Hedge-Parsley,Uncommon
Channel Islands National Park,Vascular Plant,Apiales,Apiaceae,California Hedge-Parsley,Uncommon
Channel Islands National Park,Vascular Plant,Arecales,Arecaceae,California Fan Palm,Rare
Channel Islands National Park,Vascular Plant,Asparagales,Amaryllidaceae,Pitted Onion,Rare
Channel Islands National Park,Vascular Plant,Asparagales,Amaryllidaceae,Early Onion,Uncommon
Channel Islands National Park,Vascular Plant,Asparagales,Amaryllidaceae,Naked Lady,Rare
Channel Islands National Park,Vascular Plant,Asparagales,Amaryllidaceae,Jonquil,Rare
Channel Islands National Park,Vascular Plant,Asparagales,Asparagaceae,Century Plant,Uncommon
Channel Islands National Park,Vascular Plant,Asparagales,Asparagaceae,Golden Stars,Uncommon
Channel Islands National Park,Vascular Plant,Asparagales,Asparagaceae,Dwarf Brodiaea,Uncommon
Channel Islands National Park,Vascular Plant,Asparagales,Asparagaceae,Soap Plant,Rare
Channel Islands National Park,Vascular Plant,Asparagales,Asparagaceae,"Blue Dicks, Wild Hyacinth",Common
Channel Islands National Park,Vascular Plant,Asparagales,Asparagaceae,White Triteleia,Rare
Channel Islands National Park,Vascular Plant,Asparagales,Iridaceae,African Cornflag,Rare
Channel Islands National Park,Vascular Plant,Asparagales,Iridaceae,Iris,nan
Channel Islands National Park,Vascular Plant,Asparagales,Iridaceae,Blue-Eyed Grass,Common
Channel Islands National Park,Vascular Plant,Asparagales,Orchidaceae,Stream Orchid,Rare
Channel Islands National Park,Vascular Plant,Asparagales,Orchidaceae,Rein Orchid,Uncommon
Channel Islands National Park,Vascular Plant,Asparagales,Orchidaceae,Michael's Rein Orchid,Rare
Channel Islands National Park,Vascular Plant,Asterales,Asteraceae,Yarrow,Common
Channel Islands National Park,Vascular Plant,Asterales,Asteraceae,Blow Wives,Uncommon
Channel Islands National Park,Vascular Plant,Asterales,Asteraceae,Sacapellote,Uncommon
Channel Islands National Park,Vascular Plant,Asterales,Asteraceae,Seaside Dandelion,Unknown
Channel Islands National Park,Vascular Plant,Asterales,Asteraceae,Large-Flowered Mountain-Dandelion,Uncommon
Channel Islands National Park,Vascular Plant,Asterales,Asteraceae,Mountain-Dandelion,Unknown
Channel Islands National Park,Vascular Plant,Asterales,Asteraceae,Pineapple Weed,Uncommon
Channel Islands National Park,Vascular Plant,Asterales,Asteraceae,Annual Burweed,nan
Channel Islands National Park,Vascular Plant,Asterales,Asteraceae,Beachbur,Uncommon
Channel Islands National Park,Vascular Plant,Asterales,Asteraceae,Western Ragweed,Unknown
Channel Islands National Park,Vascular Plant,Asterales,Asteraceae,Mayweed,Rare
Channel Islands National Park,Vascular Plant,Asterales,Asteraceae,Burdock,nan
Channel Islands National Park,Vascular Plant,Asterales,Asteraceae,Coastal Sagebrush,Abundant
Channel Islands National Park,Vascular Plant,Asterales,Asteraceae,Mugwort,Uncommon
Channel Islands National Park,Vascular Plant,Asterales,Asteraceae,Island Sagebrush,Rare
Channel Islands National Park,Vascular Plant,Asterales,Asteraceae,Common California Aster,Rare
Channel Islands National Park,Vascular Plant,Asterales,Asteraceae,Rough-Leaved Aster,Uncommon
Channel Islands National Park,Vascular Plant,Asterales,Asteraceae,Slim Aster,Uncommon
Channel Islands National Park,Vascular Plant,Asterales,Asteraceae,Sticky Baccharis,Uncommon
Channel Islands National Park,Vascular Plant,Asterales,Asteraceae,Emory's Baccharis,Unknown
Channel Islands National Park,Vascular Plant,Asterales,Asteraceae,Coyote Brush,Abundant
Channel Islands National Park,Vascular Plant,Asterales,Asteraceae,Plummer's Baccharis,Uncommon
Channel Islands National Park,Vascular Plant,Asterales,Asteraceae,Seep-Willow,Common
Channel Islands National Park,Vascular Plant,Asterales,Asteraceae,Common Stickyseed,Rare
Channel Islands National Park,Vascular Plant,Asterales,Asteraceae,California Boneset,Uncommon
Channel Islands National Park,Vascular Plant,Asterales,Asteraceae,Italian Thistle,Common
Channel Islands National Park,Vascular Plant,Asterales,Asteraceae,Tocalote,Abundant
Channel Islands National Park,Vascular Plant,Asterales,Asteraceae,Yellow Star Thistle,Common
Channel Islands National Park,Vascular Plant,Asterales,Asteraceae,Pincushion Flower,Rare
Channel Islands National Park,Vascular Plant,Asterales,Asteraceae,Pineapple Weed,Uncommon
Channel Islands National Park,Vascular Plant,Asterales,Asteraceae,Crown Daisy,Rare
Channel Islands National Park,Vascular Plant,Asterales,Asteraceae,Chicory,Uncommon
Channel Islands National Park,Vascular Plant,Asterales,Asteraceae,Indian Thistle,Uncommon
Channel Islands National Park,Vascular Plant,Asterales,Asteraceae,Cobwebby Thistle,Uncommon
Channel Islands National Park,Vascular Plant,Asterales,Asteraceae,California Thistle,Uncommon
Channel Islands National Park,Vascular Plant,Asterales,Asteraceae,Cobwebby Thistle,Uncommon
Channel Islands National Park,Vascular Plant,Asterales,Asteraceae,Red Thistle,Unknown
Channel Islands National Park,Vascular Plant,Asterales,Asteraceae,Beaumont Thistle,Rare
Channel Islands National Park,Vascular Plant,Asterales,Asteraceae,Bull Thistle,Uncommon
Channel Islands National Park,Vascular Plant,Asterales,Asteraceae,Blessed Thistle,Rare
Channel Islands National Park,Vascular Plant,Asterales,Asteraceae,Flaxed-Leaved Fleabane,Uncommon
Channel Islands National Park,Vascular Plant,Asterales,Asteraceae,Horseweed,Uncommon
Channel Islands National Park,Vascular Plant,Asterales,Asteraceae,Coulter's Conyza,Unknown
Channel Islands National Park,Vascular Plant,Asterales,Asteraceae,Giant Coreopsis,Common
Channel Islands National Park,Vascular Plant,Asterales,Asteraceae,Australian Brass Buttons,Common
Channel Islands National Park,Vascular Plant,Asterales,Asteraceae,Brass Buttons,Uncommon
Channel Islands National Park,Vascular Plant,Asterales,Asteraceae,Bush Sunflower,Uncommon
Channel Islands National Park,Vascular Plant,Asterales,Asteraceae,Australasian Fireweed,Uncommon
Channel Islands National Park,Vascular Plant,Asterales,Asteraceae,"Goldenbush, Heath Goldenrod, Heathgoldenrod",nan
Channel Islands National Park,Vascular Plant,Asterales,Asteraceae,Mock Heather,Rare
Channel Islands National Park,Vascular Plant,Asterales,Asteraceae,Fleabane,Uncommon
Channel Islands National Park,Vascular Plant,Asterales,Asteraceae,Fleabane,Uncommon
Channel Islands National Park,Vascular Plant,Asterales,Asteraceae,Fleabane,Uncommon
Channel Islands National Park,Vascular Plant,Asterales,Asteraceae,Seaside Daisy,Uncommon
Channel Islands National Park,Vascular Plant,Asterales,Asteraceae,Saint's Daisy,Rare
Channel Islands National Park,Vascular Plant,Asterales,Asteraceae,Golden Yarrow,Common
Channel Islands National Park,Vascular Plant,Asterales,Asteraceae,Silver Lace,Rare
Channel Islands National Park,Vascular Plant,Asterales,Asteraceae,Seaside Woolly Sunflower,Uncommon
Channel Islands National Park,Vascular Plant,Asterales,Asteraceae,Western Goldenrod,Unknown
Channel Islands National Park,Vascular Plant,Asterales,Asteraceae,Arizona Cottonrose,Rare
Channel Islands National Park,Vascular Plant,Asterales,Asteraceae,"California Cottonrose, California Fluffweed",Common
Channel Islands National Park,Vascular Plant,Asterales,Asteraceae,Narrow Leaved Filago,Common
Channel Islands National Park,Vascular Plant,Asterales,Asteraceae,Bicolored Everlasting,Common
Channel Islands National Park,Vascular Plant,Asterales,Asteraceae,Green Everlasting,Common
Channel Islands National Park,Vascular Plant,Asterales,Asteraceae,Fragrant Everlasting,Rare
Channel Islands National Park,Vascular Plant,Asterales,Asteraceae,White Everlasting,Common
Channel Islands National Park,Vascular Plant,Asterales,Asteraceae,Weedy Cudweed,Uncommon
Channel Islands National Park,Vascular Plant,Asterales,Asteraceae,Lowland Cudweed,Uncommon
Channel Islands National Park,Vascular Plant,Asterales,Asteraceae,Purple Cudweed,Uncommon
Channel Islands National Park,Vascular Plant,Asterales,Asteraceae,Pink Everlasting,Uncommon
Channel Islands National Park,Vascular Plant,Asterales,Asteraceae,Cotton-Batting,Uncommon
Channel Islands National Park,Vascular Plant,Asterales,Asteraceae,Gumplant,Uncommon
Channel Islands National Park,Vascular Plant,Asterales,Asteraceae,Hairy Gumweed,Unknown
Channel Islands National Park,Vascular Plant,Asterales,Asteraceae,Oregon Gumweed,Unknown
Channel Islands National Park,Vascular Plant,Asterales,Asteraceae,Northern Island Hazardia,Common
Channel Islands National Park,Vascular Plant,Asterales,Asteraceae,Saw-Toothed Goldenbush,Uncommon
Channel Islands National Park,Vascular Plant,Asterales,Asteraceae,Common Sunflower,Rare
Channel Islands National Park,Vascular Plant,Asterales,Asteraceae,Island Tarweed,Uncommon
Channel Islands National Park,Vascular Plant,Asterales,Asteraceae,Common Tarweed,Uncommon
Channel Islands National Park,Vascular Plant,Asterales,Asteraceae,Fitch's Tarweed,Uncommon
Channel Islands National Park,Vascular Plant,Asterales,Asteraceae,Tarweed,Uncommon
Channel Islands National Park,Vascular Plant,Asterales,Asteraceae,Erect Dwarf-Cudweed,Unknown
Channel Islands National Park,Vascular Plant,Asterales,Asteraceae,Telegraph Weed,Uncommon
Channel Islands National Park,Vascular Plant,Asterales,Asteraceae,Hawkweed,Uncommon
Channel Islands National Park,Vascular Plant,Asterales,Asteraceae,Smooth Cat's Ear,Common
Channel Islands National Park,Vascular Plant,Asterales,Asteraceae,Coastal Goldenbush,Uncommon
Channel Islands National Park,Vascular Plant,Asterales,Asteraceae,Prostrate Coastal Goldenbush,Uncommon
Channel Islands National Park,Vascular Plant,Asterales,Asteraceae,Coastal Goldenbush,Uncommon
Channel Islands National Park,Vascular Plant,Asterales,Asteraceae,Marsh Jaumea,Uncommon
Channel Islands National Park,Vascular Plant,Asterales,Asteraceae,Willow Lettuce,Uncommon
Channel Islands National Park,Vascular Plant,Asterales,Asteraceae,Prickly Lettuce,Uncommon
Channel Islands National Park,Vascular Plant,Asterales,Asteraceae,Goldfields,Common
Channel Islands National Park,Vascular Plant,Asterales,Asteraceae,Coulter's Goldfields,Rare
Channel Islands National Park,Vascular Plant,Asterales,Asteraceae,Tidytips,Common
Channel Islands National Park,Vascular Plant,Asterales,Asteraceae,Scale Broom,Uncommon
Channel Islands National Park,Vascular Plant,Asterales,Asteraceae,Cudweed-Aster,Common
Channel Islands National Park,Vascular Plant,Asterales,Asteraceae,Thread-Stem Tarweed,Uncommon
Channel Islands National Park,Vascular Plant,Asterales,Asteraceae,Slender Tarweed,Uncommon
Channel Islands National Park,Vascular Plant,Asterales,Asteraceae,Coast Tarweed,Uncommon
Channel Islands National Park,Vascular Plant,Asterales,Asteraceae,Cleveland's Chicory,Unknown
Channel Islands National Park,Vascular Plant,Asterales,Asteraceae,Snake's Head,Rare
Channel Islands National Park,Vascular Plant,Asterales,Asteraceae,Anacapa Island Chicory,Rare
Channel Islands National Park,Vascular Plant,Asterales,Asteraceae,"Philbrick's Chicory, Santa Barbara Island Chicory",Rare
Channel Islands National Park,Vascular Plant,Asterales,Asteraceae,"Dune Malacothrix, Dunedelion",Uncommon
Channel Islands National Park,Vascular Plant,Asterales,Asteraceae,"Santa Cruz Island Desertdandelion, Santa Cruz Island Malocothrix",Rare
Channel Islands National Park,Vascular Plant,Asterales,Asteraceae,Junak's Island Chicory,Rare
Channel Islands National Park,Vascular Plant,Asterales,Asteraceae,Cliff-Aster,Common
Channel Islands National Park,Vascular Plant,Asterales,Asteraceae,Twin Desertdandelion,Rare
Channel Islands National Park,Vascular Plant,Asterales,Asteraceae,Island Malacothrix,Rare
Channel Islands National Park,Vascular Plant,Asterales,Asteraceae,Pineapple Weed,nan
Channel Islands National Park,Vascular Plant,Asterales,Asteraceae,Slender Cottonweed,Common
Channel Islands National Park,Vascular Plant,Asterales,Asteraceae,Douglas' Silverpuffs,Unknown
Channel Islands National Park,Vascular Plant,Asterales,Asteraceae,Douglas' Silverpuffs,Uncommon
Channel Islands National Park,Vascular Plant,Asterales,Asteraceae,Elegant Silverpuffs,Uncommon
Channel Islands National Park,Vascular Plant,Asterales,Asteraceae,Shrubby Daisybush,Rare
Channel Islands National Park,Vascular Plant,Asterales,Asteraceae,Emory's Rock Daisy,Uncommon
Channel Islands National Park,Vascular Plant,Asterales,Asteraceae,Bristly Ox-Tongue,Rare
Channel Islands National Park,Vascular Plant,Asterales,Asteraceae,Salt Marsh Fleabane,Uncommon
Channel Islands National Park,Vascular Plant,Asterales,Asteraceae,Slender Woolly-Heads,Common
Channel Islands National Park,Vascular Plant,Asterales,Asteraceae,California Chicory,Uncommon
Channel Islands National Park,Vascular Plant,Asterales,Asteraceae,"California Groundsel, Rayless Ragwort",Rare
Channel Islands National Park,Vascular Plant,Asterales,Asteraceae,Bush Groundsel,Common
Channel Islands National Park,Vascular Plant,Asterales,Asteraceae,German-Ivy,Rare
Channel Islands National Park,Vascular Plant,Asterales,Asteraceae,Common Groundsel,Common
Channel Islands National Park,Vascular Plant,Asterales,Asteraceae,Milk Thistle,Common
Channel Islands National Park,Vascular Plant,Asterales,Asteraceae,California Goldenrod,Uncommon
Channel Islands National Park,Vascular Plant,Asterales,Asteraceae,Prickly Sow-Thistle,Common
Channel Islands National Park,Vascular Plant,Asterales,Asteraceae,Common Sow-Thistle,Common
Channel Islands National Park,Vascular Plant,Asterales,Asteraceae,Slender Sow-Thistle,Uncommon
Channel Islands National Park,Vascular Plant,Asterales,Asteraceae,"Grassland Silverpuffs, Silverpuffs",Uncommon
Channel Islands National Park,Vascular Plant,Asterales,Asteraceae,Tejon Milk-Aster,Uncommon
Channel Islands National Park,Vascular Plant,Asterales,Asteraceae,San Diego Milk-Aster,Uncommon
Channel Islands National Park,Vascular Plant,Asterales,Asteraceae,Milk-Aster,Uncommon
Channel Islands National Park,Vascular Plant,Asterales,Asteraceae,Tall Milk-Aster,Uncommon
Channel Islands National Park,Vascular Plant,Asterales,Asteraceae,Everlasting Nest-Straw,Uncommon
Channel Islands National Park,Vascular Plant,Asterales,Asteraceae,Common Dandelion,Rare
Channel Islands National Park,Vascular Plant,Asterales,Asteraceae,Oyster Plant,Uncommon
Channel Islands National Park,Vascular Plant,Asterales,Asteraceae,Silver Puffs,Common
Channel Islands National Park,Vascular Plant,Asterales,Asteraceae,Canyon Sunflower,Uncommon
Channel Islands National Park,Vascular Plant,Asterales,Asteraceae,Spiny Clotbur,Uncommon
Channel Islands National Park,Vascular Plant,Asterales,Asteraceae,Cocklebur,Rare
Channel Islands National Park,Vascular Plant,Asterales,Campanulaceae,Southern Blue-Cup,Uncommon
Channel Islands National Park,Vascular Plant,Asterales,Campanulaceae,Venus' Looking Glass,Uncommon
Channel Islands National Park,Vascular Plant,Boraginales,Boraginaceae,Common Fiddleneck,Common
Channel Islands National Park,Vascular Plant,Boraginales,Boraginaceae,Small Flowered Fiddleneck,Uncommon
Channel Islands National Park,Vascular Plant,Boraginales,Boraginaceae,Seaside Fiddleneck,Uncommon
Channel Islands National Park,Vascular Plant,Boraginales,Boraginaceae,Common Cryptantha,Common
Channel Islands National Park,Vascular Plant,Boraginales,Boraginaceae,Coastal Cryptantha,Unknown
Channel Islands National Park,Vascular Plant,Boraginales,Boraginaceae,Guadalupe Island Cryptantha,Uncommon
Channel Islands National Park,Vascular Plant,Boraginales,Boraginaceae,Small-Flowered Cryptantha,Uncommon
Channel Islands National Park,Vascular Plant,Boraginales,Boraginaceae,Prickly Cryptantha,Rare
Channel Islands National Park,Vascular Plant,Boraginales,Boraginaceae,Slender Comb-Seed,Common
Channel Islands National Park,Vascular Plant,Boraginales,Boraginaceae,Winged Comb-Seed,Rare
Channel Islands National Park,Vascular Plant,Boraginales,Boraginaceae,Adobe Popcorn Flower,Rare
Channel Islands National Park,Vascular Plant,Boraginales,Boraginaceae,Valley Popcorn Flower,Uncommon
Channel Islands National Park,Vascular Plant,Boraginales,Boraginaceae,Califonria Popcorn Flower,Uncommon
Channel Islands National Park,Vascular Plant,Boraginales,Heliotropiaceae,Heliotrope,Uncommon
Channel Islands National Park,Vascular Plant,Boraginales,Hydrophyllaceae,Whispering Bells,Uncommon
Channel Islands National Park,Vascular Plant,Boraginales,Hydrophyllaceae,Spotted Hideseed,Uncommon
Channel Islands National Park,Vascular Plant,Boraginales,Hydrophyllaceae,"Littlefoot Blue-Eyes, Littlefoot Nemophila",Uncommon
Channel Islands National Park,Vascular Plant,Boraginales,Hydrophyllaceae,Caterpillar Phacelia,Common
Channel Islands National Park,Vascular Plant,Boraginales,Hydrophyllaceae,Caterpillar Phacelia,Uncommon
Channel Islands National Park,Vascular Plant,Boraginales,Hydrophyllaceae,"Distant Phacelia, Distant Scorpion-Weed",Uncommon
Channel Islands National Park,Vascular Plant,Boraginales,Hydrophyllaceae,Large-Flowered Phacelia,Rare
Channel Islands National Park,Vascular Plant,Boraginales,Hydrophyllaceae,Northern Island Phacelia,Rare
Channel Islands National Park,Vascular Plant,Boraginales,Hydrophyllaceae,"Branched Scorpion-Weed, Branching Phacelia",Uncommon
Channel Islands National Park,Vascular Plant,Boraginales,Hydrophyllaceae,Branching Phacelia,Uncommon
Channel Islands National Park,Vascular Plant,Boraginales,Hydrophyllaceae,Branching Phacelia,Unknown
Channel Islands National Park,Vascular Plant,Boraginales,Hydrophyllaceae,Sticky Phacelia,Uncommon
Channel Islands National Park,Vascular Plant,Boraginales,Hydrophyllaceae,Fiesta Flower,Uncommon
Channel Islands National Park,Vascular Plant,Boraginales,Hydrophyllaceae,White Fiesta Flower,Uncommon
Channel Islands National Park,Vascular Plant,Brassicales,Brassicaceae,Tower Mustard,Rare
Channel Islands National Park,Vascular Plant,Brassicales,Brassicaceae,Hoffman's Rockcress,Rare
Channel Islands National Park,Vascular Plant,Brassicales,Brassicaceae,"Common Sandweed, Dwarf Anthysanus",Uncommon
Channel Islands National Park,Vascular Plant,Brassicales,Brassicaceae,Black Mustard,Common
Channel Islands National Park,Vascular Plant,Brassicales,Brassicaceae,Field Mustard,Uncommon
Channel Islands National Park,Vascular Plant,Brassicales,Brassicaceae,Sea Rocket,Uncommon
Channel Islands National Park,Vascular Plant,Brassicales,Brassicaceae,Sea Rocket,Uncommon
Channel Islands National Park,Vascular Plant,Brassicales,Brassicaceae,Shepherd's Purse,Common
Channel Islands National Park,Vascular Plant,Brassicales,Brassicaceae,Milk Maids,Uncommon
Channel Islands National Park,Vascular Plant,Brassicales,Brassicaceae,Bitter Cress,Rare
Channel Islands National Park,Vascular Plant,Brassicales,Brassicaceae,Hoary Cress,Uncommon
Channel Islands National Park,Vascular Plant,Brassicales,Brassicaceae,Tansy Mustard,Uncommon
Channel Islands National Park,Vascular Plant,Brassicales,Brassicaceae,Beach Spectacle Pod,Rare
Channel Islands National Park,Vascular Plant,Brassicales,Brassicaceae,"Wedgeleaf Draba, Wedgeleaf Whitlowgrass",Rare
Channel Islands National Park,Vascular Plant,Brassicales,Brassicaceae,Coast Wallflower,Uncommon
Channel Islands National Park,Vascular Plant,Brassicales,Brassicaceae,Island Wallflower,Rare
Channel Islands National Park,Vascular Plant,Brassicales,Brassicaceae,California Mustard,Uncommon
Channel Islands National Park,Vascular Plant,Brassicales,Brassicaceae,Short-Podded Mustard,Common
Channel Islands National Park,Vascular Plant,Brassicales,Brassicaceae,"Ovalpurse, Prostrate Hutchinsia",Uncommon
Channel Islands National Park,Vascular Plant,Brassicales,Brassicaceae,Dwarf Peppergrass,Uncommon
Channel Islands National Park,Vascular Plant,Brassicales,Brassicaceae,Shining Peppergrass,Common
Channel Islands National Park,Vascular Plant,Brassicales,Brassicaceae,Lentejilla,Uncommon
Channel Islands National Park,Vascular Plant,Brassicales,Brassicaceae,Robinson's Peppergrass,Uncommon
Channel Islands National Park,Vascular Plant,Brassicales,Brassicaceae,Sweet Alyssum,Rare
Channel Islands National Park,Vascular Plant,Brassicales,Brassicaceae,Jointed Charlock,Uncommon
Channel Islands National Park,Vascular Plant,Brassicales,Brassicaceae,Wild Radish,Uncommon
Channel Islands National Park,Vascular Plant,Brassicales,Brassicaceae,Water Cress,Rare
Channel Islands National Park,Vascular Plant,Brassicales,Brassicaceae,Island Rock Cress,Rare
Channel Islands National Park,Vascular Plant,Brassicales,Brassicaceae,Charlock,Uncommon
Channel Islands National Park,Vascular Plant,Brassicales,Brassicaceae,London Rocket,Uncommon
Channel Islands National Park,Vascular Plant,Brassicales,Brassicaceae,Hedge Mustard,Common
Channel Islands National Park,Vascular Plant,Brassicales,Brassicaceae,"Indian Hedgemustard, Indian Hedge-Mustard, Oriental Hedgemustard",Unknown
Channel Islands National Park,Vascular Plant,Brassicales,Brassicaceae,Santa Cruz Island Lace Pod,Rare
Channel Islands National Park,Vascular Plant,Brassicales,Brassicaceae,Hairy Lace Pod,Rare
Channel Islands National Park,Vascular Plant,Brassicales,Brassicaceae,Narrow-Leaved Lace Pod,Common
Channel Islands National Park,Vascular Plant,Brassicales,Cleomaceae,Bladderpod,Common
Channel Islands National Park,Vascular Plant,Brassicales,Resedaceae,Oligomeris,Uncommon
Channel Islands National Park,Vascular Plant,Brassicales,Tropaeolaceae,Garden Nasturtium,Rare
Channel Islands National Park,Vascular Plant,Caryophyllales,Aizoaceae,Baby Sun Rose,Rare
Channel Islands National Park,Vascular Plant,Caryophyllales,Aizoaceae,Sea-Fig,Uncommon
Channel Islands National Park,Vascular Plant,Caryophyllales,Aizoaceae,Hottentot Fig,Rare
Channel Islands National Park,Vascular Plant,Caryophyllales,Aizoaceae,"Coppery Mesemb, Crocea Iceplant",Abundant
Channel Islands National Park,Vascular Plant,Caryophyllales,Aizoaceae,Crystalline Iceplant,Common
Channel Islands National Park,Vascular Plant,Caryophyllales,Aizoaceae,Small-Flowered Iceplant,Uncommon
Channel Islands National Park,Vascular Plant,Caryophyllales,Aizoaceae,New Zealand Spinach,Rare
Channel Islands National Park,Vascular Plant,Caryophyllales,Amaranthaceae,Tumbleweed,Uncommon
Channel Islands National Park,Vascular Plant,Caryophyllales,Amaranthaceae,Prostrate Pigweed,Uncommon
Channel Islands National Park,Vascular Plant,Caryophyllales,Amaranthaceae,Low Amaranth,Rare
Channel Islands National Park,Vascular Plant,Caryophyllales,Amaranthaceae,"Powell's Amaranth, Powell's Pigweed",Rare
Channel Islands National Park,Vascular Plant,Caryophyllales,Amaranthaceae,Aphanisma,Rare
Channel Islands National Park,Vascular Plant,Caryophyllales,Amaranthaceae,Silverscale,Rare
Channel Islands National Park,Vascular Plant,Caryophyllales,Amaranthaceae,California Saltbush,Common
Channel Islands National Park,Vascular Plant,Caryophyllales,Amaranthaceae,Coulter's Saltbush,Rare
Channel Islands National Park,Vascular Plant,Caryophyllales,Amaranthaceae,Brewer's Saltbush,Uncommon
Channel Islands National Park,Vascular Plant,Caryophyllales,Amaranthaceae,Seascale,Uncommon
Channel Islands National Park,Vascular Plant,Caryophyllales,Amaranthaceae,Southcoast Saltscale,Rare
Channel Islands National Park,Vascular Plant,Caryophyllales,Amaranthaceae,Australian Saltbush,Common
Channel Islands National Park,Vascular Plant,Caryophyllales,Amaranthaceae,"Bracted Saltweed, Bractscale",Rare
Channel Islands National Park,Vascular Plant,Caryophyllales,Amaranthaceae,Davidson's Bractscale,Rare
Channel Islands National Park,Vascular Plant,Caryophyllales,Amaranthaceae,Bractscale,Rare
Channel Islands National Park,Vascular Plant,Caryophyllales,Amaranthaceae,"Spear-Leaved Salt Bush, Spearscale",Uncommon
Channel Islands National Park,Vascular Plant,Caryophyllales,Amaranthaceae,Matscale,Uncommon
Channel Islands National Park,Vascular Plant,Caryophyllales,Amaranthaceae,Beet,Rare
Channel Islands National Park,Vascular Plant,Caryophyllales,Amaranthaceae,"Epazote, Mexican Tea",Common
Channel Islands National Park,Vascular Plant,Caryophyllales,Amaranthaceae,Pitseed Goosefoot,Uncommon
Channel Islands National Park,Vascular Plant,Caryophyllales,Amaranthaceae,Soap Root,Common
Channel Islands National Park,Vascular Plant,Caryophyllales,Amaranthaceae,Cutleaf Goosefoot,Uncommon
Channel Islands National Park,Vascular Plant,Caryophyllales,Amaranthaceae,Nettle-Leaf Goosefoot,Uncommon
Channel Islands National Park,Vascular Plant,Caryophyllales,Amaranthaceae,"Nuttall's Monolepis, Nuttall's Povertyweed, Nuttall's Poverty-Weed, Patata, Patota",Rare
Channel Islands National Park,Vascular Plant,Caryophyllales,Amaranthaceae,Parish's Glasswort,Rare
Channel Islands National Park,Vascular Plant,Caryophyllales,Amaranthaceae,Pickleweed,Rare
Channel Islands National Park,Vascular Plant,Caryophyllales,Amaranthaceae,"Russian Thistle, Tumbleweed",Uncommon
Channel Islands National Park,Vascular Plant,Caryophyllales,Amaranthaceae,Sea Blite,Uncommon
Channel Islands National Park,Vascular Plant,Caryophyllales,Cactaceae,None,Uncommon
Channel Islands National Park,Vascular Plant,Caryophyllales,Cactaceae,Mission Cactus,Rare
Channel Islands National Park,Vascular Plant,Caryophyllales,Cactaceae,Coastal Prickly Pear,Common
Channel Islands National Park,Vascular Plant,Caryophyllales,Cactaceae,Tall Prickly Pear,Common
Channel Islands National Park,Vascular Plant,Caryophyllales,Cactaceae,Coastal Prickly Pear,Uncommon
Channel Islands National Park,Vascular Plant,Caryophyllales,Caryophyllaceae,Sandmat,Uncommon
Channel Islands National Park,Vascular Plant,Caryophyllales,Caryophyllaceae,Mouse-Eared Chickweed,Common
Channel Islands National Park,Vascular Plant,Caryophyllales,Caryophyllaceae,Hairy Rupturewort,Uncommon
Channel Islands National Park,Vascular Plant,Caryophyllales,Caryophyllaceae,Douglas' Sandwort,Rare
Channel Islands National Park,Vascular Plant,Caryophyllales,Caryophyllaceae,California Polycarpon,Rare
Channel Islands National Park,Vascular Plant,Caryophyllales,Caryophyllaceae,Four-Leaved All-Seed,Rare
Channel Islands National Park,Vascular Plant,Caryophyllales,Caryophyllaceae,Dwarf Pearlwort,Rare
Channel Islands National Park,Vascular Plant,Caryophyllales,Caryophyllaceae,Western Pearlwort,Uncommon
Channel Islands National Park,Vascular Plant,Caryophyllales,Caryophyllaceae,Sleepy Catchfly,Uncommon
Channel Islands National Park,Vascular Plant,Caryophyllales,Caryophyllaceae,Windmill Pink,Common
Channel Islands National Park,Vascular Plant,Caryophyllales,Caryophyllaceae,Indian Pink,Common
Channel Islands National Park,Vascular Plant,Caryophyllales,Caryophyllaceae,Manynerve Catchfly,Rare
Channel Islands National Park,Vascular Plant,Caryophyllales,Caryophyllaceae,"Corn-Spurrey, Starwort",Rare
Channel Islands National Park,Vascular Plant,Caryophyllales,Caryophyllaceae,Sand Spurry,Uncommon
Channel Islands National Park,Vascular Plant,Caryophyllales,Caryophyllaceae,Sand Spurrey,Common
Channel Islands National Park,Vascular Plant,Caryophyllales,Caryophyllaceae,Salt Marsh Sand Spurry,Uncommon
Channel Islands National Park,Vascular Plant,Caryophyllales,Caryophyllaceae,Hairy Sand Spurry,Uncommon
Channel Islands National Park,Vascular Plant,Caryophyllales,Caryophyllaceae,Common Chickweed,Abundant
Channel Islands National Park,Vascular Plant,Caryophyllales,Caryophyllaceae,Shining Chickweed,Uncommon
Channel Islands National Park,Vascular Plant,Caryophyllales,Frankeniaceae,"Alkali Heath, Yerba Reuma",Uncommon
Channel Islands National Park,Vascular Plant,Caryophyllales,Montiaceae,Brewer's Calandrinia,Rare
Channel Islands National Park,Vascular Plant,Caryophyllales,Montiaceae,Red Maids,Uncommon
Channel Islands National Park,Vascular Plant,Caryophyllales,Montiaceae,Seaside Calandrinia,Uncommon
Channel Islands National Park,Vascular Plant,Caryophyllales,Montiaceae,Pussypaws,Rare
Channel Islands National Park,Vascular Plant,Caryophyllales,Montiaceae,Miner's Lettuce,Uncommon
Channel Islands National Park,Vascular Plant,Caryophyllales,Montiaceae,Miner's Lettuce,Common
Channel Islands National Park,Vascular Plant,Caryophyllales,Montiaceae,Miner's Lettuce,Rare
Channel Islands National Park,Vascular Plant,Caryophyllales,Montiaceae,Water Chickweed,Rare
Channel Islands National Park,Vascular Plant,Caryophyllales,Nyctaginaceae,Yellow Sand-Verbena,Rare
Channel Islands National Park,Vascular Plant,Caryophyllales,Nyctaginaceae,Sticky Sand-Verbena,Rare
Channel Islands National Park,Vascular Plant,Caryophyllales,Nyctaginaceae,Beach Sand-Verbena,Rare
Channel Islands National Park,Vascular Plant,Caryophyllales,Nyctaginaceae,Wishbone Bush,Uncommon
Channel Islands National Park,Vascular Plant,Caryophyllales,Plumbaginaceae,Sea-Thrift,Uncommon
Channel Islands National Park,Vascular Plant,Caryophyllales,Plumbaginaceae,"Perez's Sea Lavender, Perez's Sealavender",nan
Channel Islands National Park,Vascular Plant,Caryophyllales,Plumbaginaceae,Statice,Rare
Channel Islands National Park,Vascular Plant,Caryophyllales,Polygonaceae,Wheeler's Spine Flower,Common
Channel Islands National Park,Vascular Plant,Caryophyllales,Polygonaceae,Santa Cruz Island Buckwheat,Common
Channel Islands National Park,Vascular Plant,Caryophyllales,Polygonaceae,Ashyleaf Buckwheat,Rare
Channel Islands National Park,Vascular Plant,Caryophyllales,Polygonaceae,Santa Barbara Island Buckwheat,Rare
Channel Islands National Park,Vascular Plant,Caryophyllales,Polygonaceae,St. Catherine's Lace,Uncommon
Channel Islands National Park,Vascular Plant,Caryophyllales,Polygonaceae,Island Buckwheat,Common
Channel Islands National Park,Vascular Plant,Caryophyllales,Polygonaceae,Red Buckwheat,Uncommon
Channel Islands National Park,Vascular Plant,Caryophyllales,Polygonaceae,Leather Spineflower,Uncommon
Channel Islands National Park,Vascular Plant,Caryophyllales,Polygonaceae,Common Knotweed,Uncommon
Channel Islands National Park,Vascular Plant,Caryophyllales,Polygonaceae,Persian Knotweed,Uncommon
Channel Islands National Park,Vascular Plant,Caryophyllales,Polygonaceae,Willow Smartweed,Uncommon
Channel Islands National Park,Vascular Plant,Caryophyllales,Polygonaceae,Fairy Mist,Common
Channel Islands National Park,Vascular Plant,Caryophyllales,Polygonaceae,Sheep Sorrel,Uncommon
Channel Islands National Park,Vascular Plant,Caryophyllales,Polygonaceae,Green Dock,Unknown
Channel Islands National Park,Vascular Plant,Caryophyllales,Polygonaceae,Curly Dock,Common
Channel Islands National Park,Vascular Plant,Caryophyllales,Polygonaceae,Golden Dock,Unknown
Channel Islands National Park,Vascular Plant,Caryophyllales,Polygonaceae,Fiddle Dock,Common
Channel Islands National Park,Vascular Plant,Caryophyllales,Polygonaceae,Willow Dock,Uncommon
Channel Islands National Park,Vascular Plant,Caryophyllales,Portulacaceae,Common Purslane,Rare
Channel Islands National Park,Vascular Plant,Caryophyllales,Tamaricaceae,Athel,Rare
Channel Islands National Park,Vascular Plant,Caryophyllales,Tamaricaceae,Tamarisk,Rare
Channel Islands National Park,Vascular Plant,Caryophyllales,Tamaricaceae,Tamarisk,Rare
Channel Islands National Park,Vascular Plant,Cornales,Hydrangeaceae,Hydrangea,Rare
Channel Islands National Park,Vascular Plant,Cornales,Loasaceae,Hydra Stick-Leaf,Rare
Channel Islands National Park,Vascular Plant,Cornales,Loasaceae,Small-Flowered Stickleaf,Uncommon
Channel Islands National Park,Vascular Plant,Cucurbitales,Cucurbitaceae,Calabazilla,Rare
Channel Islands National Park,Vascular Plant,Cucurbitales,Cucurbitaceae,California Man-Root,Uncommon
Channel Islands National Park,Vascular Plant,Cucurbitales,Cucurbitaceae,Wild Cucumber,Common
Channel Islands National Park,Vascular Plant,Dipsacales,Adoxaceae,Elderberry,Rare
Channel Islands National Park,Vascular Plant,Dipsacales,Caprifoliaceae,California Honeysuckle,Uncommon
Channel Islands National Park,Vascular Plant,Dipsacales,Caprifoliaceae,Chaparral Honeysuckle,Rare
Channel Islands National Park,Vascular Plant,Dipsacales,Caprifoliaceae,Chaparral Honeysuckle,Rare
Channel Islands National Park,Vascular Plant,Dipsacales,Caprifoliaceae,Creeping Snowberry,Uncommon
Channel Islands National Park,Vascular Plant,Dipsacales,Valerianaceae,Red Valarian,Rare
Channel Islands National Park,Vascular Plant,Dipsacales,Valerianaceae,"Longspur Seablush, Long-Spur Seablush",Rare
Channel Islands National Park,Vascular Plant,Equisetales,Equisetaceae,Scouring Rush,Rare
Channel Islands National Park,Vascular Plant,Equisetales,Equisetaceae,Smooth Scouring Rush,Uncommon
Channel Islands National Park,Vascular Plant,Equisetales,Equisetaceae,Giant Horsetail,Uncommon
Channel Islands National Park,Vascular Plant,Ericales,Ericaceae,Madrone,Rare
Channel Islands National Park,Vascular Plant,Ericales,Ericaceae,Santa Rosa Island Manzanita,Common
Channel Islands National Park,Vascular Plant,Ericales,Ericaceae,Brittleleaf Manzanita,Unknown
Channel Islands National Park,Vascular Plant,Ericales,Ericaceae,"Island Manzanita, Island-Loving Manzanita",Common
Channel Islands National Park,Vascular Plant,Ericales,Ericaceae,Santa Cruz Island Manzanita,Abundant
Channel Islands National Park,Vascular Plant,Ericales,Ericaceae,Woollyleaf Manzanita,nan
Channel Islands National Park,Vascular Plant,Ericales,Ericaceae,Subcordate Manzanita,Common
Channel Islands National Park,Vascular Plant,Ericales,Ericaceae,Mcminn's Manzanita,Common
Channel Islands National Park,Vascular Plant,Ericales,Ericaceae,Summer Holly,Rare
Channel Islands National Park,Vascular Plant,Ericales,Ericaceae,California Huckleberry,Rare
Channel Islands National Park,Vascular Plant,Ericales,Polemoniaceae,Lavender Woollystar,Rare
Channel Islands National Park,Vascular Plant,Ericales,Polemoniaceae,California Gilia,Unknown
Channel Islands National Park,Vascular Plant,Ericales,Polemoniaceae,Chaparral Gilia,Uncommon
Channel Islands National Park,Vascular Plant,Ericales,Polemoniaceae,Ball Gilia,Rare
Channel Islands National Park,Vascular Plant,Ericales,Polemoniaceae,Many-Stemmed Gilia,Uncommon
Channel Islands National Park,Vascular Plant,Ericales,Polemoniaceae,Island Gilia,Rare
Channel Islands National Park,Vascular Plant,Ericales,Polemoniaceae,Hoffmann's Slender-Flowered Gilia,Rare
Channel Islands National Park,Vascular Plant,Ericales,Polemoniaceae,Fringed Linanthus,Uncommon
Channel Islands National Park,Vascular Plant,Ericales,Polemoniaceae,Common Linanthus,Uncommon
Channel Islands National Park,Vascular Plant,Ericales,Polemoniaceae,None,Common
Channel Islands National Park,Vascular Plant,Ericales,Primulaceae,Scarlet Pimpernel,Common
Channel Islands National Park,Vascular Plant,Ericales,Primulaceae,"Chaffweed, False Pimpernel",Unknown
Channel Islands National Park,Vascular Plant,Ericales,Primulaceae,Shooting Star,Uncommon
Channel Islands National Park,Vascular Plant,Ericales,Primulaceae,Water Pimpernel,Uncommon
Channel Islands National Park,Vascular Plant,Fabales,Fabaceae,Blackwood Acacia,Uncommon
Channel Islands National Park,Vascular Plant,Fabales,Fabaceae,Plume Acacia,Uncommon
Channel Islands National Park,Vascular Plant,Fabales,Fabaceae,Morro Milkvetch,Unknown
Channel Islands National Park,Vascular Plant,Fabales,Fabaceae,Common Dwarf Locoweed,Uncommon
Channel Islands National Park,Vascular Plant,Fabales,Fabaceae,Gambel's Dwarf Locoweed,Uncommon
Channel Islands National Park,Vascular Plant,Fabales,Fabaceae,San Miguel Island Locoweed,Uncommon
Channel Islands National Park,Vascular Plant,Fabales,Fabaceae,Trask's Locoweed,Rare
Channel Islands National Park,Vascular Plant,Fabales,Fabaceae,Southern California Locoweed,Uncommon
Channel Islands National Park,Vascular Plant,Fabales,Fabaceae,Wild Sweet Pea,Uncommon
Channel Islands National Park,Vascular Plant,Fabales,Fabaceae,Silver Lotus,Uncommon
Channel Islands National Park,Vascular Plant,Fabales,Fabaceae,Santa Cruz Island Silver Lotus,Common
Channel Islands National Park,Vascular Plant,Fabales,Fabaceae,Bird's Foot Trefoil,Rare
Channel Islands National Park,Vascular Plant,Fabales,Fabaceae,Island Deerweed,Common
Channel Islands National Park,Vascular Plant,Fabales,Fabaceae,Trask's Island Lotus,Rare
Channel Islands National Park,Vascular Plant,Fabales,Fabaceae,San Miguel Island Deerweed,Uncommon
Channel Islands National Park,Vascular Plant,Fabales,Fabaceae,Chaparral Lotus,Uncommon
Channel Islands National Park,Vascular Plant,Fabales,Fabaceae,Small-Flowered Lotus,Uncommon
Channel Islands National Park,Vascular Plant,Fabales,Fabaceae,San Diego Louts,Uncommon
Channel Islands National Park,Vascular Plant,Fabales,Fabaceae,Spanish Clover,Uncommon
Channel Islands National Park,Vascular Plant,Fabales,Fabaceae,Coastal Lotus,Uncommon
Channel Islands National Park,Vascular Plant,Fabales,Fabaceae,Bishop's Lotus,Common
Channel Islands National Park,Vascular Plant,Fabales,Fabaceae,Chilean Bird's-Foot Trefoil,Uncommon
Channel Islands National Park,Vascular Plant,Fabales,Fabaceae,Silver Lupine,Common
Channel Islands National Park,Vascular Plant,Fabales,Fabaceae,Coastal Bush Lupine,Uncommon
Channel Islands National Park,Vascular Plant,Fabales,Fabaceae,Dove Lupine,Common
Channel Islands National Park,Vascular Plant,Fabales,Fabaceae,Dune Lupine,Unknown
Channel Islands National Park,Vascular Plant,Fabales,Fabaceae,Bajada Lupine,Uncommon
Channel Islands National Park,Vascular Plant,Fabales,Fabaceae,Stinging Lupine,Uncommon
Channel Islands National Park,Vascular Plant,Fabales,Fabaceae,Small-Seeded Lupine,Uncommon
Channel Islands National Park,Vascular Plant,Fabales,Fabaceae,Succulent Lupine,Uncommon
Channel Islands National Park,Vascular Plant,Fabales,Fabaceae,Truncate Lupine,Uncommon
Channel Islands National Park,Vascular Plant,Fabales,Fabaceae,None,nan
Channel Islands National Park,Vascular Plant,Fabales,Fabaceae,Bur-Clover,Common
Channel Islands National Park,Vascular Plant,Fabales,Fabaceae,Alfalfa,Uncommon
Channel Islands National Park,Vascular Plant,Fabales,Fabaceae,White Sweet-Clover,Rare
Channel Islands National Park,Vascular Plant,Fabales,Fabaceae,Yellow Sweet-Clover,Common
Channel Islands National Park,Vascular Plant,Fabales,Fabaceae,Chaparral Pea,Rare
Channel Islands National Park,Vascular Plant,Fabales,Fabaceae,Pea,Rare
Channel Islands National Park,Vascular Plant,Fabales,Fabaceae,Black Locust,Uncommon
Channel Islands National Park,Vascular Plant,Fabales,Fabaceae,Spanish Broom,Rare
Channel Islands National Park,Vascular Plant,Fabales,Fabaceae,Rancheria Clover,Common
Channel Islands National Park,Vascular Plant,Fabales,Fabaceae,Bearded Clover,Unknown
Channel Islands National Park,Vascular Plant,Fabales,Fabaceae,Tree Clover,Uncommon
Channel Islands National Park,Vascular Plant,Fabales,Fabaceae,Dwarf Bladder Clover,Common
Channel Islands National Park,Vascular Plant,Fabales,Fabaceae,Bull Clover,Uncommon
Channel Islands National Park,Vascular Plant,Fabales,Fabaceae,Pinpoint Clover,Uncommon
Channel Islands National Park,Vascular Plant,Fabales,Fabaceae,Chilean Clover,Common
Channel Islands National Park,Vascular Plant,Fabales,Fabaceae,Small-Headed Clover,Common
Channel Islands National Park,Vascular Plant,Fabales,Fabaceae,"Whitetip Clover, White-Tip Clover",Common
Channel Islands National Park,Vascular Plant,Fabales,Fabaceae,Tomcat Clover,Uncommon
Channel Islands National Park,Vascular Plant,Fabales,Fabaceae,American Vetch,Uncommon
Channel Islands National Park,Vascular Plant,Fabales,Fabaceae,Purple Vetch,Rare
Channel Islands National Park,Vascular Plant,Fabales,Fabaceae,Hasse's Vetch,Uncommon
Channel Islands National Park,Vascular Plant,Fabales,Fabaceae,Slender Vetch,Uncommon
Channel Islands National Park,Vascular Plant,Fabales,Fabaceae,"Common Vetch, Garden Vetch, Narrowleaf Vetch, Tare",Uncommon
Channel Islands National Park,Vascular Plant,Fabales,Fabaceae,Narrow-Leaved Vetch,Uncommon
Channel Islands National Park,Vascular Plant,Fabales,Fabaceae,Spring Vetch,Uncommon
Channel Islands National Park,Vascular Plant,Fabales,Polygalaceae,California Milkwort,Uncommon
Channel Islands National Park,Vascular Plant,Fagales,Fagaceae,Coast Live Oak,Common
Channel Islands National Park,Vascular Plant,Fagales,Fagaceae,Canyon Live Oak,Uncommon
Channel Islands National Park,Vascular Plant,Fagales,Fagaceae,None,Unknown
Channel Islands National Park,Vascular Plant,Fagales,Fagaceae,Blue Oak,Uncommon
Channel Islands National Park,Vascular Plant,Fagales,Fagaceae,Nuttall's Scrub Oak,Rare
Channel Islands National Park,Vascular Plant,Fagales,Fagaceae,Engelmann Oak,Rare
Channel Islands National Park,Vascular Plant,Fagales,Fagaceae,California Black Oak,Rare
Channel Islands National Park,Vascular Plant,Fagales,Fagaceae,Valley Oak,Rare
Channel Islands National Park,Vascular Plant,Fagales,Fagaceae,Island Scrub Oak,Abundant
Channel Islands National Park,Vascular Plant,Fagales,Fagaceae,Santa Cruz Island Oak,Common
Channel Islands National Park,Vascular Plant,Fagales,Fagaceae,Island Oak,Uncommon
Channel Islands National Park,Vascular Plant,Fagales,Fagaceae,Macdonald Oak,Common
Channel Islands National Park,Vascular Plant,Fagales,Juglandaceae,English Walnut,Rare
Channel Islands National Park,Vascular Plant,Garryales,Garryaceae,Silk Tassel,Uncommon
Channel Islands National Park,Vascular Plant,Gentianales,Apocynaceae,Narrow-Leaf Milkweed,Common
Channel Islands National Park,Vascular Plant,Gentianales,Apocynaceae,Periwinkle,Uncommon
Channel Islands National Park,Vascular Plant,Gentianales,Gentianaceae,Centaury,Uncommon
Channel Islands National Park,Vascular Plant,Gentianales,Rubiaceae,Narrow-Leaved Bedstraw,Common
Channel Islands National Park,Vascular Plant,Gentianales,Rubiaceae,"Cleavers, Goose Grass",Common
Channel Islands National Park,Vascular Plant,Gentianales,Rubiaceae,Sea-Cliff Bedstraw,Rare
Channel Islands National Park,Vascular Plant,Gentianales,Rubiaceae,California Bedstraw,Uncommon
Channel Islands National Park,Vascular Plant,Gentianales,Rubiaceae,San Miguel Island Bedstraw,Unknown
Channel Islands National Park,Vascular Plant,Gentianales,Rubiaceae,Nuttall's Island Bedstraw,Common
Channel Islands National Park,Vascular Plant,Gentianales,Rubiaceae,Wall Bedstraw,Rare
Channel Islands National Park,Vascular Plant,Gentianales,Rubiaceae,Climbing Bedstraw,Uncommon
Channel Islands National Park,Vascular Plant,Geraniales,Geraniaceae,Broad-Leafed Filaree,Uncommon
Channel Islands National Park,Vascular Plant,Geraniales,Geraniaceae,Shortfruit Stork's Bill,Unknown
Channel Islands National Park,Vascular Plant,Geraniales,Geraniaceae,Red-Stem Filaree,Abundant
Channel Islands National Park,Vascular Plant,Geraniales,Geraniaceae,Big-Leaved Filaree,Rare
Channel Islands National Park,Vascular Plant,Geraniales,Geraniaceae,White-Stem Filaree,Uncommon
Channel Islands National Park,Vascular Plant,Geraniales,Geraniaceae,Carolina Cranesbill,Uncommon
Channel Islands National Park,Vascular Plant,Geraniales,Geraniaceae,Cut-Leaf Geranium,Uncommon
Channel Islands National Park,Vascular Plant,Geraniales,Geraniaceae,Geranium,Rare
Channel Islands National Park,Vascular Plant,Lamiales,Lamiaceae,Henbit,Rare
Channel Islands National Park,Vascular Plant,Lamiales,Lamiaceae,Fragrant Pitcher Sage,Rare
Channel Islands National Park,Vascular Plant,Lamiales,Lamiaceae,Horehound,Common
Channel Islands National Park,Vascular Plant,Lamiales,Lamiaceae,Spearmint,Rare
Channel Islands National Park,Vascular Plant,Lamiales,Lamiaceae,Brandegee's Sage,Uncommon
Channel Islands National Park,Vascular Plant,Lamiales,Lamiaceae,Chia,Uncommon
Channel Islands National Park,Vascular Plant,Lamiales,Lamiaceae,Purple Sage,Rare
Channel Islands National Park,Vascular Plant,Lamiales,Lamiaceae,Black Sage,Common
Channel Islands National Park,Vascular Plant,Lamiales,Lamiaceae,Yerba Buena,Rare
Channel Islands National Park,Vascular Plant,Lamiales,Lamiaceae,Skullcap,Uncommon
Channel Islands National Park,Vascular Plant,Lamiales,Lamiaceae,Bugle Hedgenettle,Unknown
Channel Islands National Park,Vascular Plant,Lamiales,Lamiaceae,Wood-Mint,Common
Channel Islands National Park,Vascular Plant,Lamiales,Oleaceae,Olive,Uncommon
Channel Islands National Park,Vascular Plant,Lamiales,Orobanchaceae,California Ground-Cone,Rare
Channel Islands National Park,Vascular Plant,Lamiales,Orobanchaceae,Red Paintbrush,Uncommon
Channel Islands National Park,Vascular Plant,Lamiales,Orobanchaceae,None,Rare
Channel Islands National Park,Vascular Plant,Lamiales,Orobanchaceae,Narrow-Leaved Owl's Clover,Rare
Channel Islands National Park,Vascular Plant,Lamiales,Orobanchaceae,Owl's Clover,Uncommon
Channel Islands National Park,Vascular Plant,Lamiales,Orobanchaceae,Purple Owl's Clover,Uncommon
Channel Islands National Park,Vascular Plant,Lamiales,Orobanchaceae,Island Paintbrush,Common
Channel Islands National Park,Vascular Plant,Lamiales,Orobanchaceae,Soft-Leaved Paintbrush,Rare
Channel Islands National Park,Vascular Plant,Lamiales,Orobanchaceae,Chaparral Broomrape,Uncommon
Channel Islands National Park,Vascular Plant,Lamiales,Orobanchaceae,California Broomrape,Rare
Channel Islands National Park,Vascular Plant,Lamiales,Orobanchaceae,Clustered Broomrape,Uncommon
Channel Islands National Park,Vascular Plant,Lamiales,Orobanchaceae,Shortlobed Broomrape,Uncommon
Channel Islands National Park,Vascular Plant,Lamiales,Orobanchaceae,Naked Broomrape,Uncommon
Channel Islands National Park,Vascular Plant,Lamiales,Phrymaceae,Island Monkeyflower,Common
Channel Islands National Park,Vascular Plant,Lamiales,Phrymaceae,Santa Cruz Island Monkey Flower,Rare
Channel Islands National Park,Vascular Plant,Lamiales,Phrymaceae,Scarlet Monkeyflower,Uncommon
Channel Islands National Park,Vascular Plant,Lamiales,Phrymaceae,Island Monkey Flower,Common
Channel Islands National Park,Vascular Plant,Lamiales,Phrymaceae,Many-Flowered Monkey Flower,Rare
Channel Islands National Park,Vascular Plant,Lamiales,Phrymaceae,Common Monkey Flower,Uncommon
Channel Islands National Park,Vascular Plant,Lamiales,Phrymaceae,Bush Monkey Flower,Common
Channel Islands National Park,Vascular Plant,Lamiales,Plantaginaceae,Climbing Snapdragon,Uncommon
Channel Islands National Park,Vascular Plant,Lamiales,Plantaginaceae,Sticky Snapdragon,Uncommon
Channel Islands National Park,Vascular Plant,Lamiales,Plantaginaceae,Nuttall's Snapdragon,Uncommon
Channel Islands National Park,Vascular Plant,Lamiales,Plantaginaceae,Chinese Houses,Rare
Channel Islands National Park,Vascular Plant,Lamiales,Plantaginaceae,Island Snapdragon,nan
Channel Islands National Park,Vascular Plant,Lamiales,Plantaginaceae,Climbing Penstemon,Uncommon
Channel Islands National Park,Vascular Plant,Lamiales,Plantaginaceae,Blue Toadflax,Uncommon
Channel Islands National Park,Vascular Plant,Lamiales,Plantaginaceae,Coastal Plantain,Rare
Channel Islands National Park,Vascular Plant,Lamiales,Plantaginaceae,California Plantain,Uncommon
Channel Islands National Park,Vascular Plant,Lamiales,Plantaginaceae,English Plantain,Uncommon
Channel Islands National Park,Vascular Plant,Lamiales,Plantaginaceae,Common Plantain,Uncommon
Channel Islands National Park,Vascular Plant,Lamiales,Plantaginaceae,Alkali Plantain,Rare
Channel Islands National Park,Vascular Plant,Lamiales,Plantaginaceae,Desert Indianwheat,Rare
Channel Islands National Park,Vascular Plant,Lamiales,Plantaginaceae,Tall Coastal Plantain,Rare
Channel Islands National Park,Vascular Plant,Lamiales,Plantaginaceae,Water Speedwell,Uncommon
Channel Islands National Park,Vascular Plant,Lamiales,Scrophulariaceae,Myoporum,Rare
Channel Islands National Park,Vascular Plant,Lamiales,Scrophulariaceae,California Figwort,Rare
Channel Islands National Park,Vascular Plant,Lamiales,Scrophulariaceae,Common Mullein,Common
Channel Islands National Park,Vascular Plant,Lamiales,Verbenaceae,"Bigbract Verbena, Bracted Vervain, Carpet Vervain, Prostrate Verbena, Prostrate Vervain",Rare
Channel Islands National Park,Vascular Plant,Lamiales,Verbenaceae,Verbena,Uncommon
Channel Islands National Park,Vascular Plant,Liliales,Liliaceae,Fairy Lanterns,Uncommon
Channel Islands National Park,Vascular Plant,Liliales,Liliaceae,Catalina Mariposa,Uncommon
Channel Islands National Park,Vascular Plant,Liliales,Liliaceae,Yellow Mariposa,Rare
Channel Islands National Park,Vascular Plant,Liliales,Liliaceae,Humboldt's Lily,Rare
Channel Islands National Park,Vascular Plant,Liliales,Melanthiaceae,"Chaparral Zygadene, Death-Camas",Uncommon
Channel Islands National Park,Vascular Plant,Malpighiales,Euphorbiaceae,Spotted Spurge,Rare
Channel Islands National Park,Vascular Plant,Malpighiales,Euphorbiaceae,"Dove Weed, Turkey Mullein",Common
Channel Islands National Park,Vascular Plant,Malpighiales,Euphorbiaceae,Cliff Spurge,Rare
Channel Islands National Park,Vascular Plant,Malpighiales,Euphorbiaceae,Petty Spurge,Uncommon
Channel Islands National Park,Vascular Plant,Malpighiales,Euphorbiaceae,Castor Bean,Rare
Channel Islands National Park,Vascular Plant,Malpighiales,Euphorbiaceae,"Narrowleaf Stillingia, Queen's-Root",Rare
Channel Islands National Park,Vascular Plant,Malpighiales,Salicaceae,Black Cottonwood,Rare
Channel Islands National Park,Vascular Plant,Malpighiales,Salicaceae,Fremont Cottonwood,Rare
Channel Islands National Park,Vascular Plant,Malpighiales,Salicaceae,Sand-Bar Willow,Uncommon
Channel Islands National Park,Vascular Plant,Malpighiales,Salicaceae,Red Willow,Uncommon
Channel Islands National Park,Vascular Plant,Malpighiales,Salicaceae,Arroyo Willow,Common
Channel Islands National Park,Vascular Plant,Malpighiales,Salicaceae,Yellow Willow,Rare
Channel Islands National Park,Vascular Plant,Malpighiales,Violaceae,Johnny Jump-Up,Common
Channel Islands National Park,Vascular Plant,Malvales,Cistaceae,Island Rush-Rose,Rare
Channel Islands National Park,Vascular Plant,Malvales,Cistaceae,Common Rush-Rose,Uncommon
Channel Islands National Park,Vascular Plant,Malvales,Malvaceae,Hollyhock,Uncommon
Channel Islands National Park,Vascular Plant,Malvales,Malvaceae,White Mallow,Rare
Channel Islands National Park,Vascular Plant,Malvales,Malvaceae,Northern Island Tree Mallow,Rare
Channel Islands National Park,Vascular Plant,Malvales,Malvaceae,Southern Island Tree Mallow,Rare
Channel Islands National Park,Vascular Plant,Malvales,Malvaceae,Crete Mallow,Common
Channel Islands National Park,Vascular Plant,Malvales,Malvaceae,Santa Cruz Island Bush Mallow,Rare
Channel Islands National Park,Vascular Plant,Malvales,Malvaceae,Bull Mallow,Uncommon
Channel Islands National Park,Vascular Plant,Malvales,Malvaceae,Cheeseweed,Common
Channel Islands National Park,Vascular Plant,Malvales,Malvaceae,Alkali Mallow,Rare
Channel Islands National Park,Vascular Plant,Malvales,Malvaceae,Checkerbloom,Common
Channel Islands National Park,Vascular Plant,Myrtales,Lythraceae,California Loosestrife,Rare
Channel Islands National Park,Vascular Plant,Myrtales,Lythraceae,Common Loosestrife,Uncommon
Channel Islands National Park,Vascular Plant,Myrtales,Myrtaceae,River Red Gum,Uncommon
Channel Islands National Park,Vascular Plant,Myrtales,Myrtaceae,Tasmanian Blue Gum,Uncommon
Channel Islands National Park,Vascular Plant,Myrtales,Myrtaceae,Red Iron Bark,Rare
Channel Islands National Park,Vascular Plant,Myrtales,Myrtaceae,Forest Red Gum,Uncommon
Channel Islands National Park,Vascular Plant,Myrtales,Onagraceae,Shredding Suncup,Rare
Channel Islands National Park,Vascular Plant,Myrtales,Onagraceae,Mustard Evening Primrose,Uncommon
Channel Islands National Park,Vascular Plant,Myrtales,Onagraceae,Beach Evening Primrose,Uncommon
Channel Islands National Park,Vascular Plant,Myrtales,Onagraceae,Santa Cruz Island Suncup,Rare
Channel Islands National Park,Vascular Plant,Myrtales,Onagraceae,Jurupa Hills Suncup,Rare
Channel Islands National Park,Vascular Plant,Myrtales,Onagraceae,Intermediate Suncup,Uncommon
Channel Islands National Park,Vascular Plant,Myrtales,Onagraceae,Small Evening-Primrose,Uncommon
Channel Islands National Park,Vascular Plant,Myrtales,Onagraceae,Robust Suncup,Rare
Channel Islands National Park,Vascular Plant,Myrtales,Onagraceae,"Sandysoil Suncup, Sandy-Soil Suncup",Unknown
Channel Islands National Park,Vascular Plant,Myrtales,Onagraceae,Davy's Clarkia,Unknown
Channel Islands National Park,Vascular Plant,Myrtales,Onagraceae,"Canyon Clarkia, Canyon Fairyfan",Common
Channel Islands National Park,Vascular Plant,Myrtales,Onagraceae,Prostrate Clarkia,Unknown
Channel Islands National Park,Vascular Plant,Myrtales,Onagraceae,Purple Godetia,Rare
Channel Islands National Park,Vascular Plant,Myrtales,Onagraceae,Elegant Clarkia,Rare
Channel Islands National Park,Vascular Plant,Myrtales,Onagraceae,"Autumn Willowherb, Autumn Willowweed, Tall Annual Willowherb",Rare
Channel Islands National Park,Vascular Plant,Myrtales,Onagraceae,California Fuchsia,Common
Channel Islands National Park,Vascular Plant,Myrtales,Onagraceae,California Fuchsia,Common
Channel Islands National Park,Vascular Plant,Myrtales,Onagraceae,California Fuchsia,Uncommon
Channel Islands National Park,Vascular Plant,Myrtales,Onagraceae,Willow-Herb,Common
Channel Islands National Park,Vascular Plant,Myrtales,Onagraceae,Gaura,Unknown
Channel Islands National Park,Vascular Plant,Myrtales,Onagraceae,Marsh-Purslane,Rare
Channel Islands National Park,Vascular Plant,Myrtales,Onagraceae,Hooker's Evening Primrose,Uncommon
Channel Islands National Park,Vascular Plant,Oxalidales,Oxalidaceae,California Wood-Sorrel,Rare
Channel Islands National Park,Vascular Plant,Oxalidales,Oxalidaceae,Creeping Wood-Sorrel,Rare
Channel Islands National Park,Vascular Plant,Oxalidales,Oxalidaceae,Bermuda Buttercup,Rare
Channel Islands National Park,Vascular Plant,Oxalidales,Oxalidaceae,Pink Wood-Sorrel,Rare
Channel Islands National Park,Vascular Plant,Pinales,Araucariaceae,Monkey Puzzle Tree,nan
Channel Islands National Park,Vascular Plant,Pinales,Cupressaceae,Monterey Cypress,Rare
Channel Islands National Park,Vascular Plant,Pinales,Pinaceae,Bishop Pine,Common
Channel Islands National Park,Vascular Plant,Pinales,Pinaceae,Stone Pine,Uncommon
Channel Islands National Park,Vascular Plant,Pinales,Pinaceae,Monterey Pine,nan
Channel Islands National Park,Vascular Plant,Pinales,Pinaceae,Santa Cruz Island Torrey Pine,Rare
Channel Islands National Park,Vascular Plant,Piperales,Saururaceae,Yerba Mansa,Rare
Channel Islands National Park,Vascular Plant,Poales,Cyperaceae,Cosmopolitan Bulrush,Rare
Channel Islands National Park,Vascular Plant,Poales,Cyperaceae,Santa Barbara Sedge,Rare
Channel Islands National Park,Vascular Plant,Poales,Cyperaceae,Round-Fruited Sedge,Common
Channel Islands National Park,Vascular Plant,Poales,Cyperaceae,Slender Sedge,Rare
Channel Islands National Park,Vascular Plant,Poales,Cyperaceae,Monterey Sedge,Rare
Channel Islands National Park,Vascular Plant,Poales,Cyperaceae,Sand Dune Sedge,Rare
Channel Islands National Park,Vascular Plant,Poales,Cyperaceae,Clustered Field Sedge,Rare
Channel Islands National Park,Vascular Plant,Poales,Cyperaceae,Rough Sedge,Rare
Channel Islands National Park,Vascular Plant,Poales,Cyperaceae,Smallbract Sedge,Rare
Channel Islands National Park,Vascular Plant,Poales,Cyperaceae,Triangularfruit Sedge,Rare
Channel Islands National Park,Vascular Plant,Poales,Cyperaceae,Foothill Sedge,Uncommon
Channel Islands National Park,Vascular Plant,Poales,Cyperaceae,Umbrella Sedge,Rare
Channel Islands National Park,Vascular Plant,Poales,Cyperaceae,"Fragrant Flatsedge, Rusty Flat Sedge",Unknown
Channel Islands National Park,Vascular Plant,Poales,Cyperaceae,"Needle Spikerush, Needle Spikesedge",Unknown
Channel Islands National Park,Vascular Plant,Poales,Cyperaceae,Pale Spikerush,Rare
Channel Islands National Park,Vascular Plant,Poales,Cyperaceae,Low Bulrush,Rare
Channel Islands National Park,Vascular Plant,Poales,Cyperaceae,"American Bulrush, Chairmaker's Bulrush, Olney Bulrush, Schoenoplectus",Rare
Channel Islands National Park,Vascular Plant,Poales,Cyperaceae,California Bulrush,Rare
Channel Islands National Park,Vascular Plant,Poales,Cyperaceae,Sharp Bulrush,Rare
Channel Islands National Park,Vascular Plant,Poales,Juncaceae,Wire Rush,Rare
Channel Islands National Park,Vascular Plant,Poales,Juncaceae,Toad Rush,Uncommon
Channel Islands National Park,Vascular Plant,Poales,Juncaceae,Bog Rush,Rare
Channel Islands National Park,Vascular Plant,Poales,Juncaceae,Mexican Rush,Uncommon
Channel Islands National Park,Vascular Plant,Poales,Juncaceae,Common Rush,Common
Channel Islands National Park,Vascular Plant,Poales,Juncaceae,Brown-Headed Rush,Uncommon
Channel Islands National Park,Vascular Plant,Poales,Juncaceae,Iris-Leaved Rush,Uncommon
Channel Islands National Park,Vascular Plant,Poales,Juncaceae,Common Wood Rush,Uncommon
Channel Islands National Park,Vascular Plant,Poales,Poaceae,San Diego Needlegrass,Common
Channel Islands National Park,Vascular Plant,Poales,Poaceae,Jointed Goatgrass,Rare
Channel Islands National Park,Vascular Plant,Poales,Poaceae,Bentgrass,Rare
Channel Islands National Park,Vascular Plant,Poales,Poaceae,Thingrass,Uncommon
Channel Islands National Park,Vascular Plant,Poales,Poaceae,"Carpet Bentgrass, Creeping Bent, Creeping Bentgrass, Redtop, Redtop Bent, Seaside Bentgrass, Spreading Bent",Rare
Channel Islands National Park,Vascular Plant,Poales,Poaceae,Water Bent,Uncommon
Channel Islands National Park,Vascular Plant,Poales,Poaceae,Bushy Beardgrass,Rare
Channel Islands National Park,Vascular Plant,Poales,Poaceae,Three-Awn,Uncommon
Channel Islands National Park,Vascular Plant,Poales,Poaceae,None,Uncommon
Channel Islands National Park,Vascular Plant,Poales,Poaceae,Giant Reed,Uncommon
Channel Islands National Park,Vascular Plant,Poales,Poaceae,Slender Wild Oats,Abundant
Channel Islands National Park,Vascular Plant,Poales,Poaceae,Wild Oats,Abundant
Channel Islands National Park,Vascular Plant,Poales,Poaceae,Cultivated Oats,Rare
Channel Islands National Park,Vascular Plant,Poales,Poaceae,False Brome,Uncommon
Channel Islands National Park,Vascular Plant,Poales,Poaceae,Arizona Brome,Rare
Channel Islands National Park,Vascular Plant,Poales,Poaceae,Chilean Chess,Rare
Channel Islands National Park,Vascular Plant,Poales,Poaceae,"California Brome, Mountain Brome",Common
Channel Islands National Park,Vascular Plant,Poales,Poaceae,California Brome,Common
Channel Islands National Park,Vascular Plant,Poales,Poaceae,Maritime Brome,Uncommon
Channel Islands National Park,Vascular Plant,Poales,Poaceae,Rescue Grass,Rare
Channel Islands National Park,Vascular Plant,Poales,Poaceae,Ripgut Brome,Abundant
Channel Islands National Park,Vascular Plant,Poales,Poaceae,Soft Chess,Common
Channel Islands National Park,Vascular Plant,Poales,Poaceae,Woodland Brome,Rare
Channel Islands National Park,Vascular Plant,Poales,Poaceae,"Red Brome, Madrid Brome",Abundant
Channel Islands National Park,Vascular Plant,Poales,Poaceae,Madrid Brome,Uncommon
Channel Islands National Park,Vascular Plant,Poales,Poaceae,Red Brome,Abundant
Channel Islands National Park,Vascular Plant,Poales,Poaceae,Roadside Brome,Rare
Channel Islands National Park,Vascular Plant,Poales,Poaceae,Pine Grass,Rare
Channel Islands National Park,Vascular Plant,Poales,Poaceae,Pampas Grass,Rare
Channel Islands National Park,Vascular Plant,Poales,Poaceae,Bermuda Grass,Uncommon
Channel Islands National Park,Vascular Plant,Poales,Poaceae,Orchard Grass,Unknown
Channel Islands National Park,Vascular Plant,Poales,Poaceae,Salt Grass,Common
Channel Islands National Park,Vascular Plant,Poales,Poaceae,"Panic Veldt Grass, Panic Veldtgrass",Unknown
Channel Islands National Park,Vascular Plant,Poales,Poaceae,Western Rye,Uncommon
Channel Islands National Park,Vascular Plant,Poales,Poaceae,Quack Grass,Rare
Channel Islands National Park,Vascular Plant,Poales,Poaceae,Meadow Fescue,Uncommon
Channel Islands National Park,Vascular Plant,Poales,Poaceae,Nit Grass,Uncommon
Channel Islands National Park,Vascular Plant,Poales,Poaceae,Thin Tail,Rare
Channel Islands National Park,Vascular Plant,Poales,Poaceae,Meadow Barley,Uncommon
Channel Islands National Park,Vascular Plant,Poales,Poaceae,Alkali Barley,Unknown
Channel Islands National Park,Vascular Plant,Poales,Poaceae,"Little Barley, Vernal Barley",Rare
Channel Islands National Park,Vascular Plant,Poales,Poaceae,Mediterranean Barley,Uncommon
Channel Islands National Park,Vascular Plant,Poales,Poaceae,Foxtail,Common
Channel Islands National Park,Vascular Plant,Poales,Poaceae,Foxtail,Common
Channel Islands National Park,Vascular Plant,Poales,Poaceae,Foxtail,Common
Channel Islands National Park,Vascular Plant,Poales,Poaceae,Cultivated Barley,Rare
Channel Islands National Park,Vascular Plant,Poales,Poaceae,June Grass,Uncommon
Channel Islands National Park,Vascular Plant,Poales,Poaceae,None,Rare
Channel Islands National Park,Vascular Plant,Poales,Poaceae,Golden Top,Common
Channel Islands National Park,Vascular Plant,Poales,Poaceae,Giant Rye,Common
Channel Islands National Park,Vascular Plant,Poales,Poaceae,Maritime Rye,Unknown
Channel Islands National Park,Vascular Plant,Poales,Poaceae,Alkali Rye,Uncommon
Channel Islands National Park,Vascular Plant,Poales,Poaceae,Italian Ryegrass,Common
Channel Islands National Park,Vascular Plant,Poales,Poaceae,English Ryegrass,Common
Channel Islands National Park,Vascular Plant,Poales,Poaceae,Darnel,Uncommon
Channel Islands National Park,Vascular Plant,Poales,Poaceae,Coast Range Melic,Common
Channel Islands National Park,Vascular Plant,Poales,Poaceae,Shoregrass,Unknown
Channel Islands National Park,Vascular Plant,Poales,Poaceae,Little-Seed Muhly,Uncommon
Channel Islands National Park,Vascular Plant,Poales,Poaceae,Nodding Needlegrass,Common
Channel Islands National Park,Vascular Plant,Poales,Poaceae,Foothill Needlegrass,Uncommon
Channel Islands National Park,Vascular Plant,Poales,Poaceae,Purple Needlegrass,Common
Channel Islands National Park,Vascular Plant,Poales,Poaceae,Sickle Grass,Uncommon
Channel Islands National Park,Vascular Plant,Poales,Poaceae,Knot Grass,Rare
Channel Islands National Park,Vascular Plant,Poales,Poaceae,Kikuyu Grass,Uncommon
Channel Islands National Park,Vascular Plant,Poales,Poaceae,Harding Grass,Uncommon
Channel Islands National Park,Vascular Plant,Poales,Poaceae,Carolina Canary Grass,Rare
Channel Islands National Park,Vascular Plant,Poales,Poaceae,Lemmon's Canary Grass,Rare
Channel Islands National Park,Vascular Plant,Poales,Poaceae,Mediterrancean Canary Grass,Uncommon
Channel Islands National Park,Vascular Plant,Poales,Poaceae,Hood Canary Grass,Rare
Channel Islands National Park,Vascular Plant,Poales,Poaceae,"Rice Grass, Smilo Grass",Uncommon
Channel Islands National Park,Vascular Plant,Poales,Poaceae,Annual Bluegrass,Uncommon
Channel Islands National Park,Vascular Plant,Poales,Poaceae,Maritime Bluegrass,Rare
Channel Islands National Park,Vascular Plant,Poales,Poaceae,Howell's Bluegrass,Rare
Channel Islands National Park,Vascular Plant,Poales,Poaceae,One-Sided Bluegrass,Uncommon
Channel Islands National Park,Vascular Plant,Poales,Poaceae,Ditch Beard Grass,Common
Channel Islands National Park,Vascular Plant,Poales,Poaceae,Rabbit's Foot Grass,Common
Channel Islands National Park,Vascular Plant,Poales,Poaceae,Mediterranean Grass,Rare
Channel Islands National Park,Vascular Plant,Poales,Poaceae,Bearded Mediterranean Grass,Uncommon
Channel Islands National Park,Vascular Plant,Poales,Poaceae,"Black Amber, Broomcorn, Broom-Corn, Chicken Corn, Shatter Cane, Shattercane, Sorghum, Wild Cane",Unknown
Channel Islands National Park,Vascular Plant,Poales,Poaceae,Brome Fescue,Common
Channel Islands National Park,Vascular Plant,Poales,Poaceae,Pacific Fescue,Uncommon
Channel Islands National Park,Vascular Plant,Poales,Poaceae,Foxtail Fescue,Common
Channel Islands National Park,Vascular Plant,Poales,Poaceae,Six-Weeks Fescue,Uncommon
Channel Islands National Park,Vascular Plant,Poales,Typhaceae,Narrow-Leaved Cattail,Uncommon
Channel Islands National Park,Vascular Plant,Poales,Typhaceae,Broad-Leaved Cattail,Rare
Channel Islands National Park,Vascular Plant,Polypodiales,Blechnaceae,Giant Chain Fern,Uncommon
Channel Islands National Park,Vascular Plant,Polypodiales,Dennstaedtiaceae,Western Bracken Fern,Uncommon
Channel Islands National Park,Vascular Plant,Polypodiales,Dryopteridaceae,Wood Fern,Common
Channel Islands National Park,Vascular Plant,Polypodiales,Dryopteridaceae,Western Sword Fern,Uncommon
Channel Islands National Park,Vascular Plant,Polypodiales,Polypodiaceae,California Polypody,Common
Channel Islands National Park,Vascular Plant,Polypodiales,Polypodiaceae,"Coast Polypody, Leather-Leaf Fern",Rare
Channel Islands National Park,Vascular Plant,Polypodiales,Pteridaceae,Five-Finger Maidenhair,Uncommon
Channel Islands National Park,Vascular Plant,Polypodiales,Pteridaceae,Southern Maidenhair,Uncommon
Channel Islands National Park,Vascular Plant,Polypodiales,Pteridaceae,California Maidenhair,Uncommon
Channel Islands National Park,Vascular Plant,Polypodiales,Pteridaceae,California Lace Fern,Uncommon
Channel Islands National Park,Vascular Plant,Polypodiales,Pteridaceae,Cleveland's Lip Fern,Common
Channel Islands National Park,Vascular Plant,Polypodiales,Pteridaceae,Mrs. Cooper's Lip Fern,Rare
Channel Islands National Park,Vascular Plant,Polypodiales,Pteridaceae,Coffee Fern,Uncommon
Channel Islands National Park,Vascular Plant,Polypodiales,Pteridaceae,Bird's Foot Fern,Uncommon
Channel Islands National Park,Vascular Plant,Polypodiales,Pteridaceae,"Gold-Back Fern, Silver-Back Fern",Common
Channel Islands National Park,Vascular Plant,Polypodiales,Pteridaceae,Gold-Back Fern,Common
Channel Islands National Park,Vascular Plant,Polypodiales,Pteridaceae,Silver-Back Fern,Common
Channel Islands National Park,Vascular Plant,Polypodiales,Woodsiaceae,Subarctic Ladyfern,Rare
Channel Islands National Park,Vascular Plant,Polypodiales,Woodsiaceae,Fragile Fern,Uncommon
Channel Islands National Park,Vascular Plant,Proteales,Platanaceae,California Sycamore,Uncommon
Channel Islands National Park,Vascular Plant,Ranunculales,Berberidaceae,Island Barberry,Rare
Channel Islands National Park,Vascular Plant,Ranunculales,Papaveraceae,Northern Island Bush Poppy,Common
Channel Islands National Park,Vascular Plant,Ranunculales,Papaveraceae,"Yellow Bleeding Hearts, Yellow Bleedingheart",Rare
Channel Islands National Park,Vascular Plant,Ranunculales,Papaveraceae,California Poppy,Common
Channel Islands National Park,Vascular Plant,Ranunculales,Papaveraceae,Island Poppy,Rare
Channel Islands National Park,Vascular Plant,Ranunculales,Papaveraceae,Smallflower Fairypoppy,Uncommon
Channel Islands National Park,Vascular Plant,Ranunculales,Papaveraceae,Fire Poppy,Uncommon
Channel Islands National Park,Vascular Plant,Ranunculales,Papaveraceae,Opium Poppy,Rare
Channel Islands National Park,Vascular Plant,Ranunculales,Papaveraceae,Cream Cups,Unknown
Channel Islands National Park,Vascular Plant,Ranunculales,Papaveraceae,Cream Cups,Unknown
Channel Islands National Park,Vascular Plant,Ranunculales,Papaveraceae,Santa Barbara Island Cream Cups,Rare
Channel Islands National Park,Vascular Plant,Ranunculales,Papaveraceae,Wind Poppy,Rare
Channel Islands National Park,Vascular Plant,Ranunculales,Ranunculaceae,Chaparral Clematis,Rare
Channel Islands National Park,Vascular Plant,Ranunculales,Ranunculaceae,Creek Clematis,Rare
Channel Islands National Park,Vascular Plant,Ranunculales,Ranunculaceae,Small-Flowered Clematis,Rare
Channel Islands National Park,Vascular Plant,Ranunculales,Ranunculaceae,Parry's Larkspur,Uncommon
Channel Islands National Park,Vascular Plant,Ranunculales,Ranunculaceae,California Buttercup,Common
Channel Islands National Park,Vascular Plant,Rosales,Cannabaceae,Marijuana,Rare
Channel Islands National Park,Vascular Plant,Rosales,Moraceae,Common Fig,Rare
Channel Islands National Park,Vascular Plant,Rosales,Rhamnaceae,Island Ceanothus,Common
Channel Islands National Park,Vascular Plant,Rosales,Rhamnaceae,Island Big-Pod Ceanothus,Common
Channel Islands National Park,Vascular Plant,Rosales,Rhamnaceae,Big-Pod Ceanothus,Rare
Channel Islands National Park,Vascular Plant,Rosales,Rhamnaceae,California Coffee Berry,Uncommon
Channel Islands National Park,Vascular Plant,Rosales,Rhamnaceae,Island Redberry,Uncommon
Channel Islands National Park,Vascular Plant,Rosales,Rosaceae,Chamise,Common
Channel Islands National Park,Vascular Plant,Rosales,Rosaceae,Chamise,Common
Channel Islands National Park,Vascular Plant,Rosales,Rosaceae,Prostrate Chamise,Common
Channel Islands National Park,Vascular Plant,Rosales,Rosaceae,None,Uncommon
Channel Islands National Park,Vascular Plant,Rosales,Rosaceae,Island Mountain Mahogany,Common
Channel Islands National Park,Vascular Plant,Rosales,Rosaceae,Strawberry,nan
Channel Islands National Park,Vascular Plant,Rosales,Rosaceae,Toyon,Common
Channel Islands National Park,Vascular Plant,Rosales,Rosaceae,Cream Bush,Rare
Channel Islands National Park,Vascular Plant,Rosales,Rosaceae,Santa Cruz Island Ironwood,Rare
Channel Islands National Park,Vascular Plant,Rosales,Rosaceae,Silverweed,Rare
Channel Islands National Park,Vascular Plant,Rosales,Rosaceae,"Chokecherry, Plum",nan
Channel Islands National Park,Vascular Plant,Rosales,Rosaceae,Island Cherry,Common
Channel Islands National Park,Vascular Plant,Rosales,Rosaceae,Firethorn,nan
Channel Islands National Park,Vascular Plant,Rosales,Rosaceae,California Rose,Rare
Channel Islands National Park,Vascular Plant,Rosales,Rosaceae,California Blackberry,Uncommon
Channel Islands National Park,Vascular Plant,Rosales,Ulmaceae,Dutch Elm,Unknown
Channel Islands National Park,Vascular Plant,Rosales,Urticaceae,Western Nettle,Uncommon
Channel Islands National Park,Vascular Plant,Rosales,Urticaceae,Western Pellitory,Uncommon
Channel Islands National Park,Vascular Plant,Rosales,Urticaceae,Giant Creek Nettle,Uncommon
Channel Islands National Park,Vascular Plant,Rosales,Urticaceae,Dwarf Nettle,Uncommon
Channel Islands National Park,Vascular Plant,Sapindales,Anacardiaceae,Mango,nan
Channel Islands National Park,Vascular Plant,Sapindales,Anacardiaceae,Lemonade Berry,Common
Channel Islands National Park,Vascular Plant,Sapindales,Anacardiaceae,Sugar Bush,Uncommon
Channel Islands National Park,Vascular Plant,Sapindales,Anacardiaceae,Peruvian Pepper Tree,Uncommon
Channel Islands National Park,Vascular Plant,Sapindales,Anacardiaceae,Poison Oak,Uncommon
Channel Islands National Park,Vascular Plant,Sapindales,Sapindaceae,Big Leaf Maple,Uncommon
Channel Islands National Park,Vascular Plant,Saxifragales,Crassulaceae,Pygmy Weed,Common
Channel Islands National Park,Vascular Plant,Saxifragales,Crassulaceae,Santa Rosa Island Live-Forever,Rare
Channel Islands National Park,Vascular Plant,Saxifragales,Crassulaceae,Sand-Lettuce,Common
Channel Islands National Park,Vascular Plant,Saxifragales,Crassulaceae,Candleholder Dudleya,Common
Channel Islands National Park,Vascular Plant,Saxifragales,Crassulaceae,East Point Dwarf Dudleya,Rare
Channel Islands National Park,Vascular Plant,Saxifragales,Crassulaceae,Greene's Dudleya,Common
Channel Islands National Park,Vascular Plant,Saxifragales,Crassulaceae,Santa Cruz Island Live-Forever,Rare
Channel Islands National Park,Vascular Plant,Saxifragales,Crassulaceae,Santa Barbara Island Live-Forever,Rare
Channel Islands National Park,Vascular Plant,Saxifragales,Grossulariaceae,Chaparral Currant,Uncommon
Channel Islands National Park,Vascular Plant,Saxifragales,Grossulariaceae,Santa Cruz Island Gooseberry,Rare
Channel Islands National Park,Vascular Plant,Saxifragales,Saxifragaceae,Island Alumroot,Uncommon
Channel Islands National Park,Vascular Plant,Saxifragales,Saxifragaceae,Island Jepsonia,Uncommon
Channel Islands National Park,Vascular Plant,Saxifragales,Saxifragaceae,Mission Star,Uncommon
Channel Islands National Park,Vascular Plant,Saxifragales,Saxifragaceae,California Saxifrage,Uncommon
Channel Islands National Park,Vascular Plant,Selaginellales,Selaginellaceae,Bushy Spike-Moss,Common
Channel Islands National Park,Vascular Plant,Solanales,Convolvulaceae,Island Morning-Glory,Common
Channel Islands National Park,Vascular Plant,Solanales,Convolvulaceae,Southern Island Morning-Glory,Uncommon
Channel Islands National Park,Vascular Plant,Solanales,Convolvulaceae,Northern Island Morning-Glory,Common
Channel Islands National Park,Vascular Plant,Solanales,Convolvulaceae,Beach Morning Glory,Rare
Channel Islands National Park,Vascular Plant,Solanales,Convolvulaceae,Bindweed,Uncommon
Channel Islands National Park,Vascular Plant,Solanales,Convolvulaceae,None,Rare
Channel Islands National Park,Vascular Plant,Solanales,Convolvulaceae,Alkali Weed,Uncommon
Channel Islands National Park,Vascular Plant,Solanales,Convolvulaceae,California Dodder,Unknown
Channel Islands National Park,Vascular Plant,Solanales,Convolvulaceae,Field Dodder,Unknown
Channel Islands National Park,Vascular Plant,Solanales,Convolvulaceae,Western Field Dodder,Unknown
Channel Islands National Park,Vascular Plant,Solanales,Convolvulaceae,Salt Marsh Dodder,Rare
Channel Islands National Park,Vascular Plant,Solanales,Convolvulaceae,Canyon Dodder,Rare
Channel Islands National Park,Vascular Plant,Solanales,Convolvulaceae,"California Dichondra, California Ponysfoot",Unknown
Channel Islands National Park,Vascular Plant,Solanales,Convolvulaceae,Western Dichondra,Uncommon
Channel Islands National Park,Vascular Plant,Solanales,Solanaceae,"Jimson Weed, Thorn Apple",Uncommon
Channel Islands National Park,Vascular Plant,Solanales,Solanaceae,California Boxthorn,Rare
Channel Islands National Park,Vascular Plant,Solanales,Solanaceae,Fremont's Boxthorn,Rare
Channel Islands National Park,Vascular Plant,Solanales,Solanaceae,Tomato,Rare
Channel Islands National Park,Vascular Plant,Solanales,Solanaceae,Cleveland's Tobacco,Rare
Channel Islands National Park,Vascular Plant,Solanales,Solanaceae,Tree Tobacco,Uncommon
Channel Islands National Park,Vascular Plant,Solanales,Solanaceae,Wild Petunia,Uncommon
Channel Islands National Park,Vascular Plant,Solanales,Solanaceae,White Nightshade,Unknown
Channel Islands National Park,Vascular Plant,Solanales,Solanaceae,Island Nightshade,Rare
Channel Islands National Park,Vascular Plant,Solanales,Solanaceae,Douglas' Nightshade,Uncommon
Channel Islands National Park,Vascular Plant,Solanales,Solanaceae,Silver-Leaved Horse Nettle,Rare
Channel Islands National Park,Nonvascular Plant,Acrochaetiales,Acrochaetiaceae,None,nan
Channel Islands National Park,Nonvascular Plant,Ahnfeltiales,Ahnfeltiaceae,None,nan
Channel Islands National Park,Nonvascular Plant,Bangiales,Bangiaceae,None,nan
Channel Islands National Park,Nonvascular Plant,Bonnemaisoniales,Bonnemaisoniaceae,None,nan
Channel Islands National Park,Nonvascular Plant,Bonnemaisoniales,Bonnemaisoniaceae,None,nan
Channel Islands National Park,Nonvascular Plant,Bryopsidales,Bryopsidaceae,None,nan
Channel Islands National Park,Nonvascular Plant,Bryopsidales,Bryopsidaceae,None,nan
Channel Islands National Park,Nonvascular Plant,Bryopsidales,Codiaceae,None,nan
Channel Islands National Park,Nonvascular Plant,Bryopsidales,Codiaceae,Deadman's Fingers,nan
Channel Islands National Park,Nonvascular Plant,Bryopsidales,Codiaceae,None,nan
Channel Islands National Park,Nonvascular Plant,Bryopsidales,Codiaceae,None,nan
Channel Islands National Park,Nonvascular Plant,Bryopsidales,Codiaceae,None,nan
Channel Islands National Park,Nonvascular Plant,Bryopsidales,Codiaceae,None,nan
Channel Islands National Park,Nonvascular Plant,Bryopsidales,Derbesiaceae,None,nan
Channel Islands National Park,Nonvascular Plant,Ceramiales,Ceramiaceae,None,nan
Channel Islands National Park,Nonvascular Plant,Ceramiales,Ceramiaceae,None,nan
Channel Islands National Park,Nonvascular Plant,Ceramiales,Ceramiaceae,None,nan
Channel Islands National Park,Nonvascular Plant,Ceramiales,Ceramiaceae,None,nan
Channel Islands National Park,Nonvascular Plant,Ceramiales,Ceramiaceae,None,nan
Channel Islands National Park,Nonvascular Plant,Ceramiales,Ceramiaceae,None,nan
Channel Islands National Park,Nonvascular Plant,Ceramiales,Delesseriaceae,None,nan
Channel Islands National Park,Nonvascular Plant,Ceramiales,Delesseriaceae,None,nan
Channel Islands National Park,Nonvascular Plant,Ceramiales,Delesseriaceae,None,nan
Channel Islands National Park,Nonvascular Plant,Ceramiales,Delesseriaceae,None,nan
Channel Islands National Park,Nonvascular Plant,Ceramiales,Delesseriaceae,None,nan
Channel Islands National Park,Nonvascular Plant,Ceramiales,Rhodomelaceae,None,nan
Channel Islands National Park,Nonvascular Plant,Cladophorales,Cladophoraceae,None,nan
Channel Islands National Park,Nonvascular Plant,Cladophorales,Cladophoraceae,None,nan
Channel Islands National Park,Nonvascular Plant,Cladophorales,Cladophoraceae,None,nan
Channel Islands National Park,Nonvascular Plant,Cladophorales,Cladophoraceae,None,nan
Channel Islands National Park,Nonvascular Plant,Cladophorales,Cladophoraceae,None,nan
Channel Islands National Park,Nonvascular Plant,Corallinales,Corallinaceae,None,nan
Channel Islands National Park,Nonvascular Plant,Corallinales,Corallinaceae,None,nan
Channel Islands National Park,Nonvascular Plant,Corallinales,Corallinaceae,None,nan
Channel Islands National Park,Nonvascular Plant,Corallinales,Corallinaceae,None,nan
Channel Islands National Park,Nonvascular Plant,Corallinales,Corallinaceae,None,nan
Channel Islands National Park,Nonvascular Plant,Corallinales,Corallinaceae,None,nan
Channel Islands National Park,Nonvascular Plant,Corallinales,Corallinaceae,None,nan
Channel Islands National Park,Nonvascular Plant,Corallinales,Corallinaceae,None,nan
Channel Islands National Park,Nonvascular Plant,Gelidiales,Gelidiaceae,None,nan
Channel Islands National Park,Nonvascular Plant,Gelidiales,Gelidiaceae,None,nan
Channel Islands National Park,Nonvascular Plant,Gelidiales,Gelidiaceae,None,nan
Channel Islands National Park,Nonvascular Plant,Gigartinales,Caulacanthaceae,None,nan
Channel Islands National Park,Nonvascular Plant,Gigartinales,Endocladiaceae,None,nan
Channel Islands National Park,Nonvascular Plant,Gigartinales,Gigartinaceae,None,nan
Channel Islands National Park,Nonvascular Plant,Gigartinales,Gigartinaceae,None,nan
Channel Islands National Park,Nonvascular Plant,Gigartinales,Gigartinaceae,None,nan
Channel Islands National Park,Nonvascular Plant,Gigartinales,Gigartinaceae,None,nan
Channel Islands National Park,Nonvascular Plant,Gigartinales,Kallymeniaceae,None,nan
Channel Islands National Park,Nonvascular Plant,Gigartinales,Kallymeniaceae,None,nan
Channel Islands National Park,Nonvascular Plant,Gigartinales,Kallymeniaceae,None,nan
Channel Islands National Park,Nonvascular Plant,Gigartinales,Kallymeniaceae,None,nan
Channel Islands National Park,Nonvascular Plant,Gigartinales,Kallymeniaceae,None,nan
Channel Islands National Park,Nonvascular Plant,Gigartinales,Kallymeniaceae,None,nan
Channel Islands National Park,Nonvascular Plant,Gigartinales,Kallymeniaceae,None,nan
Channel Islands National Park,Nonvascular Plant,Gigartinales,Phyllophoraceae,None,nan
Channel Islands National Park,Nonvascular Plant,Gigartinales,Phyllophoraceae,None,nan
Channel Islands National Park,Nonvascular Plant,Rhodymeniales,Champiaceae,None,nan
Channel Islands National Park,Nonvascular Plant,Rhodymeniales,Rhodymeniaceae,None,nan
Channel Islands National Park,Nonvascular Plant,Rhodymeniales,Rhodymeniaceae,Sea Grapes,nan
Channel Islands National Park,Nonvascular Plant,Ulvales,Ulvaceae,None,nan
Channel Islands National Park,Nonvascular Plant,Ulvales,Ulvaceae,None,nan
Channel Islands National Park,Nonvascular Plant,Ulvales,Ulvaceae,None,nan
Channel Islands National Park,Nonvascular Plant,Ulvales,Ulvaceae,None,nan
Channel Islands National Park,Nonvascular Plant,Ulvales,Ulvaceae,None,nan
Channel Islands National Park,Nonvascular Plant,Ulvales,Ulvaceae,None,nan
Channel Islands National Park,Nonvascular Plant,Ulvales,Ulvaceae,None,nan
Channel Islands National Park,Nonvascular Plant,Ulvales,Ulvaceae,None,nan
Channel Islands National Park,Crab/Lobster/Shrimp,Amphipoda,Haustoriidae,None,nan
Channel Islands National Park,Crab/Lobster/Shrimp,Decapoda,Albuneidae,Spiny Mole Crab,nan
Channel Islands National Park,Crab/Lobster/Shrimp,Decapoda,Alpheidae,Abalone Visored Shrimp,nan
Channel Islands National Park,Crab/Lobster/Shrimp,Decapoda,Alpheidae,Visored Shrimp,nan
Channel Islands National Park,Crab/Lobster/Shrimp,Decapoda,Alpheidae,Urchin Visored Shrimp,nan
Channel Islands National Park,Crab/Lobster/Shrimp,Decapoda,Grapsidae,Striped Shore Crab,nan
Channel Islands National Park,Crab/Lobster/Shrimp,Pedunculata,Pollicipedidae,Leaf Barnacle,nan
Channel Islands National Park,Crab/Lobster/Shrimp,Sessilia,Balanidae,None,Common
Channel Islands National Park,Crab/Lobster/Shrimp,Sessilia,Chthamalidae,None,nan
Channel Islands National Park,Crab/Lobster/Shrimp,Sessilia,Chthamalidae,None,nan
Channel Islands National Park,Crab/Lobster/Shrimp,Sessilia,Tetraclitidae,None,nan
Channel Islands National Park,Slug/Snail,Archaeogastropoda,Fissurellidae,Volcano Keyhole Limpet,nan
Channel Islands National Park,Slug/Snail,Archaeogastropoda,Haliotididae,Threaded Abalone,nan
Channel Islands National Park,Slug/Snail,Archaeogastropoda,Haliotididae,Pink Abalone,nan
Channel Islands National Park,Slug/Snail,Archaeogastropoda,Haliotididae,Black Abalone,nan
Channel Islands National Park,Slug/Snail,Archaeogastropoda,Haliotididae,Green Abalone,nan
Channel Islands National Park,Slug/Snail,Archaeogastropoda,Haliotididae,Red Abalone,nan
Channel Islands National Park,Slug/Snail,Archaeogastropoda,Haliotididae,White Abalone,nan
Channel Islands National Park,Slug/Snail,Archaeogastropoda,Haliotididae,Flat Abalone,nan
Channel Islands National Park,Slug/Snail,Archaeogastropoda,Trochidae,Gilded Tegula,nan
Channel Islands National Park,Slug/Snail,Archaeogastropoda,Trochidae,Brown Tegula,nan
Channel Islands National Park,Slug/Snail,Archaeogastropoda,Trochidae,"Banded Tegula, Western Banded Tegula",nan
Channel Islands National Park,Slug/Snail,Archaeogastropoda,Trochidae,Black Tegula,nan
Channel Islands National Park,Slug/Snail,Archaeogastropoda,Trochidae,Speckled Tegula,nan
Channel Islands National Park,Slug/Snail,Archaeogastropoda,Trochidae,Monterey Tegula,nan
Channel Islands National Park,Slug/Snail,Archaeogastropoda,Trochidae,Dusky Tegula,nan
Channel Islands National Park,Slug/Snail,Archaeogastropoda,Trochidae,Queen Tegula,nan
Channel Islands National Park,Slug/Snail,Basommatophora,Trimusculidae,Cup And Saucer Limpet,nan
Channel Islands National Park,Slug/Snail,Neogastropoda,Muricidae,Angular Unicorn,nan
Channel Islands National Park,Slug/Snail,Neogastropoda,Muricidae,None,nan
Channel Islands National Park,Slug/Snail,Neogastropoda,Muricidae,Emarginate Dogwinkle,nan
Channel Islands National Park,Slug/Snail,Neogastropoda,Muricidae,None,nan
Channel Islands National Park,Slug/Snail,Neogastropoda,Muricidae,Circled Rocksnail,nan
Channel Islands National Park,Slug/Snail,Neotaenioglossa,Epitoniidae,None,nan
Channel Islands National Park,Slug/Snail,Patellogastropoda,Lottiidae,Black Limpet,nan
Channel Islands National Park,Slug/Snail,Patellogastropoda,Lottiidae,None,nan
Channel Islands National Park,Slug/Snail,Patellogastropoda,Lottiidae,Finger Limpet,nan
Channel Islands National Park,Slug/Snail,Patellogastropoda,Lottiidae,File Limpet,nan
Channel Islands National Park,Slug/Snail,Patellogastropoda,Lottiidae,Yellow Limpet,nan
Channel Islands National Park,Slug/Snail,Patellogastropoda,Lottiidae,Shield Limpet,nan
Channel Islands National Park,Slug/Snail,Patellogastropoda,Lottiidae,Rough Limpet,nan
Channel Islands National Park,Slug/Snail,Patellogastropoda,Lottiidae,None,nan
Channel Islands National Park,Slug/Snail,Patellogastropoda,Lottiidae,Owl Limpet,Common
Channel Islands National Park,Slug/Snail,Systellommatophora,Onchidiidae,Leather Limpet,nan
Channel Islands National Park,Spider/Scorpion,Mesostigmata,Laelaptidae,None,nan
Channel Islands National Park,Insect,Coleoptera,Staphylinidae,None,nan
Channel Islands National Park,Insect,Diptera,Coelopidae,None,nan
Channel Islands National Park,Invertebrate,nan,nan,None,nan
Channel Islands National Park,Invertebrate,nan,nan,None,nan
Channel Islands National Park,Invertebrate,Actiniaria,Actiniidae,Clonal Anemone,Common
Channel Islands National Park,Invertebrate,Actiniaria,Actiniidae,None,Common
Channel Islands National Park,Invertebrate,Amphioxiformes,Branchiostomatidae,California Lancelet,Unknown
Channel Islands National Park,Invertebrate,Apodida,Synaptidae,Sand Cucumber,nan
Channel Islands National Park,Invertebrate,Arbacioida,Arbaciidae,Southern Urchin,nan
Channel Islands National Park,Invertebrate,Aspidochirotida,Stichopodidae,None,nan
Channel Islands National Park,Invertebrate,Aspidochirotida,Stichopodidae,None,nan
Channel Islands National Park,Invertebrate,Canalipalpata,Sabellariidae,None,nan
Channel Islands National Park,Invertebrate,Cheilostomata,Bugulidae,None,nan
Channel Islands National Park,Invertebrate,Cheilostomata,Bugulidae,None,nan
Channel Islands National Park,Invertebrate,Cheilostomata,Celleporariidae,None,nan
Channel Islands National Park,Invertebrate,Cheilostomata,Celleporidae,None,nan
Channel Islands National Park,Invertebrate,Cheilostomata,Cribrilinidae,None,nan
Channel Islands National Park,Invertebrate,Cheilostomata,Eurystomellidae,None,nan
Channel Islands National Park,Invertebrate,Cheilostomata,Hincksinidae,None,nan
Channel Islands National Park,Invertebrate,Cheilostomata,Hippothoidae,None,nan
Channel Islands National Park,Invertebrate,Cheilostomata,Hippothoidae,None,nan
Channel Islands National Park,Invertebrate,Cheilostomata,Membraniporidae,Jack Frost,nan
Channel Islands National Park,Invertebrate,Cheilostomata,Membraniporidae,None,nan
Channel Islands National Park,Invertebrate,Cheilostomata,Microporellidae,None,nan
Channel Islands National Park,Invertebrate,Cheilostomata,Reteporidae,Lacey Bryozoan,nan
Channel Islands National Park,Invertebrate,Cheilostomata,Reteporidae,None,nan
Channel Islands National Park,Invertebrate,Cheilostomata,Schizoporellidae,Fluted Bryozoan,nan
Channel Islands National Park,Invertebrate,Cheilostomata,Scrupocellariidae,None,nan
Channel Islands National Park,Invertebrate,Cheilostomata,Thalamoporellidae,Chambered Bryozoan,nan
Channel Islands National Park,Invertebrate,Chitonida,Acanthochitonidae,Gumboot Chiton,nan
Channel Islands National Park,Invertebrate,Chitonida,Ischnochitonidae,Ribbed Chiton,nan
Channel Islands National Park,Invertebrate,Chitonida,Ischnochitonidae,None,nan
Channel Islands National Park,Invertebrate,Chitonida,Ischnochitonidae,New Name,nan
Channel Islands National Park,Invertebrate,Chitonida,Ischnochitonidae,None,nan
Channel Islands National Park,Invertebrate,Chitonida,Ischnochitonidae,None,nan
Channel Islands National Park,Invertebrate,Chitonida,Ischnochitonidae,None,nan
Channel Islands National Park,Invertebrate,Chitonida,Ischnochitonidae,None,nan
Channel Islands National Park,Invertebrate,Chitonida,Ischnochitonidae,Conspicuous Chiton,nan
Channel Islands National Park,Invertebrate,Chitonida,Ischnochitonidae,Lined Chiton,nan
Channel Islands National Park,Invertebrate,Chitonida,Mopaliidae,Mossy Chiton,nan
Channel Islands National Park,Invertebrate,Chitonida,Mopaliidae,Veiled Chiton,nan
Channel Islands National Park,Invertebrate,Clathrinida,Clathrinidae,None,nan
Channel Islands National Park,Invertebrate,Clypeasteroida,Dendrasteridae,Sand Dollar,nan
Channel Islands National Park,Invertebrate,Cyclostomata,Crisiidae,None,nan
Channel Islands National Park,Invertebrate,Cyclostomata,Crisiidae,None,nan
Channel Islands National Park,Invertebrate,Cyclostomata,Crisiidae,None,nan
Channel Islands National Park,Invertebrate,Cyclostomata,Diaperoeciidae,Southern Staghorn Bryozoan,nan
Channel Islands National Park,Invertebrate,Cyclostomata,Heteroporidae,Northern Staghorn Bryozoan,nan
Channel Islands National Park,Invertebrate,Dendrochirotida,Cucumariidae,None,nan
Channel Islands National Park,Invertebrate,Dendrochirotida,Cucumariidae,Orange Sea Cucumber,nan
Channel Islands National Park,Invertebrate,Dendrochirotida,Cucumariidae,Salt And Pepper Sea Cucumber,nan
Channel Islands National Park,Invertebrate,Dendrochirotida,Cucumariidae,None,nan
Channel Islands National Park,Invertebrate,Dendrochirotida,Psolidae,None,nan
Channel Islands National Park,Invertebrate,Dendrochirotida,Sclerodactylidae,White Sea Cucumber,nan
Channel Islands National Park,Invertebrate,Dendrochirotida,Sclerodactylidae,Aggregrating Red Sea Cucumber,nan
Channel Islands National Park,Invertebrate,Diadematoida,Diadematidae,"Coronado Urchin, Black Urchin",nan
Channel Islands National Park,Invertebrate,Echinoida,Strongylocentrotidae,Red Sea Urchin,nan
Channel Islands National Park,Invertebrate,Echinoida,Strongylocentrotidae,Purple Sea Urchin,nan
Channel Islands National Park,Invertebrate,Enterogona,Ascidiidae,None,nan
Channel Islands National Park,Invertebrate,Enterogona,Ascidiidae,None,nan
Channel Islands National Park,Invertebrate,Enterogona,Cionidae,None,nan
Channel Islands National Park,Invertebrate,Enterogona,Clavelinidae,None,nan
Channel Islands National Park,Invertebrate,Enterogona,Clavelinidae,None,nan
Channel Islands National Park,Invertebrate,Enterogona,Clavelinidae,None,nan
Channel Islands National Park,Invertebrate,Enterogona,Clavelinidae,None,nan
Channel Islands National Park,Invertebrate,Enterogona,Clavelinidae,None,nan
Channel Islands National Park,Invertebrate,Enterogona,Clavelinidae,None,nan
Channel Islands National Park,Invertebrate,Enterogona,Clavelinidae,None,nan
Channel Islands National Park,Invertebrate,Enterogona,Clavelinidae,None,nan
Channel Islands National Park,Invertebrate,Enterogona,Didemnidae,None,nan
Channel Islands National Park,Invertebrate,Enterogona,Didemnidae,None,nan
Channel Islands National Park,Invertebrate,Enterogona,Didemnidae,None,nan
Channel Islands National Park,Invertebrate,Enterogona,Perophoridae,None,nan
Channel Islands National Park,Invertebrate,Enterogona,Polyclinidae,None,nan
Channel Islands National Park,Invertebrate,Enterogona,Polyclinidae,None,nan
Channel Islands National Park,Invertebrate,Enterogona,Polyclinidae,None,nan
Channel Islands National Park,Invertebrate,Enterogona,Polyclinidae,None,nan
Channel Islands National Park,Invertebrate,Enterogona,Polyclinidae,None,nan
Channel Islands National Park,Invertebrate,Enterogona,Polyclinidae,None,nan
Channel Islands National Park,Invertebrate,Forcipulatida,Asteriidae,Fragile Rainbow Star,nan
Channel Islands National Park,Invertebrate,Forcipulatida,Asteriidae,Rainbow Sea Star,nan
Channel Islands National Park,Invertebrate,Forcipulatida,Asteriidae,Short-Spined Sea Star,nan
Channel Islands National Park,Invertebrate,Forcipulatida,Asteriidae,"Giant-Spined Sea Star, Blue Knobby",nan
Channel Islands National Park,Invertebrate,Forcipulatida,Asteriidae,Ochre Sea Star,nan
Channel Islands National Park,Invertebrate,Forcipulatida,Pycnopodiidae,Sunflower Sea Star,nan
Channel Islands National Park,Invertebrate,Limoida,Limidae,"Hemphill Fileclam, File Scallop",nan
Channel Islands National Park,Invertebrate,Lingulida,Lingulidae,None,nan
Channel Islands National Park,Invertebrate,Molpadiida,Caudinidae,None,nan
Channel Islands National Park,Invertebrate,Molpadiida,Caudinidae,None,nan
Channel Islands National Park,Invertebrate,Myoida,Hiatellidae,Arctic Hiatella,nan
Channel Islands National Park,Invertebrate,Myoida,Hiatellidae,Pacific Geoduck,nan
Channel Islands National Park,Invertebrate,Myoida,Myidae,"Boring Softshell, Boring Softshell Clam",nan
Channel Islands National Park,Invertebrate,Myoida,Pholadidae,Wartneck Piddock,nan
Channel Islands National Park,Invertebrate,Myoida,Pholadidae,Sickle-Sided Piddock,nan
Channel Islands National Park,Invertebrate,Myoida,Pholadidae,Little Piddock,nan
Channel Islands National Park,Invertebrate,Myoida,Pholadidae,Flat-Tip Piddock,nan
Channel Islands National Park,Invertebrate,Myoida,Pholadidae,Rough Piddock,nan
Channel Islands National Park,Invertebrate,Mytiloida,Mytilidae,San Diego Datemussel,nan
Channel Islands National Park,Invertebrate,Mytiloida,Mytilidae,"Curved Datemussel, Rough Pea-Pod Borer",nan
Channel Islands National Park,Invertebrate,Mytiloida,Mytilidae,Adams Mussel,nan
Channel Islands National Park,Invertebrate,Mytiloida,Mytilidae,Chenu Mussel,nan
Channel Islands National Park,Invertebrate,Mytiloida,Mytilidae,Kelsey Datemussel,nan
Channel Islands National Park,Invertebrate,Mytiloida,Mytilidae,Fat Horse Mussel,nan
Channel Islands National Park,Invertebrate,Mytiloida,Mytilidae,Straight Horse Mussel,nan
Channel Islands National Park,Invertebrate,Mytiloida,Mytilidae,California Mussel,nan
Channel Islands National Park,Invertebrate,Mytiloida,Mytilidae,"Bay Mussel, Edible Mussel",nan
Channel Islands National Park,Invertebrate,Mytiloida,Mytilidae,European Mussel,Uncommon
Channel Islands National Park,Invertebrate,Mytiloida,Mytilidae,Ribbed Horse Mussel,nan
Channel Islands National Park,Invertebrate,Octopoda,Octopodidae,Two-Spotted Octopus,nan
Channel Islands National Park,Invertebrate,Octopoda,Octopodidae,Mudflat Octopus,nan
Channel Islands National Park,Invertebrate,Octopoda,Octopodidae,Giant Octopus,nan
Channel Islands National Park,Invertebrate,Octopoda,Octopodidae,None,nan
Channel Islands National Park,Invertebrate,Octopoda,Octopodidae,Red Octopus,nan
Channel Islands National Park,Invertebrate,Ophiurida,Amphiuridae,None,nan
Channel Islands National Park,Invertebrate,Ophiurida,Amphiuridae,None,nan
Channel Islands National Park,Invertebrate,Ophiurida,Ophiactidae,None,nan
Channel Islands National Park,Invertebrate,Ophiurida,Ophiocomidae,None,nan
Channel Islands National Park,Invertebrate,Ophiurida,Ophiodermatidae,None,nan
Channel Islands National Park,Invertebrate,Ophiurida,Ophionereididae,None,nan
Channel Islands National Park,Invertebrate,Ophiurida,Ophiothricidae,None,nan
Channel Islands National Park,Invertebrate,Ophiurida,Ophiuridae,None,nan
Channel Islands National Park,Invertebrate,Ostreoida,Anomiidae,"Pacific Falsejingle, Abalone Jingle",nan
Channel Islands National Park,Invertebrate,Ostreoida,Pectinidae,Rock Scallop,nan
Channel Islands National Park,Invertebrate,Ostreoida,Pectinidae,Kelp Scallop,nan
Channel Islands National Park,Invertebrate,Ostreoida,Pectinidae,San Diego Scallop,nan
Channel Islands National Park,Invertebrate,Paxillosida,Astropectinidae,Spiny Sand Star,nan
Channel Islands National Park,Invertebrate,Paxillosida,Astropectinidae,None,nan
Channel Islands National Park,Invertebrate,Paxillosida,Luidiidae,Sand Star,nan
Channel Islands National Park,Invertebrate,Pholadomyoida,Lyonsiidae,California Lysonia,nan
Channel Islands National Park,Invertebrate,Pholadomyoida,Lyonsiidae,Bottle Clam,nan
Channel Islands National Park,Invertebrate,Pholadomyoida,Thraciidae,Short Thracia,nan
Channel Islands National Park,Invertebrate,Pleurogona,Molgulidae,None,nan
Channel Islands National Park,Invertebrate,Pleurogona,Molgulidae,None,nan
Channel Islands National Park,Invertebrate,Pleurogona,Pyuridae,None,nan
Channel Islands National Park,Invertebrate,Pleurogona,Pyuridae,None,nan
Channel Islands National Park,Invertebrate,Pleurogona,Pyuridae,None,nan
Channel Islands National Park,Invertebrate,Pleurogona,Pyuridae,None,nan
Channel Islands National Park,Invertebrate,Pleurogona,Styelidae,None,nan
Channel Islands National Park,Invertebrate,Pleurogona,Styelidae,None,nan
Channel Islands National Park,Invertebrate,Pleurogona,Styelidae,None,nan
Channel Islands National Park,Invertebrate,Pleurogona,Styelidae,None,nan
Channel Islands National Park,Invertebrate,Pleurogona,Styelidae,None,nan
Channel Islands National Park,Invertebrate,Pleurogona,Styelidae,None,nan
Channel Islands National Park,Invertebrate,Pleurogona,Styelidae,None,nan
Channel Islands National Park,Invertebrate,Pleurogona,Styelidae,None,nan
Channel Islands National Park,Invertebrate,Pleurogona,Styelidae,None,nan
Channel Islands National Park,Invertebrate,Pterioida,Pteriidae,Winged Oyster,nan
Channel Islands National Park,Invertebrate,Pyrosomida,Pyrosomatidae,None,nan
Channel Islands National Park,Invertebrate,Salpida,Salpidae,None,nan
Channel Islands National Park,Invertebrate,Salpida,Salpidae,None,nan
Channel Islands National Park,Invertebrate,Sepiolida,Sepiolidae,"Eastern Pacific Bobtail, North Pacific Bobtail Squid",nan
Channel Islands National Park,Invertebrate,Solemyoida,Solemyidae,Gutless Awningclam,nan
Channel Islands National Park,Invertebrate,Spatangoida,Loveniidae,Heart Urchin,nan
Channel Islands National Park,Invertebrate,Spinulosida,Echinasteridae,Blood Star,nan
Channel Islands National Park,Invertebrate,Temnopleuroida,Toxopneustidae,White Sea Urchin,nan
Channel Islands National Park,Invertebrate,Teuthida,Loliginidae,Market Squid,nan
Channel Islands National Park,Invertebrate,Teuthida,Ommastrephidae,"Humboldt Squid, Jumbo Squid",nan
Channel Islands National Park,Invertebrate,Valvatida,Asterinidae,Sea Bat,nan
Channel Islands National Park,Invertebrate,Valvatida,Asteropseidae,Leather Star,nan
Channel Islands National Park,Invertebrate,Valvatida,Goniasteridae,Red Sea Star,nan
Channel Islands National Park,Invertebrate,Valvatida,Ophidiasteridae,"Comet Star, Fragile Star",nan
Channel Islands National Park,Invertebrate,Veneroida,Cardiidae,Western Strawberry Cockle,nan
Channel Islands National Park,Invertebrate,Veneroida,Cardiidae,"Nuttall Cockle, Heart Cockle",nan
Channel Islands National Park,Invertebrate,Veneroida,Cardiidae,Pacific Eggcockle,nan
Channel Islands National Park,Invertebrate,Veneroida,Cardiidae,Spiny Pricklycockle,nan
Channel Islands National Park,Invertebrate,Veneroida,Carditidae,Carpenter Carditid,nan
Channel Islands National Park,Invertebrate,Veneroida,Chamidae,"Secret Jewelbox, Rock Oyster",nan
Channel Islands National Park,Invertebrate,Veneroida,Chamidae,"Pacific Jewelbox, Reversed Chama",nan
Channel Islands National Park,Invertebrate,Veneroida,Galeommatidae,Orcutt Nakedclam,nan
Channel Islands National Park,Invertebrate,Veneroida,Lasaeidae,La Perousse Kellyclam,nan
Channel Islands National Park,Invertebrate,Veneroida,Lasaeidae,San Pedro Mysella,nan
Channel Islands National Park,Invertebrate,Veneroida,Lucinidae,Jackknife Clams,nan
Channel Islands National Park,Invertebrate,Veneroida,Lucinidae,Fine-Lined Lucine,nan
Channel Islands National Park,Invertebrate,Veneroida,Mactridae,California Surfclam,nan
Channel Islands National Park,Invertebrate,Veneroida,Mactridae,"Pacific Gaper, Gaper Clam",nan
Channel Islands National Park,Invertebrate,Veneroida,Pharidae,"California Jackknife, California Jackknife Clam",nan
Channel Islands National Park,Invertebrate,Veneroida,Pharidae,"Transparent Razor, Bright Razor Clam",nan
Channel Islands National Park,Invertebrate,Veneroida,Psammobiidae,Sunset Clam,nan
Channel Islands National Park,Invertebrate,Veneroida,Semelidae,Clipped Semele,nan
Channel Islands National Park,Invertebrate,Veneroida,Semelidae,None,nan
Channel Islands National Park,Invertebrate,Veneroida,Solecurtidae,"California Tagelus, California Jackknife Clam",nan
Channel Islands National Park,Invertebrate,Veneroida,Solecurtidae,"Lesser Tagelus, Purple Pacific Jackknife Clam",nan
Channel Islands National Park,Invertebrate,Veneroida,Solenidae,"Rosy Jackknife, Rosy Razor Clam",nan
Channel Islands National Park,Invertebrate,Veneroida,Tellinidae,"California Fat Tellin, California Fat-Tellin",nan
Channel Islands National Park,Invertebrate,Veneroida,Tellinidae,Bent-Nosed Macoma,nan
Channel Islands National Park,Invertebrate,Veneroida,Tellinidae,White Sand Clam,nan
Channel Islands National Park,Invertebrate,Veneroida,Tellinidae,Bodega Tellin,nan
Channel Islands National Park,Invertebrate,Veneroida,Tellinidae,Carpenter Tellin,nan
Channel Islands National Park,Invertebrate,Veneroida,Tellinidae,Plain Tellin,nan
Channel Islands National Park,Invertebrate,Veneroida,Ungulinidae,Orb Diplodon,nan
Channel Islands National Park,Invertebrate,Veneroida,Veneridae,Calfornia Venus,nan
Channel Islands National Park,Invertebrate,Veneroida,Veneridae,Frilled Venus,nan
Channel Islands National Park,Invertebrate,Veneroida,Veneridae,"Lamellar Venus, Rock Venus",nan
Channel Islands National Park,Invertebrate,Veneroida,Veneridae,Newcomb Pitar,nan
Channel Islands National Park,Invertebrate,Veneroida,Veneridae,Rough-Sided Littleneck Clam,nan
Channel Islands National Park,Invertebrate,Veneroida,Veneridae,Common Littleneck Clam,nan
Channel Islands National Park,Invertebrate,Veneroida,Veneridae,Washington Clam,nan
Channel Islands National Park,Invertebrate,Veneroida,Veneridae,Pismo Clam,nan
Channel Islands National Park,Algae,Cutleriales,Cutleriaceae,None,nan
Channel Islands National Park,Algae,Desmarestiales,Desmarestiaceae,None,nan
Channel Islands National Park,Algae,Desmarestiales,Desmarestiaceae,None,nan
Channel Islands National Park,Algae,Desmarestiales,Desmarestiaceae,None,nan
Channel Islands National Park,Algae,Desmarestiales,Desmarestiaceae,None,nan
Channel Islands National Park,Algae,Desmarestiales,Desmarestiaceae,None,nan
Channel Islands National Park,Algae,Dictyosiphonales,Punctariaceae,None,nan
Channel Islands National Park,Algae,Dictyosiphonales,Punctariaceae,None,nan
Channel Islands National Park,Algae,Dictyosiphonales,Punctariaceae,None,nan
Channel Islands National Park,Algae,Dictyotales,Dictyotaceae,None,nan
Channel Islands National Park,Algae,Dictyotales,Dictyotaceae,None,nan
Channel Islands National Park,Algae,Dictyotales,Dictyotaceae,None,nan
Channel Islands National Park,Algae,Dictyotales,Dictyotaceae,None,nan
Channel Islands National Park,Algae,Dictyotales,Dictyotaceae,None,nan
Channel Islands National Park,Algae,Dictyotales,Dictyotaceae,None,nan
Channel Islands National Park,Algae,Ectocarpales,Chordariaceae,None,nan
Channel Islands National Park,Algae,Ectocarpales,Corynophlaeaceae,None,nan
Channel Islands National Park,Algae,Ectocarpales,Corynophlaeaceae,None,nan
Channel Islands National Park,Algae,Ectocarpales,Ectocarpaceae,Snot Weed,nan
Channel Islands National Park,Algae,Ectocarpales,Ectocarpaceae,None,nan
Channel Islands National Park,Algae,Ectocarpales,Ectocarpaceae,None,nan
Channel Islands National Park,Algae,Ectocarpales,Ralfsiaceae,None,nan
Channel Islands National Park,Algae,Fucales,Cystoseiraceae,None,nan
Channel Islands National Park,Algae,Fucales,Cystoseiraceae,Bladder Chain Kelp,nan
Channel Islands National Park,Algae,Fucales,Cystoseiraceae,None,nan
Channel Islands National Park,Algae,Fucales,Cystoseiraceae,None,nan
Channel Islands National Park,Algae,Fucales,Fucaceae,None,nan
Channel Islands National Park,Algae,Fucales,Fucaceae,None,nan
Channel Islands National Park,Algae,Fucales,Fucaceae,None,nan
Channel Islands National Park,Algae,Fucales,Fucaceae,None,nan
Channel Islands National Park,Algae,Fucales,Sargassaceae,None,nan
Channel Islands National Park,Algae,Fucales,Sargassaceae,None,nan
Channel Islands National Park,Algae,Fucales,Sargassaceae,None,nan
Channel Islands National Park,Algae,Laminariales,Alariaceae,Feather Boa,nan
Channel Islands National Park,Algae,Laminariales,Alariaceae,Southern Palm Kelp,nan
Channel Islands National Park,Algae,Laminariales,Alariaceae,Northern Palm Kelp,nan
Channel Islands National Park,Algae,Laminariales,Laminariaceae,Colander Weed,nan
Channel Islands National Park,Algae,Laminariales,Laminariaceae,None,nan
Channel Islands National Park,Algae,Laminariales,Laminariaceae,None,nan
Channel Islands National Park,Algae,Laminariales,Laminariaceae,None,nan
Channel Islands National Park,Algae,Laminariales,Laminariaceae,None,nan
Channel Islands National Park,Algae,Laminariales,Laminariaceae,None,nan
Channel Islands National Park,Algae,Laminariales,Laminariaceae,Oar Weed,nan
Channel Islands National Park,Algae,Laminariales,Laminariaceae,None,nan
Channel Islands National Park,Algae,Laminariales,Lessoniaceae,None,nan
Channel Islands National Park,Algae,Laminariales,Lessoniaceae,Giant Kelp,nan
Channel Islands National Park,Algae,Laminariales,Lessoniaceae,Bull Kelp,nan
Channel Islands National Park,Algae,Laminariales,Lessoniaceae,Elk Kelp,nan
Channel Islands National Park,Algae,Laminariales,Lessoniaceae,None,nan
Channel Islands National Park,Algae,Scytosiphonales,Scytosiphonaceae,None,nan
Channel Islands National Park,Algae,Scytosiphonales,Scytosiphonaceae,None,nan
Channel Islands National Park,Algae,Scytosiphonales,Scytosiphonaceae,None,nan
Channel Islands National Park,Algae,Scytosiphonales,Scytosiphonaceae,None,nan
Channel Islands National Park,Algae,Scytosiphonales,Scytosiphonaceae,None,nan
Channel Islands National Park,Algae,Scytosiphonales,Scytosiphonaceae,None,nan
Channel Islands National Park,Algae,Scytosiphonales,Scytosiphonaceae,None,nan
Channel Islands National Park,Algae,Scytosiphonales,Scytosiphonaceae,None,nan
Channel Islands National Park,Algae,Scytosiphonales,Scytosiphonaceae,None,nan
Channel Islands National Park,Algae,Sphacelariales,Sphacelariaceae,None,nan
Channel Islands National Park,Algae,Sphacelariales,Sphacelariaceae,None,nan
Channel Islands National Park,Algae,Sporochnales,Sporochnaceae,None,nan
Joshua Tree National Park,Mammal,Artiodactyla,Bovidae,"Feral Sheep, Red Sheep",nan
Joshua Tree National Park,Mammal,Artiodactyla,Bovidae,Peninsular Bighorn,nan
Joshua Tree National Park,Mammal,Artiodactyla,Bovidae,Nelson's Bighorn Sheep,Common
Joshua Tree National Park,Mammal,Artiodactyla,Cervidae,Mule Deer,Uncommon
Joshua Tree National Park,Mammal,Carnivora,Canidae,Coyote,Common
Joshua Tree National Park,Mammal,Carnivora,Canidae,Gray Fox,Common
Joshua Tree National Park,Mammal,Carnivora,Canidae,Kit Fox,Uncommon
Joshua Tree National Park,Mammal,Carnivora,Felidae,Bobcat,Common
Joshua Tree National Park,Mammal,Carnivora,Felidae,Cougar,Uncommon
Joshua Tree National Park,Mammal,Carnivora,Mephitidae,Western Spotted Skunk,Rare
Joshua Tree National Park,Mammal,Carnivora,Mustelidae,Long-Tailed Weasel,Rare
Joshua Tree National Park,Mammal,Carnivora,Mustelidae,American Badger,Uncommon
Joshua Tree National Park,Mammal,Carnivora,Procyonidae,Ringtail,Uncommon
Joshua Tree National Park,Mammal,Carnivora,Ursidae,American Black Bear,Occasional
Joshua Tree National Park,Mammal,Chiroptera,Molossidae,Western Mastiff-Bat,Unknown
Joshua Tree National Park,Mammal,Chiroptera,Phyllostomidae,California Leaf-Nosed Bat,Unknown
Joshua Tree National Park,Mammal,Chiroptera,Vespertilionidae,Pallid Bat,Unknown
Joshua Tree National Park,Mammal,Chiroptera,Vespertilionidae,Townsend's Big-Eared Bat,Unknown
Joshua Tree National Park,Mammal,Chiroptera,Vespertilionidae,Big Brown Bat,Unknown
Joshua Tree National Park,Mammal,Chiroptera,Vespertilionidae,Spotted Bat,Unknown
Joshua Tree National Park,Mammal,Chiroptera,Vespertilionidae,Hoary Bat,Unknown
Joshua Tree National Park,Mammal,Chiroptera,Vespertilionidae,Western Yellow Bat,Uncommon
Joshua Tree National Park,Mammal,Chiroptera,Vespertilionidae,Californian Myotis,Common
Joshua Tree National Park,Mammal,Chiroptera,Vespertilionidae,Fringed Myotis,Common
Joshua Tree National Park,Mammal,Chiroptera,Vespertilionidae,Long-Legged Myotis,Uncommon
Joshua Tree National Park,Mammal,Chiroptera,Vespertilionidae,Western Pipistrelle,Abundant
Joshua Tree National Park,Mammal,Didelphimorphia,Didelphidae,Virginia Opossum,nan
Joshua Tree National Park,Mammal,Lagomorpha,Leporidae,Snowhsoe Hare,nan
Joshua Tree National Park,Mammal,Lagomorpha,Leporidae,Black-Tailed Jackrabbit,Abundant
Joshua Tree National Park,Mammal,Lagomorpha,Leporidae,Desert Cottontail,Common
Joshua Tree National Park,Mammal,Perissodactyla,Equidae,"Ass, Burro (Feral)",nan
Joshua Tree National Park,Mammal,Rodentia,Cricetidae,California Vole,nan
Joshua Tree National Park,Mammal,Rodentia,Cricetidae,Woodrats,nan
Joshua Tree National Park,Mammal,Rodentia,Cricetidae,White-Throated Woodrat,Common
Joshua Tree National Park,Mammal,Rodentia,Cricetidae,Dusky-Footed Woodrat,Unknown
Joshua Tree National Park,Mammal,Rodentia,Cricetidae,Desert Woodrat,Abundant
Joshua Tree National Park,Mammal,Rodentia,Cricetidae,Southern Grasshopper Mouse,Common
Joshua Tree National Park,Mammal,Rodentia,Cricetidae,Deer Mice,nan
Joshua Tree National Park,Mammal,Rodentia,Cricetidae,Brush Deermouse,Uncommon
Joshua Tree National Park,Mammal,Rodentia,Cricetidae,California Deermouse,Rare
Joshua Tree National Park,Mammal,Rodentia,Cricetidae,Canyon Deermouse,Common
Joshua Tree National Park,Mammal,Rodentia,Cricetidae,Cactus Deermouse,Common
Joshua Tree National Park,Mammal,Rodentia,Cricetidae,North American Deermouse,Common
Joshua Tree National Park,Mammal,Rodentia,Cricetidae,Pi_On Deermouse,Common
Joshua Tree National Park,Mammal,Rodentia,Cricetidae,Western Harvest Mouse,Unknown
Joshua Tree National Park,Mammal,Rodentia,Geomyidae,Botta's Pocket Gopher,Common
Joshua Tree National Park,Mammal,Rodentia,Geomyidae,Southern Pocket Gopher,nan
Joshua Tree National Park,Mammal,Rodentia,Heteromyidae,Pocket Mice,nan
Joshua Tree National Park,Mammal,Rodentia,Heteromyidae,California Pocket Mouse,Common
Joshua Tree National Park,Mammal,Rodentia,Heteromyidae,San Diego Pocket Mouse,Abundant
Joshua Tree National Park,Mammal,Rodentia,Heteromyidae,Long-Tailed Pocket Mouse,Common
Joshua Tree National Park,Mammal,Rodentia,Heteromyidae,Rock Pocket Mouse,nan
Joshua Tree National Park,Mammal,Rodentia,Heteromyidae,Desert Pocket Mouse,Abundant
Joshua Tree National Park,Mammal,Rodentia,Heteromyidae,Spiny Pocket Mouse,Common
Joshua Tree National Park,Mammal,Rodentia,Heteromyidae,Kangaroo Rats,nan
Joshua Tree National Park,Mammal,Rodentia,Heteromyidae,Desert Kangaroo Rat,Uncommon
Joshua Tree National Park,Mammal,Rodentia,Heteromyidae,Merriam's Kangaroo Rat,Common
Joshua Tree National Park,Mammal,Rodentia,Heteromyidae,Chisel-Toothed Kangaroo Rat,Rare
Joshua Tree National Park,Mammal,Rodentia,Heteromyidae,Arizona Pocket Mouse,nan
Joshua Tree National Park,Mammal,Rodentia,Heteromyidae,Little Pocket Mouse,Abundant
Joshua Tree National Park,Mammal,Rodentia,Muridae,House Mouse,Occasional
Joshua Tree National Park,Mammal,Rodentia,Muridae,Black Rat,Unknown
Joshua Tree National Park,Mammal,Rodentia,Sciuridae,White-Tailed Antelope Squirrel,Abundant
Joshua Tree National Park,Mammal,Rodentia,Sciuridae,California Ground Squirrel,Common
Joshua Tree National Park,Mammal,Rodentia,Sciuridae,Round-Tailed Ground Squirrel,Common
Joshua Tree National Park,Mammal,Rodentia,Sciuridae,California Chipmunk,Common
Joshua Tree National Park,Mammal,Soricomorpha,Soricidae,Crawford's Gray Shrew,Rare
Joshua Tree National Park,Bird,Passeriformes,Emberizidae,Cassin'a Sparrow,nan
Joshua Tree National Park,Bird,Passeriformes,Parulidae,Hermit Warbler,Uncommon
Joshua Tree National Park,Bird,Accipitriformes,Accipitridae,Cooper's Hawk,Uncommon
Joshua Tree National Park,Bird,Accipitriformes,Accipitridae,Northern Goshawk,nan
Joshua Tree National Park,Bird,Accipitriformes,Accipitridae,Sharp-Shinned Hawk,Uncommon
Joshua Tree National Park,Bird,Accipitriformes,Accipitridae,Golden Eagle,Rare
Joshua Tree National Park,Bird,Accipitriformes,Accipitridae,Red-Tailed Hawk,Common
Joshua Tree National Park,Bird,Accipitriformes,Accipitridae,Rough-Legged Hawk,Occasional
Joshua Tree National Park,Bird,Accipitriformes,Accipitridae,Red-Shouldered Hawk,nan
Joshua Tree National Park,Bird,Accipitriformes,Accipitridae,Gray Hawk,nan
Joshua Tree National Park,Bird,Accipitriformes,Accipitridae,Broad-Winged Hawk,Occasional
Joshua Tree National Park,Bird,Accipitriformes,Accipitridae,Ferruginous Hawk,Rare
Joshua Tree National Park,Bird,Accipitriformes,Accipitridae,Swainson's Hawk,Occasional
Joshua Tree National Park,Bird,Accipitriformes,Accipitridae,Northern Harrier,Uncommon
Joshua Tree National Park,Bird,Accipitriformes,Accipitridae,White-Tailed Kite,nan
Joshua Tree National Park,Bird,Accipitriformes,Accipitridae,Bald Eagle,nan
Joshua Tree National Park,Bird,Accipitriformes,Accipitridae,Harris's Hawk,nan
Joshua Tree National Park,Bird,Accipitriformes,Cathartidae,Turkey Vulture,Common
Joshua Tree National Park,Bird,Accipitriformes,Cathartidae,California Condor,nan
Joshua Tree National Park,Bird,Accipitriformes,Pandionidae,Osprey,Rare
Joshua Tree National Park,Bird,Anseriformes,Anatidae,Wood Duck,Occasional
Joshua Tree National Park,Bird,Anseriformes,Anatidae,Northern Pintail,Rare
Joshua Tree National Park,Bird,Anseriformes,Anatidae,American Wigeon,Rare
Joshua Tree National Park,Bird,Anseriformes,Anatidae,Northern Shoveler,Rare
Joshua Tree National Park,Bird,Anseriformes,Anatidae,Green-Winged Teal,Occasional
Joshua Tree National Park,Bird,Anseriformes,Anatidae,Cinnamon Teal,Rare
Joshua Tree National Park,Bird,Anseriformes,Anatidae,Blue-Winged Teal,Rare
Joshua Tree National Park,Bird,Anseriformes,Anatidae,Mallard,Uncommon
Joshua Tree National Park,Bird,Anseriformes,Anatidae,Gadwall,Occasional
Joshua Tree National Park,Bird,Anseriformes,Anatidae,Lesser Scaup,Rare
Joshua Tree National Park,Bird,Anseriformes,Anatidae,Redhead,Occasional
Joshua Tree National Park,Bird,Anseriformes,Anatidae,Ring-Necked Duck,Rare
Joshua Tree National Park,Bird,Anseriformes,Anatidae,Canvasback,Rare
Joshua Tree National Park,Bird,Anseriformes,Anatidae,Brant,nan
Joshua Tree National Park,Bird,Anseriformes,Anatidae,Canada Goose,Rare
Joshua Tree National Park,Bird,Anseriformes,Anatidae,Bufflehead,Rare
Joshua Tree National Park,Bird,Anseriformes,Anatidae,Snow Goose,Rare
Joshua Tree National Park,Bird,Anseriformes,Anatidae,Hooded Merganser,Occasional
Joshua Tree National Park,Bird,Anseriformes,Anatidae,Blalck Scoter,nan
Joshua Tree National Park,Bird,Anseriformes,Anatidae,White-Winged Scoter,Occasional
Joshua Tree National Park,Bird,Anseriformes,Anatidae,Common Merganser,nan
Joshua Tree National Park,Bird,Anseriformes,Anatidae,Red-Breasted Merganser,Occasional
Joshua Tree National Park,Bird,Anseriformes,Anatidae,Ruddy Duck,Uncommon
Joshua Tree National Park,Bird,Apodiformes,Apodidae,White-Throated Swift,Common
Joshua Tree National Park,Bird,Apodiformes,Apodidae,Vaux's Swift,Common
Joshua Tree National Park,Bird,Apodiformes,Trochilidae,Black-Chinned Hummingbird,Uncommon
Joshua Tree National Park,Bird,Apodiformes,Trochilidae,Anna's Hummingbird,Common
Joshua Tree National Park,Bird,Apodiformes,Trochilidae,Costa's Hummingbird,Common
Joshua Tree National Park,Bird,Apodiformes,Trochilidae,Rufous Hummingbirds,nan
Joshua Tree National Park,Bird,Apodiformes,Trochilidae,Broad-Tailed Hummingbird,nan
Joshua Tree National Park,Bird,Apodiformes,Trochilidae,Rufous Hummingbird,Common
Joshua Tree National Park,Bird,Apodiformes,Trochilidae,Allen's Hummingbird,Occasional
Joshua Tree National Park,Bird,Apodiformes,Trochilidae,Calliope Hummingbird,Occasional
Joshua Tree National Park,Bird,Caprimulgiformes,Caprimulgidae,Lesser Nighthawk,Common
Joshua Tree National Park,Bird,Caprimulgiformes,Caprimulgidae,Common Nighthawk,Occasional
Joshua Tree National Park,Bird,Caprimulgiformes,Caprimulgidae,Common Poorwill,Common
Joshua Tree National Park,Bird,Charadriiformes,Charadriidae,Semipalmated Plover,nan
Joshua Tree National Park,Bird,Charadriiformes,Charadriidae,Killdeer,Uncommon
Joshua Tree National Park,Bird,Charadriiformes,Charadriidae,Black-Bellied Plover,nan
Joshua Tree National Park,Bird,Charadriiformes,Laridae,California Gull,nan
Joshua Tree National Park,Bird,Charadriiformes,Laridae,Ring-Billed Gull,nan
Joshua Tree National Park,Bird,Charadriiformes,Laridae,Western Gull,nan
Joshua Tree National Park,Bird,Charadriiformes,Recurvirostridae,Black-Necked Stilt,Rare
Joshua Tree National Park,Bird,Charadriiformes,Recurvirostridae,American Avocet,Rare
Joshua Tree National Park,Bird,Charadriiformes,Scolopacidae,Spotted Sandpiper,Rare
Joshua Tree National Park,Bird,Charadriiformes,Scolopacidae,Sanderling,nan
Joshua Tree National Park,Bird,Charadriiformes,Scolopacidae,Western Sandpiper,Rare
Joshua Tree National Park,Bird,Charadriiformes,Scolopacidae,Least Sandpiper,Rare
Joshua Tree National Park,Bird,Charadriiformes,Scolopacidae,Common Snipe,Rare
Joshua Tree National Park,Bird,Charadriiformes,Scolopacidae,Long-Billed Dowitcher,Rare
Joshua Tree National Park,Bird,Charadriiformes,Scolopacidae,Long-Billed Curlew,nan
Joshua Tree National Park,Bird,Charadriiformes,Scolopacidae,Red-Necked Phalarope,Rare
Joshua Tree National Park,Bird,Charadriiformes,Scolopacidae,Wilson's Phalarope,Rare
Joshua Tree National Park,Bird,Charadriiformes,Scolopacidae,Wandering Tatter,nan
Joshua Tree National Park,Bird,Charadriiformes,Scolopacidae,Greater Yellowlegs,Rare
Joshua Tree National Park,Bird,Charadriiformes,Scolopacidae,None,nan
Joshua Tree National Park,Bird,Charadriiformes,Scolopacidae,Solitary Sandpiper,Occasional
Joshua Tree National Park,Bird,Columbiformes,Columbidae,Rock Pigeon,Uncommon
Joshua Tree National Park,Bird,Columbiformes,Columbidae,Common Ground-Dove,Occasional
Joshua Tree National Park,Bird,Columbiformes,Columbidae,Band-Tailed Pigeon,nan
Joshua Tree National Park,Bird,Columbiformes,Columbidae,White-Winged Dove,Uncommon
Joshua Tree National Park,Bird,Columbiformes,Columbidae,Mourning Dove,Common
Joshua Tree National Park,Bird,Coraciiformes,Alcedinidae,Belted Kingfisher,Occasional
Joshua Tree National Park,Bird,Cuculiformes,Cuculidae,Yellow-Billed Cuckoo,Occasional
Joshua Tree National Park,Bird,Cuculiformes,Cuculidae,Greater Roadrunner,Uncommon
Joshua Tree National Park,Bird,Falconiformes,Falconidae,Merlin,Rare
Joshua Tree National Park,Bird,Falconiformes,Falconidae,Prairie Falcon,Uncommon
Joshua Tree National Park,Bird,Falconiformes,Falconidae,Peregrine Falcon,nan
Joshua Tree National Park,Bird,Falconiformes,Falconidae,American Kestrel,Common
Joshua Tree National Park,Bird,Galliformes,Odontophoridae,Californian Quail,nan
Joshua Tree National Park,Bird,Galliformes,Odontophoridae,Gambel's Quail,Common
Joshua Tree National Park,Bird,Galliformes,Odontophoridae,Mountain Quail,Rare
Joshua Tree National Park,Bird,Galliformes,Phasianidae,Chukar,Occasional
Joshua Tree National Park,Bird,Gaviiformes,Gaviidae,Common Loon,Occasional
Joshua Tree National Park,Bird,Gruiformes,Rallidae,American Coot,Uncommon
Joshua Tree National Park,Bird,Gruiformes,Rallidae,Common Gallinule,Occasional
Joshua Tree National Park,Bird,Gruiformes,Rallidae,Sora,Uncommon
Joshua Tree National Park,Bird,Gruiformes,Rallidae,Virginia Rail,Rare
Joshua Tree National Park,Bird,Passeriformes,Aegithalidae,Bushtit,Common
Joshua Tree National Park,Bird,Passeriformes,Alaudidae,Horned Lark,Common
Joshua Tree National Park,Bird,Passeriformes,Bombycillidae,Cedar Waxwing,Occasional
Joshua Tree National Park,Bird,Passeriformes,Bombycillidae,Bohemian Waxwing,nan
Joshua Tree National Park,Bird,Passeriformes,Calcariidae,Lapland Longspur,nan
Joshua Tree National Park,Bird,Passeriformes,Cardinalidae,Pyrrhuloxia,Occasional
Joshua Tree National Park,Bird,Passeriformes,Cardinalidae,Lazuli Bunting,Common
Joshua Tree National Park,Bird,Passeriformes,Cardinalidae,Blue Grosbeak,Rare
Joshua Tree National Park,Bird,Passeriformes,Cardinalidae,Painted Bunting,nan
Joshua Tree National Park,Bird,Passeriformes,Cardinalidae,Indigo Bunting,Occasional
Joshua Tree National Park,Bird,Passeriformes,Cardinalidae,Varied Bunting,nan
Joshua Tree National Park,Bird,Passeriformes,Cardinalidae,Rose-Breasted Grosbeak,Common
Joshua Tree National Park,Bird,Passeriformes,Cardinalidae,Black-Headed Grosbeak,Common
Joshua Tree National Park,Bird,Passeriformes,Cardinalidae,Western Tanager,Common
Joshua Tree National Park,Bird,Passeriformes,Cardinalidae,Summer Tanager,Rare
Joshua Tree National Park,Bird,Passeriformes,Cinclidae,American Dipper,nan
Joshua Tree National Park,Bird,Passeriformes,Corvidae,Western Scrub-Jay,Common
Joshua Tree National Park,Bird,Passeriformes,Corvidae,Common Raven,Common
Joshua Tree National Park,Bird,Passeriformes,Corvidae,Steller 'S Jay,Rare
Joshua Tree National Park,Bird,Passeriformes,Corvidae,Pinyon Jay,Common
Joshua Tree National Park,Bird,Passeriformes,Corvidae,Clark's Nutcracker,Occasional
Joshua Tree National Park,Bird,Passeriformes,Emberizidae,Rufous-Crowned Sparrow,Occasional
Joshua Tree National Park,Bird,Passeriformes,Emberizidae,Grasshopper Sparrow,Occasional
Joshua Tree National Park,Bird,Passeriformes,Emberizidae,Sage Sparrow,Common
Joshua Tree National Park,Bird,Passeriformes,Emberizidae,Black-Throated Sparrow,Common
Joshua Tree National Park,Bird,Passeriformes,Emberizidae,Lark Bunting,Occasional
Joshua Tree National Park,Bird,Passeriformes,Emberizidae,Lark Sparrow,Occasional
Joshua Tree National Park,Bird,Passeriformes,Emberizidae,Dark-Eyed Junco,Common
Joshua Tree National Park,Bird,Passeriformes,Emberizidae,Lincoln's Sparrow,Common
Joshua Tree National Park,Bird,Passeriformes,Emberizidae,Song Sparrow,Uncommon
Joshua Tree National Park,Bird,Passeriformes,Emberizidae,Abert's Towhee,Occasional
Joshua Tree National Park,Bird,Passeriformes,Emberizidae,California Towhee,Common
Joshua Tree National Park,Bird,Passeriformes,Emberizidae,Savannah Sparrow,Uncommon
Joshua Tree National Park,Bird,Passeriformes,Emberizidae,Fox Sparrow,Rare
Joshua Tree National Park,Bird,Passeriformes,Emberizidae,Green-Tailed Towhee,Uncommon
Joshua Tree National Park,Bird,Passeriformes,Emberizidae,Spotted Towhee,Common
Joshua Tree National Park,Bird,Passeriformes,Emberizidae,Vesper Sparrow,Rare
Joshua Tree National Park,Bird,Passeriformes,Emberizidae,Black-Chinned Sparrow,Uncommon
Joshua Tree National Park,Bird,Passeriformes,Emberizidae,Brewer's Sparrow,Common
Joshua Tree National Park,Bird,Passeriformes,Emberizidae,Chipping Sparrow,Common
Joshua Tree National Park,Bird,Passeriformes,Emberizidae,White-Throated Sparrow,Occasional
Joshua Tree National Park,Bird,Passeriformes,Emberizidae,Golden-Crowned Sparrow,Rare
Joshua Tree National Park,Bird,Passeriformes,Emberizidae,White-Crowned Sparrow,Common
Joshua Tree National Park,Bird,Passeriformes,Emberizidae,Harris's Sparrow,Occasional
Joshua Tree National Park,Bird,Passeriformes,Fringillidae,Cassin's Finch,Occasional
Joshua Tree National Park,Bird,Passeriformes,Fringillidae,House Finch,Common
Joshua Tree National Park,Bird,Passeriformes,Fringillidae,Purple Finch,Rare
Joshua Tree National Park,Bird,Passeriformes,Fringillidae,Evening Grosbeak,Occasional
Joshua Tree National Park,Bird,Passeriformes,Fringillidae,Red Crossbill,Occasional
Joshua Tree National Park,Bird,Passeriformes,Fringillidae,Lawrence's Goldfinch,Uncommon
Joshua Tree National Park,Bird,Passeriformes,Fringillidae,Pine Siskin,Rare
Joshua Tree National Park,Bird,Passeriformes,Fringillidae,Lesser Goldfinch,Common
Joshua Tree National Park,Bird,Passeriformes,Fringillidae,American Goldfinch,Occasional
Joshua Tree National Park,Bird,Passeriformes,Hirundinidae,Barn Swallow,Common
Joshua Tree National Park,Bird,Passeriformes,Hirundinidae,Cliff Swallow,Common
Joshua Tree National Park,Bird,Passeriformes,Hirundinidae,Purple Martin,Occasional
Joshua Tree National Park,Bird,Passeriformes,Hirundinidae,Bank Swallow,nan
Joshua Tree National Park,Bird,Passeriformes,Hirundinidae,Northern Rough-Winged Swallow,Common
Joshua Tree National Park,Bird,Passeriformes,Hirundinidae,Tree Swallow,Uncommon
Joshua Tree National Park,Bird,Passeriformes,Hirundinidae,Violet-Green Swallow,Common
Joshua Tree National Park,Bird,Passeriformes,Icteridae,Red-Winged Blackbird,Occasional
Joshua Tree National Park,Bird,Passeriformes,Icteridae,Rusty Blackbird,nan
Joshua Tree National Park,Bird,Passeriformes,Icteridae,Brewer's Blackbird,Common
Joshua Tree National Park,Bird,Passeriformes,Icteridae,Bullock's Oriole,Common
Joshua Tree National Park,Bird,Passeriformes,Icteridae,Hooded Oriole,Uncommon
Joshua Tree National Park,Bird,Passeriformes,Icteridae,Baltimore Oriole,Occasional
Joshua Tree National Park,Bird,Passeriformes,Icteridae,Scott's Oriole,Common
Joshua Tree National Park,Bird,Passeriformes,Icteridae,Orchard Oriole,nan
Joshua Tree National Park,Bird,Passeriformes,Icteridae,Brown-Headed Cowbird,Common
Joshua Tree National Park,Bird,Passeriformes,Icteridae,Great-Tailed Grackle,Occasional
Joshua Tree National Park,Bird,Passeriformes,Icteridae,Western Meadowlark,Common
Joshua Tree National Park,Bird,Passeriformes,Icteridae,Yellow-Headed Blackbird,Rare
Joshua Tree National Park,Bird,Passeriformes,Laniidae,Northern Shrike,nan
Joshua Tree National Park,Bird,Passeriformes,Laniidae,Loggerhead Shrike,Common
Joshua Tree National Park,Bird,Passeriformes,Mimidae,Gray Catbird,nan
Joshua Tree National Park,Bird,Passeriformes,Mimidae,Northern Mockingbird,Common
Joshua Tree National Park,Bird,Passeriformes,Mimidae,Sage Thrasher,Uncommon
Joshua Tree National Park,Bird,Passeriformes,Mimidae,Bendire's Thrasher,Rare
Joshua Tree National Park,Bird,Passeriformes,Mimidae,Crissal Thrasher,Occasional
Joshua Tree National Park,Bird,Passeriformes,Mimidae,Le Conte's Thrasher,Uncommon
Joshua Tree National Park,Bird,Passeriformes,Mimidae,California Thrasher,Uncommon
Joshua Tree National Park,Bird,Passeriformes,Mimidae,Brown Thrasher,Occasional
Joshua Tree National Park,Bird,Passeriformes,Motacillidae,American Pipit,Occasional
Joshua Tree National Park,Bird,Passeriformes,Motacillidae,Sprague's Pipit,nan
Joshua Tree National Park,Bird,Passeriformes,Paridae,Oak Titmouse,Common
Joshua Tree National Park,Bird,Passeriformes,Paridae,Mountain Chickadee,Occasional
Joshua Tree National Park,Bird,Passeriformes,Parulidae,Canada Warbler,Occasional
Joshua Tree National Park,Bird,Passeriformes,Parulidae,Wilson's Warbler,Common
Joshua Tree National Park,Bird,Passeriformes,Parulidae,Red-Faced Warbler,Occasional
Joshua Tree National Park,Bird,Passeriformes,Parulidae,Kentucky Warbler,nan
Joshua Tree National Park,Bird,Passeriformes,Parulidae,Macgillivray's Warbler,Rare
Joshua Tree National Park,Bird,Passeriformes,Parulidae,Common Yellowthroat,Uncommon
Joshua Tree National Park,Bird,Passeriformes,Parulidae,Yellow-Breasted Chat,Rare
Joshua Tree National Park,Bird,Passeriformes,Parulidae,Black-And-White Warbler,Occasional
Joshua Tree National Park,Bird,Passeriformes,Parulidae,Painted Redstart,Occasional
Joshua Tree National Park,Bird,Passeriformes,Parulidae,Connecticut Warbler,nan
Joshua Tree National Park,Bird,Passeriformes,Parulidae,Orange-Crowned Warbler,Common
Joshua Tree National Park,Bird,Passeriformes,Parulidae,Lucy's Warbler,Rare
Joshua Tree National Park,Bird,Passeriformes,Parulidae,Tennessee Warbler,nan
Joshua Tree National Park,Bird,Passeriformes,Parulidae,Nashville Warbler,Common
Joshua Tree National Park,Bird,Passeriformes,Parulidae,Virginia's Warbler,Rare
Joshua Tree National Park,Bird,Passeriformes,Parulidae,Louisiana Waterthrush,Occasional
Joshua Tree National Park,Bird,Passeriformes,Parulidae,Northern Waterthrush,nan
Joshua Tree National Park,Bird,Passeriformes,Parulidae,Ovenbird,Occasional
Joshua Tree National Park,Bird,Passeriformes,Parulidae,Black-Throated Blue Warbler,Occasional
Joshua Tree National Park,Bird,Passeriformes,Parulidae,Hooded Warbler,Occasional
Joshua Tree National Park,Bird,Passeriformes,Parulidae,Yellow-Rumped Warbler,Common
Joshua Tree National Park,Bird,Passeriformes,Parulidae,Black-Throated Gray Warbler,Common
Joshua Tree National Park,Bird,Passeriformes,Parulidae,Palm Warbler,Occasional
Joshua Tree National Park,Bird,Passeriformes,Parulidae,Chestnut-Sided Warbler,Occasional
Joshua Tree National Park,Bird,Passeriformes,Parulidae,Yellow Warbler,Common
Joshua Tree National Park,Bird,Passeriformes,Parulidae,American Redstart,Occasional
Joshua Tree National Park,Bird,Passeriformes,Parulidae,Blackpoll Warbler,nan
Joshua Tree National Park,Bird,Passeriformes,Parulidae,Cape May Warbler,nan
Joshua Tree National Park,Bird,Passeriformes,Parulidae,Townsend's Warbler,Common
Joshua Tree National Park,Bird,Passeriformes,Passeridae,House Sparrow,Uncommon
Joshua Tree National Park,Bird,Passeriformes,Polioptilidae,Blue-Gray Gnatcatcher,Common
Joshua Tree National Park,Bird,Passeriformes,Polioptilidae,Black-Tailed Gnatcatcher,Common
Joshua Tree National Park,Bird,Passeriformes,Ptilogonatidae,Phainopepla,Common
Joshua Tree National Park,Bird,Passeriformes,Regulidae,Ruby-Crowned Kinglet,Common
Joshua Tree National Park,Bird,Passeriformes,Regulidae,Golden-Crowned Kinglet,Occasional
Joshua Tree National Park,Bird,Passeriformes,Remizidae,Verdin,Common
Joshua Tree National Park,Bird,Passeriformes,Sittidae,Red-Breasted Nuthatch,Occasional
Joshua Tree National Park,Bird,Passeriformes,Sittidae,White-Breasted Nuthatch,Occasional
Joshua Tree National Park,Bird,Passeriformes,Sittidae,Pygmy Nuthatch,Occasional
Joshua Tree National Park,Bird,Passeriformes,Sturnidae,European Starling,Uncommon
Joshua Tree National Park,Bird,Passeriformes,Troglodytidae,Cactus Wren,Common
Joshua Tree National Park,Bird,Passeriformes,Troglodytidae,Canyon Wren,Common
Joshua Tree National Park,Bird,Passeriformes,Troglodytidae,Marsh Wren,Rare
Joshua Tree National Park,Bird,Passeriformes,Troglodytidae,Rock Wren,Common
Joshua Tree National Park,Bird,Passeriformes,Troglodytidae,Bewick's Wren,Common
Joshua Tree National Park,Bird,Passeriformes,Troglodytidae,House Wren,Uncommon
Joshua Tree National Park,Bird,Passeriformes,Troglodytidae,Winter Wren,Occasional
Joshua Tree National Park,Bird,Passeriformes,Turdidae,Hermit Thrush,Uncommon
Joshua Tree National Park,Bird,Passeriformes,Turdidae,Swainson's Thrush,Common
Joshua Tree National Park,Bird,Passeriformes,Turdidae,Varied Thrush,Occasional
Joshua Tree National Park,Bird,Passeriformes,Turdidae,Townsend's Solitaire,Occasional
Joshua Tree National Park,Bird,Passeriformes,Turdidae,Mountain Bluebird,Occasional
Joshua Tree National Park,Bird,Passeriformes,Turdidae,Western Bluebird,Uncommon
Joshua Tree National Park,Bird,Passeriformes,Turdidae,American Robin,Occasional
Joshua Tree National Park,Bird,Passeriformes,Tyrannidae,Olive-Sided Flycatcher,Rare
Joshua Tree National Park,Bird,Passeriformes,Tyrannidae,Greater Pewee,nan
Joshua Tree National Park,Bird,Passeriformes,Tyrannidae,Western Wood-Pewee,Common
Joshua Tree National Park,Bird,Passeriformes,Tyrannidae,Pacific-Slope Flycatcher,Common
Joshua Tree National Park,Bird,Passeriformes,Tyrannidae,Hammond's Flycatcher,Common
Joshua Tree National Park,Bird,Passeriformes,Tyrannidae,Least Flycatcher,nan
Joshua Tree National Park,Bird,Passeriformes,Tyrannidae,Dusky Flycatcher,Uncommon
Joshua Tree National Park,Bird,Passeriformes,Tyrannidae,Willow Flycatcher,Uncommon
Joshua Tree National Park,Bird,Passeriformes,Tyrannidae,Gray Flycatcher,Occasional
Joshua Tree National Park,Bird,Passeriformes,Tyrannidae,Ash-Throated Flycatcher,Common
Joshua Tree National Park,Bird,Passeriformes,Tyrannidae,Dusky-Capped Flycatcher,nan
Joshua Tree National Park,Bird,Passeriformes,Tyrannidae,Brown-Crested Flycatcher,nan
Joshua Tree National Park,Bird,Passeriformes,Tyrannidae,Vermilion Flycatcher,Occasional
Joshua Tree National Park,Bird,Passeriformes,Tyrannidae,Black Phoebe,Uncommon
Joshua Tree National Park,Bird,Passeriformes,Tyrannidae,Say's Phoebe,Uncommon
Joshua Tree National Park,Bird,Passeriformes,Tyrannidae,Western Kingbird,Uncommon
Joshua Tree National Park,Bird,Passeriformes,Tyrannidae,Cassin's Kingbird,Uncommon
Joshua Tree National Park,Bird,Passeriformes,Vireonidae,Bell's Vireo,Occasional
Joshua Tree National Park,Bird,Passeriformes,Vireonidae,Cassin's Vireo,Uncommon
Joshua Tree National Park,Bird,Passeriformes,Vireonidae,Warbling Vireo,Common
Joshua Tree National Park,Bird,Passeriformes,Vireonidae,Hutton's Vireo,Occasional
Joshua Tree National Park,Bird,Passeriformes,Vireonidae,Gray Vireo,Uncommon
Joshua Tree National Park,Bird,Pelecaniformes,Ardeidae,Great Egret,Rare
Joshua Tree National Park,Bird,Pelecaniformes,Ardeidae,Great Blue Heron,Rare
Joshua Tree National Park,Bird,Pelecaniformes,Ardeidae,American Bittern,Rare
Joshua Tree National Park,Bird,Pelecaniformes,Ardeidae,Cattle Egret,nan
Joshua Tree National Park,Bird,Pelecaniformes,Ardeidae,Green Heron,Rare
Joshua Tree National Park,Bird,Pelecaniformes,Ardeidae,Little Blue Heron,nan
Joshua Tree National Park,Bird,Pelecaniformes,Ardeidae,Snowy Egret,Rare
Joshua Tree National Park,Bird,Pelecaniformes,Ardeidae,Least Bittern,nan
Joshua Tree National Park,Bird,Pelecaniformes,Ardeidae,Black-Crowned Night-Heron,Rare
Joshua Tree National Park,Bird,Pelecaniformes,Pelecanidae,American White Pelican,Rare
Joshua Tree National Park,Bird,Pelecaniformes,Pelecanidae,Brown Pelican,nan
Joshua Tree National Park,Bird,Pelecaniformes,Threskiornithidae,White-Faced Ibis,Rare
Joshua Tree National Park,Bird,Pelecaniformes,Threskiornithidae,Glossy Ibis,Occasional
Joshua Tree National Park,Bird,Piciformes,Picidae,Northern Flicker,Uncommon
Joshua Tree National Park,Bird,Piciformes,Picidae,Gilded Flicker,Occasional
Joshua Tree National Park,Bird,Piciformes,Picidae,Red-Headed Woodpecker,nan
Joshua Tree National Park,Bird,Piciformes,Picidae,Acorn Woodpecker,Uncommon
Joshua Tree National Park,Bird,Piciformes,Picidae,Lewis's Woodpecker,Occasional
Joshua Tree National Park,Bird,Piciformes,Picidae,Gila Woodpecker,Occasional
Joshua Tree National Park,Bird,Piciformes,Picidae,White-Headed Woodpecker,Occasional
Joshua Tree National Park,Bird,Piciformes,Picidae,Nuttall's Woodpecker,Occasional
Joshua Tree National Park,Bird,Piciformes,Picidae,Downy Woodpecker,nan
Joshua Tree National Park,Bird,Piciformes,Picidae,Ladder-Backed Woodpecker,Common
Joshua Tree National Park,Bird,Piciformes,Picidae,Hairy Woodpecker,Occasional
Joshua Tree National Park,Bird,Piciformes,Picidae,Red-Naped Sapsucker,Rare
Joshua Tree National Park,Bird,Piciformes,Picidae,Red-Breasted Sapsucker,Occasional
Joshua Tree National Park,Bird,Piciformes,Picidae,Williamson's Sapsucker,Occasional
Joshua Tree National Park,Bird,Piciformes,Picidae,Yellow-Bellied Sapsucker,Occasional
Joshua Tree National Park,Bird,Podicipediformes,Podicipedidae,Western Grebe,Occasional
Joshua Tree National Park,Bird,Podicipediformes,Podicipedidae,Horned Grebe,nan
Joshua Tree National Park,Bird,Podicipediformes,Podicipedidae,Eared Grebe,Rare
Joshua Tree National Park,Bird,Podicipediformes,Podicipedidae,Pied-Billed Grebe,Uncommon
Joshua Tree National Park,Bird,Strigiformes,Strigidae,Northern Saw-Whet Owl,Occasional
Joshua Tree National Park,Bird,Strigiformes,Strigidae,Short-Eared Owl,Occasional
Joshua Tree National Park,Bird,Strigiformes,Strigidae,Long-Eared Owl,Occasional
Joshua Tree National Park,Bird,Strigiformes,Strigidae,Burrowing Owl,Rare
Joshua Tree National Park,Bird,Strigiformes,Strigidae,Great Horned Owl,Common
Joshua Tree National Park,Bird,Strigiformes,Strigidae,Western Screech-Owl,Rare
Joshua Tree National Park,Bird,Strigiformes,Strigidae,Elf Owl,nan
Joshua Tree National Park,Bird,Strigiformes,Tytonidae,Barn Owl,Uncommon
Joshua Tree National Park,Bird,Suliformes,Phalacrocoracidae,Double-Crested Cormorant,nan
Joshua Tree National Park,Reptile,nan,nan,Red Racer,Common
Joshua Tree National Park,Reptile,nan,nan,California Striped Racer,Common
Joshua Tree National Park,Reptile,nan,nan,Northern Desert Nightsnake,Common
Joshua Tree National Park,Reptile,nan,nan,Western Red-Tailed Skink,Common
Joshua Tree National Park,Reptile,nan,nan,Desert Threadsnake,Uncommon
Joshua Tree National Park,Reptile,nan,nan,Southwestern Threadsnake,Uncommon
Joshua Tree National Park,Reptile,Squamata,Anguidae,San Diego Alligator Lizard,Uncommon
Joshua Tree National Park,Reptile,Squamata,Anniellidae,California Legless Lizard,Rare
Joshua Tree National Park,Reptile,Squamata,Charinidae,Rosy Boa,Common
Joshua Tree National Park,Reptile,Squamata,Colubridae,Glossy Snake,Common
Joshua Tree National Park,Reptile,Squamata,Colubridae,Mojave Glossy Snake,Common
Joshua Tree National Park,Reptile,Squamata,Colubridae,Desert Glossy Snake,Common
Joshua Tree National Park,Reptile,Squamata,Colubridae,Western Shovel-Nosed Snake,Common
Joshua Tree National Park,Reptile,Squamata,Colubridae,Striped Whipsnake,nan
Joshua Tree National Park,Reptile,Squamata,Colubridae,California Kingsnake,Common
Joshua Tree National Park,Reptile,Squamata,Colubridae,Spotted Leaf-Nosed Snake,Common
Joshua Tree National Park,Reptile,Squamata,Colubridae,Gopher Snake,Common
Joshua Tree National Park,Reptile,Squamata,Colubridae,Sonoran Gopher Snake,Uncommon
Joshua Tree National Park,Reptile,Squamata,Colubridae,Great Basin Gopher Snake,Common
Joshua Tree National Park,Reptile,Squamata,Colubridae,Long-Nosed Snake,Common
Joshua Tree National Park,Reptile,Squamata,Colubridae,Western Patch-Nosed Snake,Common
Joshua Tree National Park,Reptile,Squamata,Colubridae,Desert Patch-Nosed Snake,Rare
Joshua Tree National Park,Reptile,Squamata,Colubridae,Mojave Patch-Nosed Snake,Common
Joshua Tree National Park,Reptile,Squamata,Colubridae,Smith's Black-Headed Snake,Rare
Joshua Tree National Park,Reptile,Squamata,Colubridae,Western Black-Headed Snake,nan
Joshua Tree National Park,Reptile,Squamata,Colubridae,California Lyresnake,Common
Joshua Tree National Park,Reptile,Squamata,Eublepharidae,Western Banded Gecko,Common
Joshua Tree National Park,Reptile,Squamata,Iguanidae,Zebra-Tailed Lizard,Common
Joshua Tree National Park,Reptile,Squamata,Iguanidae,Great Basin Collared Lizard,Uncommon
Joshua Tree National Park,Reptile,Squamata,Iguanidae,Desert Iguana,Common
Joshua Tree National Park,Reptile,Squamata,Iguanidae,Long-Nosed Leopard Lizard,Common
Joshua Tree National Park,Reptile,Squamata,Iguanidae,Blainville's Horned Lizard,Common
Joshua Tree National Park,Reptile,Squamata,Iguanidae,Desert Horned Lizard,Common
Joshua Tree National Park,Reptile,Squamata,Iguanidae,Common Chuckwalla,Common
Joshua Tree National Park,Reptile,Squamata,Iguanidae,Common Sagebrush Lizard,nan
Joshua Tree National Park,Reptile,Squamata,Iguanidae,Great Basin Fence Lizard,Abundant
Joshua Tree National Park,Reptile,Squamata,Iguanidae,Yellow-Backed Spiny Lizard,Common
Joshua Tree National Park,Reptile,Squamata,Iguanidae,Mohave Fringe-Toad Lizard,Rare
Joshua Tree National Park,Reptile,Squamata,Iguanidae,Western Long-Tailed Brush Lizard,Unknown
Joshua Tree National Park,Reptile,Squamata,Iguanidae,Common Side-Blotched Lizard,Abundant
Joshua Tree National Park,Reptile,Squamata,Leptotyphlopidae,Western Threadsnake,Uncommon
Joshua Tree National Park,Reptile,Squamata,Teiidae,Great Basin Whiptail,Common
Joshua Tree National Park,Reptile,Squamata,Viperidae,Western Diamond-Backed Rattlesnake,Uncommon
Joshua Tree National Park,Reptile,Squamata,Viperidae,Sidewinder,Common
Joshua Tree National Park,Reptile,Squamata,Viperidae,Mohave Desert Sidewinder,Common
Joshua Tree National Park,Reptile,Squamata,Viperidae,Colorado Desert Sidewinder,Common
Joshua Tree National Park,Reptile,Squamata,Viperidae,Speckled Rattlesnake,Common
Joshua Tree National Park,Reptile,Squamata,Viperidae,Southern Pacific Rattlesnake,Common
Joshua Tree National Park,Reptile,Squamata,Viperidae,Red Diamond Rattlesnake,Rare
Joshua Tree National Park,Reptile,Squamata,Viperidae,Mohave Rattlesnake,Common
Joshua Tree National Park,Reptile,Squamata,Xantusiidae,Desert Night Lizard,Common
Joshua Tree National Park,Reptile,Testudines,Testudinidae,Desert Tortoise,Uncommon
Joshua Tree National Park,Amphibian,Anura,Bufonidae,Western Toad,nan
Joshua Tree National Park,Amphibian,Anura,Bufonidae,Red-Spotted Toad,Common
Joshua Tree National Park,Amphibian,Anura,Hylidae,Canyon Treefrog,nan
Joshua Tree National Park,Amphibian,Anura,Hylidae,California Treefrog,Uncommon
Joshua Tree National Park,Amphibian,Anura,Hylidae,Baja California Treefrog,nan
Joshua Tree National Park,Fish,Cypriniformes,Cyprinidae,Goldfish,nan
Joshua Tree National Park,Vascular Plant,nan,nan,None,nan
Joshua Tree National Park,Vascular Plant,nan,nan,Bladder Pod,nan
Joshua Tree National Park,Vascular Plant,nan,Asclepiadaceae,None,nan
Joshua Tree National Park,Vascular Plant,Alismatales,Araceae,None,nan
Joshua Tree National Park,Vascular Plant,Alismatales,Araceae,Little Duckweed,nan
Joshua Tree National Park,Vascular Plant,Alismatales,Potamogetonaceae,Leafy Pondweed,nan
Joshua Tree National Park,Vascular Plant,Alismatales,Potamogetonaceae,Long-Leaved Pondweed,Common
Joshua Tree National Park,Vascular Plant,Apiales,Apiaceae,Desert Sand-Parsley,nan
Joshua Tree National Park,Vascular Plant,Apiales,Apiaceae,Hoary Bowlesia,nan
Joshua Tree National Park,Vascular Plant,Apiales,Apiaceae,"Arizona Springparsley, Purplenerve Springparsley, Wild Parsnip",Uncommon
Joshua Tree National Park,Vascular Plant,Apiales,Apiaceae,Panamint Springparsley,nan
Joshua Tree National Park,Vascular Plant,Apiales,Apiaceae,Panamint Springparsley,Uncommon
Joshua Tree National Park,Vascular Plant,Apiales,Apiaceae,"Bird's Nest, Queen Anne's Lace, Wild Carrot",nan
Joshua Tree National Park,Vascular Plant,Apiales,Apiaceae,"Mojave Desert Parsley, Mojave Lomatium",Common
Joshua Tree National Park,Vascular Plant,Apiales,Apiaceae,Parish's Umbrellawort,nan
Joshua Tree National Park,Vascular Plant,Arecales,Arecaceae,Date Palm,nan
Joshua Tree National Park,Vascular Plant,Arecales,Arecaceae,California Fan Palm,Uncommon
Joshua Tree National Park,Vascular Plant,Asparagales,Amaryllidaceae,Wild Onion,Uncommon
Joshua Tree National Park,Vascular Plant,Asparagales,Amaryllidaceae,Toothed Wild Onion,Common
Joshua Tree National Park,Vascular Plant,Asparagales,Amaryllidaceae,Fringed Onion,nan
Joshua Tree National Park,Vascular Plant,Asparagales,Amaryllidaceae,None,nan
Joshua Tree National Park,Vascular Plant,Asparagales,Amaryllidaceae,Fringed Onion,Common
Joshua Tree National Park,Vascular Plant,Asparagales,Amaryllidaceae,None,nan
Joshua Tree National Park,Vascular Plant,Asparagales,Amaryllidaceae,Parish's Onion,Uncommon
Joshua Tree National Park,Vascular Plant,Asparagales,Asparagaceae,Desert Agave,nan
Joshua Tree National Park,Vascular Plant,Asparagales,Asparagaceae,Smallflower Androstephium,Rare
Joshua Tree National Park,Vascular Plant,Asparagales,Asparagaceae,None,nan
Joshua Tree National Park,Vascular Plant,Asparagales,Asparagaceae,None,nan
Joshua Tree National Park,Vascular Plant,Asparagales,Asparagaceae,None,nan
Joshua Tree National Park,Vascular Plant,Asparagales,Asparagaceae,Bluedicks,nan
Joshua Tree National Park,Vascular Plant,Asparagales,Asparagaceae,Blue Dicks,Common
Joshua Tree National Park,Vascular Plant,Asparagales,Asparagaceae,"Blue Dicks, Blue-Dicks",nan
Joshua Tree National Park,Vascular Plant,Asparagales,Asparagaceae,None,nan
Joshua Tree National Park,Vascular Plant,Asparagales,Asparagaceae,Desert Lily,Common
Joshua Tree National Park,Vascular Plant,Asparagales,Asparagaceae,Bigelow's Nolina,Common
Joshua Tree National Park,Vascular Plant,Asparagales,Asparagaceae,Parry's Nolina,Abundant
Joshua Tree National Park,Vascular Plant,Asparagales,Asparagaceae,None,nan
Joshua Tree National Park,Vascular Plant,Asparagales,Asparagaceae,None,nan
Joshua Tree National Park,Vascular Plant,Asparagales,Asparagaceae,"Banana Yucca, Datil Yucca",nan
Joshua Tree National Park,Vascular Plant,Asparagales,Asparagaceae,Joshua Tree,Abundant
Joshua Tree National Park,Vascular Plant,Asparagales,Asparagaceae,None,nan
Joshua Tree National Park,Vascular Plant,Asparagales,Asparagaceae,"Eastern Joshua Tree, Jaeger Joshua Tree, Jaeger's Joshua Tree",nan
Joshua Tree National Park,Vascular Plant,Asparagales,Asparagaceae,Adam's Needle,nan
Joshua Tree National Park,Vascular Plant,Asparagales,Asparagaceae,None,nan
Joshua Tree National Park,Vascular Plant,Asparagales,Asparagaceae,Mohave Yucca,Common
Joshua Tree National Park,Vascular Plant,Asparagales,Asparagaceae,None,nan
Joshua Tree National Park,Vascular Plant,Asparagales,Asparagaceae,Whipple Yucca,nan
Joshua Tree National Park,Vascular Plant,Asparagales,Orchidaceae,Stream Orchid,Common
Joshua Tree National Park,Vascular Plant,Asterales,Asteraceae,Shockley's Goldenhead,nan
Joshua Tree National Park,Vascular Plant,Asterales,Asteraceae,Goldenhead,nan
Joshua Tree National Park,Vascular Plant,Asterales,Asteraceae,Hairy Goldenhead,nan
Joshua Tree National Park,Vascular Plant,Asterales,Asteraceae,Rayless Goldenhead,nan
Joshua Tree National Park,Vascular Plant,Asterales,Asteraceae,Cooper's Dogweed,Common
Joshua Tree National Park,Vascular Plant,Asterales,Asteraceae,San Felipe Dogweed,Common
Joshua Tree National Park,Vascular Plant,Asterales,Asteraceae,Annual Burrweed,Common
Joshua Tree National Park,Vascular Plant,Asterales,Asteraceae,Burroweed,Abundant
Joshua Tree National Park,Vascular Plant,Asterales,Asteraceae,None,nan
Joshua Tree National Park,Vascular Plant,Asterales,Asteraceae,Giant Ragweed,nan
Joshua Tree National Park,Vascular Plant,Asterales,Asteraceae,Scale-Bud,Common
Joshua Tree National Park,Vascular Plant,Asterales,Asteraceae,None,nan
Joshua Tree National Park,Vascular Plant,Asterales,Asteraceae,Tarragon,Common
Joshua Tree National Park,Vascular Plant,Asterales,Asteraceae,"Silver Wormwood, White Wormwood",nan
Joshua Tree National Park,Vascular Plant,Asterales,Asteraceae,White Mugwort,Common
Joshua Tree National Park,Vascular Plant,Asterales,Asteraceae,Black Sagebrush,nan
Joshua Tree National Park,Vascular Plant,Asterales,Asteraceae,Bud Sagebrush,nan
Joshua Tree National Park,Vascular Plant,Asterales,Asteraceae,Big Sagebrush,nan
Joshua Tree National Park,Vascular Plant,Asterales,Asteraceae,None,nan
Joshua Tree National Park,Vascular Plant,Asterales,Asteraceae,Aster,nan
Joshua Tree National Park,Vascular Plant,Asterales,Asteraceae,"Annual Saltmarsh Aster, Panicled Aster, Saltmarsh Aster, Slender Aster, Southern Annual Saltmarsh Aster",nan
Joshua Tree National Park,Vascular Plant,Asterales,Asteraceae,Gravel-Ghost,nan
Joshua Tree National Park,Vascular Plant,Asterales,Asteraceae,Short-Leaved Baccharis,Common
Joshua Tree National Park,Vascular Plant,Asterales,Asteraceae,Mule-Fat,nan
Joshua Tree National Park,Vascular Plant,Asterales,Asteraceae,"Broom Baccharis, Desert Broom, Desertbroom",nan
Joshua Tree National Park,Vascular Plant,Asterales,Asteraceae,Desert Baccharis,Common
Joshua Tree National Park,Vascular Plant,Asterales,Asteraceae,Desert Marigold,nan
Joshua Tree National Park,Vascular Plant,Asterales,Asteraceae,Wild Marigold,nan
Joshua Tree National Park,Vascular Plant,Asterales,Asteraceae,Few Flowered Desert Marigold,nan
Joshua Tree National Park,Vascular Plant,Asterales,Asteraceae,Woolly Marigold,Common
Joshua Tree National Park,Vascular Plant,Asterales,Asteraceae,Sweetbush,nan
Joshua Tree National Park,Vascular Plant,Asterales,Asteraceae,Rough Sweetbush,nan
Joshua Tree National Park,Vascular Plant,Asterales,Asteraceae,California Spear-Leaved Brickellia,nan
Joshua Tree National Park,Vascular Plant,Asterales,Asteraceae,"Hollyleaf Brickellbush, Spearleaf Brickellbush",nan
Joshua Tree National Park,Vascular Plant,Asterales,Asteraceae,California Brickellia,Common
Joshua Tree National Park,Vascular Plant,Asterales,Asteraceae,Desert Brickellia,Common
Joshua Tree National Park,Vascular Plant,Asterales,Asteraceae,Woolly Brickellia,Uncommon
Joshua Tree National Park,Vascular Plant,Asterales,Asteraceae,"Mohave Brickellbush, Mojave Brickellbush, Narrowleaf Brickellbush",nan
Joshua Tree National Park,Vascular Plant,Asterales,Asteraceae,Pinyon Brickellia,Common
Joshua Tree National Park,Vascular Plant,Asterales,Asteraceae,Yellow Tackstem,Common
Joshua Tree National Park,Vascular Plant,Asterales,Asteraceae,White Tackstem,Common
Joshua Tree National Park,Vascular Plant,Asterales,Asteraceae,Pebble Pincushion,nan
Joshua Tree National Park,Vascular Plant,Asterales,Asteraceae,Peirson's Pincushion,nan
Joshua Tree National Park,Vascular Plant,Asterales,Asteraceae,"Douglas Dustymaiden, Douglas' Dustymaiden, Douglas' Pincushion, Dusty Maiden, Dusty-Maiden",nan
Joshua Tree National Park,Vascular Plant,Asterales,Asteraceae,Fremont Pincushion,Occasional
Joshua Tree National Park,Vascular Plant,Asterales,Asteraceae,Mohave Pincushion,Common
Joshua Tree National Park,Vascular Plant,Asterales,Asteraceae,Desert Pincushion,Abundant
Joshua Tree National Park,Vascular Plant,Asterales,Asteraceae,None,nan
Joshua Tree National Park,Vascular Plant,Asterales,Asteraceae,Xantus' Pincushion,nan
Joshua Tree National Park,Vascular Plant,Asterales,Asteraceae,None,nan
Joshua Tree National Park,Vascular Plant,Asterales,Asteraceae,"Golden Aster, Telegraph Weed",nan
Joshua Tree National Park,Vascular Plant,Asterales,Asteraceae,None,nan
Joshua Tree National Park,Vascular Plant,Asterales,Asteraceae,Rabbitbrush,nan
Joshua Tree National Park,Vascular Plant,Asterales,Asteraceae,Mojave Rabbitbrush,Common
Joshua Tree National Park,Vascular Plant,Asterales,Asteraceae,None,nan
Joshua Tree National Park,Vascular Plant,Asterales,Asteraceae,Mohave Rabbitbrush,Common
Joshua Tree National Park,Vascular Plant,Asterales,Asteraceae,None,nan
Joshua Tree National Park,Vascular Plant,Asterales,Asteraceae,Needle-Leaved Rabbitbrush,Common
Joshua Tree National Park,Vascular Plant,Asterales,Asteraceae,Sticky-Leaved Rabbitbrush,nan
Joshua Tree National Park,Vascular Plant,Asterales,Asteraceae,Mojave Thistle,nan
Joshua Tree National Park,Vascular Plant,Asterales,Asteraceae,New Mexico Thistle,Common
Joshua Tree National Park,Vascular Plant,Asterales,Asteraceae,Canada Horseweed,Common
Joshua Tree National Park,Vascular Plant,Asterales,Asteraceae,Bigelow's Coreopsis,Common
Joshua Tree National Park,Vascular Plant,Asterales,Asteraceae,California Coreopsis,nan
Joshua Tree National Park,Vascular Plant,Asterales,Asteraceae,California Coreopsis,nan
Joshua Tree National Park,Vascular Plant,Asterales,Asteraceae,Leafy-Stemmed Coreopsis,nan
Joshua Tree National Park,Vascular Plant,Asterales,Asteraceae,Douglas' Tickseed,nan
Joshua Tree National Park,Vascular Plant,Asterales,Asteraceae,Desert Dicoria,Common
Joshua Tree National Park,Vascular Plant,Asterales,Asteraceae,Glandular Cape Marigold,Common
Joshua Tree National Park,Vascular Plant,Asterales,Asteraceae,None,nan
Joshua Tree National Park,Vascular Plant,Asterales,Asteraceae,Acton's Brittlebush,nan
Joshua Tree National Park,Vascular Plant,Asterales,Asteraceae,"Brittlebush, Incienso",Common
Joshua Tree National Park,Vascular Plant,Asterales,Asteraceae,"Button Encelia, Rayless Encelia",Common
Joshua Tree National Park,Vascular Plant,Asterales,Asteraceae,None,nan
Joshua Tree National Park,Vascular Plant,Asterales,Asteraceae,Virgin Encelia,Common
Joshua Tree National Park,Vascular Plant,Asterales,Asteraceae,Acton's Encelia,nan
Joshua Tree National Park,Vascular Plant,Asterales,Asteraceae,Cooper's Goldenbush,Common
Joshua Tree National Park,Vascular Plant,Asterales,Asteraceae,None,nan
Joshua Tree National Park,Vascular Plant,Asterales,Asteraceae,Rock Goldenbush,nan
Joshua Tree National Park,Vascular Plant,Asterales,Asteraceae,Cliff Goldenbush,nan
Joshua Tree National Park,Vascular Plant,Asterales,Asteraceae,"Cliff Goldenbush, Cliff Heathgoldenrod",Common
Joshua Tree National Park,Vascular Plant,Asterales,Asteraceae,"Ericameria, Turpentine Bush, Turpentinebush",nan
Joshua Tree National Park,Vascular Plant,Asterales,Asteraceae,Showy Goldenbush,Common
Joshua Tree National Park,Vascular Plant,Asterales,Asteraceae,"Goldenbush, Parish's Rabbitbrush",nan
Joshua Tree National Park,Vascular Plant,Asterales,Asteraceae,Coville's Fleabane,Common
Joshua Tree National Park,Vascular Plant,Asterales,Asteraceae,Brewer's Fleabane,nan
Joshua Tree National Park,Vascular Plant,Asterales,Asteraceae,"Hairy Daisy, Navajo Fleabane",nan
Joshua Tree National Park,Vascular Plant,Asterales,Asteraceae,Navajo Fleabane,nan
Joshua Tree National Park,Vascular Plant,Asterales,Asteraceae,Spreading Fleabane,nan
Joshua Tree National Park,Vascular Plant,Asterales,Asteraceae,Leafy Fleabane,nan
Joshua Tree National Park,Vascular Plant,Asterales,Asteraceae,None,nan
Joshua Tree National Park,Vascular Plant,Asterales,Asteraceae,Leafy Fleabane,nan
Joshua Tree National Park,Vascular Plant,Asterales,Asteraceae,None,nan
Joshua Tree National Park,Vascular Plant,Asterales,Asteraceae,Parish's Daisy,Rare
Joshua Tree National Park,Vascular Plant,Asterales,Asteraceae,None,nan
Joshua Tree National Park,Vascular Plant,Asterales,Asteraceae,Beautiful Woolly Sunflower,nan
Joshua Tree National Park,Vascular Plant,Asterales,Asteraceae,Golden Yarrow,nan
Joshua Tree National Park,Vascular Plant,Asterales,Asteraceae,Golden Yarrow,nan
Joshua Tree National Park,Vascular Plant,Asterales,Asteraceae,None,nan
Joshua Tree National Park,Vascular Plant,Asterales,Asteraceae,Pringle's Woolly Sunflower,nan
Joshua Tree National Park,Vascular Plant,Asterales,Asteraceae,Wallace's Woolly Daisy,Abundant
Joshua Tree National Park,Vascular Plant,Asterales,Asteraceae,Arizona Herba Impia,nan
Joshua Tree National Park,Vascular Plant,Asterales,Asteraceae,Dwarf Filago,Common
Joshua Tree National Park,Vascular Plant,Asterales,Asteraceae,Burroweed,nan
Joshua Tree National Park,Vascular Plant,Asterales,Asteraceae,Hairy Desert-Sunflower,Common
Joshua Tree National Park,Vascular Plant,Asterales,Asteraceae,Sticky Desert-Sunflower,nan
Joshua Tree National Park,Vascular Plant,Asterales,Asteraceae,Keysia,nan
Joshua Tree National Park,Vascular Plant,Asterales,Asteraceae,"Holy Dandelion, Holy-Dandelion, Largeflower Carveseed",nan
Joshua Tree National Park,Vascular Plant,Asterales,Asteraceae,Everlasting Cudweed,nan
Joshua Tree National Park,Vascular Plant,Asterales,Asteraceae,None,nan
Joshua Tree National Park,Vascular Plant,Asterales,Asteraceae,None,nan
Joshua Tree National Park,Vascular Plant,Asterales,Asteraceae,None,Common
Joshua Tree National Park,Vascular Plant,Asterales,Asteraceae,"Cudweed, Lowland Cudweed, Marsh Everlasting, Western Marsh Cudweed",nan
Joshua Tree National Park,Vascular Plant,Asterales,Asteraceae,Chilean Cudweed,Common
Joshua Tree National Park,Vascular Plant,Asterales,Asteraceae,Great Valley Gumweed,nan
Joshua Tree National Park,Vascular Plant,Asterales,Asteraceae,Snakeweed,nan
Joshua Tree National Park,Vascular Plant,Asterales,Asteraceae,None,nan
Joshua Tree National Park,Vascular Plant,Asterales,Asteraceae,Small-Headed Matchweed,nan
Joshua Tree National Park,Vascular Plant,Asterales,Asteraceae,Broom Snakeweed,nan
Joshua Tree National Park,Vascular Plant,Asterales,Asteraceae,None,nan
Joshua Tree National Park,Vascular Plant,Asterales,Asteraceae,Jaeger's Sunflower,nan
Joshua Tree National Park,Vascular Plant,Asterales,Asteraceae,None,nan
Joshua Tree National Park,Vascular Plant,Asterales,Asteraceae,Desert Sunflower,nan
Joshua Tree National Park,Vascular Plant,Asterales,Asteraceae,Sessileflower False Goldenaster,nan
Joshua Tree National Park,Vascular Plant,Asterales,Asteraceae,"Hairy False Goldaster, Hairy False Goldenaster, Hairy Goldaster, Hairy Goldenaster",nan
Joshua Tree National Park,Vascular Plant,Asterales,Asteraceae,Hairy Goldenaster,nan
Joshua Tree National Park,Vascular Plant,Asterales,Asteraceae,None,nan
Joshua Tree National Park,Vascular Plant,Asterales,Asteraceae,None,nan
Joshua Tree National Park,Vascular Plant,Asterales,Asteraceae,Pumice Hulsea,nan
Joshua Tree National Park,Vascular Plant,Asterales,Asteraceae,Pumice Alpinegold,nan
Joshua Tree National Park,Vascular Plant,Asterales,Asteraceae,None,nan
Joshua Tree National Park,Vascular Plant,Asterales,Asteraceae,Parry's Hulsea,Rare
Joshua Tree National Park,Vascular Plant,Asterales,Asteraceae,Cheesebrush,nan
Joshua Tree National Park,Vascular Plant,Asterales,Asteraceae,Cheesebush,Abundant
Joshua Tree National Park,Vascular Plant,Asterales,Asteraceae,Cooper's Goldflower,Common
Joshua Tree National Park,Vascular Plant,Asterales,Asteraceae,Alkali Goldenbush,nan
Joshua Tree National Park,Vascular Plant,Asterales,Asteraceae,"Alkali Goldenbush, Goldenweed",nan
Joshua Tree National Park,Vascular Plant,Asterales,Asteraceae,"China Lettuce, Prickly Lettuce, Wild Lettuce",nan
Joshua Tree National Park,Vascular Plant,Asterales,Asteraceae,Coulter's Goldfields,nan
Joshua Tree National Park,Vascular Plant,Asterales,Asteraceae,White Layia,Abundant
Joshua Tree National Park,Vascular Plant,Asterales,Asteraceae,Scale-Broom,nan
Joshua Tree National Park,Vascular Plant,Asterales,Asteraceae,None,nan
Joshua Tree National Park,Vascular Plant,Asterales,Asteraceae,Tarweed,nan
Joshua Tree National Park,Vascular Plant,Asterales,Asteraceae,California Dandelion,nan
Joshua Tree National Park,Vascular Plant,Asterales,Asteraceae,Desert Dandelion,Common
Joshua Tree National Park,Vascular Plant,Asterales,Asteraceae,Yellow Saucers,nan
Joshua Tree National Park,Vascular Plant,Asterales,Asteraceae,Stebbins' Malacothrix,nan
Joshua Tree National Park,Vascular Plant,Asterales,Asteraceae,None,nan
Joshua Tree National Park,Vascular Plant,Asterales,Asteraceae,Desert Star,nan
Joshua Tree National Park,Vascular Plant,Asterales,Asteraceae,Mojave Desert Star,Abundant
Joshua Tree National Park,Vascular Plant,Asterales,Asteraceae,Western Nicolletia,Common
Joshua Tree National Park,Vascular Plant,Asterales,Asteraceae,Spanish Needle,nan
Joshua Tree National Park,Vascular Plant,Asterales,Asteraceae,"Desert Palafox, Desert Palafoxia",nan
Joshua Tree National Park,Vascular Plant,Asterales,Asteraceae,Palafox,nan
Joshua Tree National Park,Vascular Plant,Asterales,Asteraceae,Chinch-Weed,nan
Joshua Tree National Park,Vascular Plant,Asterales,Asteraceae,Chinch-Weed,nan
Joshua Tree National Park,Vascular Plant,Asterales,Asteraceae,Emory's Rock-Daisy,nan
Joshua Tree National Park,Vascular Plant,Asterales,Asteraceae,Schott's Pygmy Cedar,Common
Joshua Tree National Park,Vascular Plant,Asterales,Asteraceae,Arrow-Leaf,nan
Joshua Tree National Park,Vascular Plant,Asterales,Asteraceae,Arrow-Weed,nan
Joshua Tree National Park,Vascular Plant,Asterales,Asteraceae,Odora,Common
Joshua Tree National Park,Vascular Plant,Asterales,Asteraceae,Bright-White,nan
Joshua Tree National Park,Vascular Plant,Asterales,Asteraceae,Turtleback,Common
Joshua Tree National Park,Vascular Plant,Asterales,Asteraceae,"Pseudognaphalium, Wright's Cudweed",nan
Joshua Tree National Park,Vascular Plant,Asterales,Asteraceae,Paper Flower,nan
Joshua Tree National Park,Vascular Plant,Asterales,Asteraceae,California Chicory,nan
Joshua Tree National Park,Vascular Plant,Asterales,Asteraceae,Desert Chicory,Common
Joshua Tree National Park,Vascular Plant,Asterales,Asteraceae,None,nan
Joshua Tree National Park,Vascular Plant,Asterales,Asteraceae,None,nan
Joshua Tree National Park,Vascular Plant,Asterales,Asteraceae,Douglas' Shrubby Ragwort,Abundant
Joshua Tree National Park,Vascular Plant,Asterales,Asteraceae,Mono Ragwort,Common
Joshua Tree National Park,Vascular Plant,Asterales,Asteraceae,Mojave Groundsel,nan
Joshua Tree National Park,Vascular Plant,Asterales,Asteraceae,None,nan
Joshua Tree National Park,Vascular Plant,Asterales,Asteraceae,Spiny Sowthistle,nan
Joshua Tree National Park,Vascular Plant,Asterales,Asteraceae,Common Sowthistle,nan
Joshua Tree National Park,Vascular Plant,Asterales,Asteraceae,Annual Mitra,nan
Joshua Tree National Park,Vascular Plant,Asterales,Asteraceae,Slender Stephanomeria,Common
Joshua Tree National Park,Vascular Plant,Asterales,Asteraceae,None,nan
Joshua Tree National Park,Vascular Plant,Asterales,Asteraceae,Parry's Rock Pink,Common
Joshua Tree National Park,Vascular Plant,Asterales,Asteraceae,Wire-Lettuce,nan
Joshua Tree National Park,Vascular Plant,Asterales,Asteraceae,"Desert Nest Straw, Woolly Nest-Straw",nan
Joshua Tree National Park,Vascular Plant,Asterales,Asteraceae,Striped Horsebrush,nan
Joshua Tree National Park,Vascular Plant,Asterales,Asteraceae,Catclaw Horsebrush,nan
Joshua Tree National Park,Vascular Plant,Asterales,Asteraceae,Catclaw Horsebrush,Common
Joshua Tree National Park,Vascular Plant,Asterales,Asteraceae,Shortspine Horsebrush,nan
Joshua Tree National Park,Vascular Plant,Asterales,Asteraceae,Mojave Horsebrush,Common
Joshua Tree National Park,Vascular Plant,Asterales,Asteraceae,Yellow-Head,nan
Joshua Tree National Park,Vascular Plant,Asterales,Asteraceae,"American Threefold, American Trixis, California Trixis",nan
Joshua Tree National Park,Vascular Plant,Asterales,Asteraceae,"American Threefold, California Threefold",Common
Joshua Tree National Park,Vascular Plant,Asterales,Asteraceae,Silver Puffs,Abundant
Joshua Tree National Park,Vascular Plant,Asterales,Asteraceae,Triangle Goldeneye,nan
Joshua Tree National Park,Vascular Plant,Asterales,Asteraceae,None,nan
Joshua Tree National Park,Vascular Plant,Asterales,Asteraceae,Parish's Viguiera,Common
Joshua Tree National Park,Vascular Plant,Asterales,Asteraceae,"Death Valley Goldeneye, Netvein Goldeneye",nan
Joshua Tree National Park,Vascular Plant,Asterales,Asteraceae,Cocklebur,nan
Joshua Tree National Park,Vascular Plant,Asterales,Asteraceae,Mojave-Aster,nan
Joshua Tree National Park,Vascular Plant,Asterales,Asteraceae,"Mojave Aster, Mojave Woodyaster",nan
Joshua Tree National Park,Vascular Plant,Asterales,Campanulaceae,Glandular Nemacladus,nan
Joshua Tree National Park,Vascular Plant,Asterales,Campanulaceae,Glandular Threadplant,nan
Joshua Tree National Park,Vascular Plant,Asterales,Campanulaceae,Long-Flowered Nemacladus,nan
Joshua Tree National Park,Vascular Plant,Asterales,Campanulaceae,Long-Flowered Nemacladus,nan
Joshua Tree National Park,Vascular Plant,Asterales,Campanulaceae,Combleaf Threadplant,nan
Joshua Tree National Park,Vascular Plant,Asterales,Campanulaceae,Desert Nemacladus,nan
Joshua Tree National Park,Vascular Plant,Asterales,Campanulaceae,Small-Flowered Nemacladus,nan
Joshua Tree National Park,Vascular Plant,Boraginales,Boraginaceae,"Menzies' Fiddleneck, Smallflower Fiddleneck, Small-Flower Fiddleneck",nan
Joshua Tree National Park,Vascular Plant,Boraginales,Boraginaceae,"Coast Buckthorn, Coast Fiddleneck, Common Fiddleneck, Intermediate Fiddleneck",Common
Joshua Tree National Park,Vascular Plant,Boraginales,Boraginaceae,Checker Fiddleneck,nan
Joshua Tree National Park,Vascular Plant,Boraginales,Boraginaceae,Bristly Fiddleneck,Common
Joshua Tree National Park,Vascular Plant,Boraginales,Boraginaceae,Narrow-Leaved Cryptantha,Common
Joshua Tree National Park,Vascular Plant,Boraginales,Boraginaceae,Bearded Cryptantha,Common
Joshua Tree National Park,Vascular Plant,Boraginales,Boraginaceae,Capped Cryptantha,Common
Joshua Tree National Park,Vascular Plant,Boraginales,Boraginaceae,Ribbed Cryptantha,nan
Joshua Tree National Park,Vascular Plant,Boraginales,Boraginaceae,Gravel Cryptantha,nan
Joshua Tree National Park,Vascular Plant,Boraginales,Boraginaceae,Bush-Loving Cryptantha,Common
Joshua Tree National Park,Vascular Plant,Boraginales,Boraginaceae,Slender Cryptantha,nan
Joshua Tree National Park,Vascular Plant,Boraginales,Boraginaceae,Winged Cryptantha,nan
Joshua Tree National Park,Vascular Plant,Boraginales,Boraginaceae,Guadalupe Cryptantha,Common
Joshua Tree National Park,Vascular Plant,Boraginales,Boraginaceae,Purple-Root Cryptantha,Common
Joshua Tree National Park,Vascular Plant,Boraginales,Boraginaceae,"Nevada Catseye, Nevada Cryptantha",nan
Joshua Tree National Park,Vascular Plant,Boraginales,Boraginaceae,Wing-Nut Cryptantha,Common
Joshua Tree National Park,Vascular Plant,Boraginales,Boraginaceae,Bushy Cryptantha,Common
Joshua Tree National Park,Vascular Plant,Boraginales,Boraginaceae,None,nan
Joshua Tree National Park,Vascular Plant,Boraginales,Boraginaceae,Scented Cryptantha,Common
Joshua Tree National Park,Vascular Plant,Boraginales,Boraginaceae,Narrow Leaved Yerba Santa,Common
Joshua Tree National Park,Vascular Plant,Boraginales,Boraginaceae,Thick-Leaved Yerba Santa,nan
Joshua Tree National Park,Vascular Plant,Boraginales,Boraginaceae,Hairy Yerba Santa,nan
Joshua Tree National Park,Vascular Plant,Boraginales,Boraginaceae,None,nan
Joshua Tree National Park,Vascular Plant,Boraginales,Boraginaceae,Hairy Yerba Santa,Common
Joshua Tree National Park,Vascular Plant,Boraginales,Boraginaceae,Hairy Yerba Santa,Common
Joshua Tree National Park,Vascular Plant,Boraginales,Boraginaceae,None,nan
Joshua Tree National Park,Vascular Plant,Boraginales,Boraginaceae,Purple Mat,nan
Joshua Tree National Park,Vascular Plant,Boraginales,Boraginaceae,Coville's Purplemat,nan
Joshua Tree National Park,Vascular Plant,Boraginales,Boraginaceae,Purple Mat,Common
Joshua Tree National Park,Vascular Plant,Boraginales,Boraginaceae,None,nan
Joshua Tree National Park,Vascular Plant,Boraginales,Boraginaceae,None,nan
Joshua Tree National Park,Vascular Plant,Boraginales,Boraginaceae,Hairy Purple Mat,Common
Joshua Tree National Park,Vascular Plant,Boraginales,Boraginaceae,Wing-Nutted Combseed,Common
Joshua Tree National Park,Vascular Plant,Boraginales,Boraginaceae,Broad-Fruited Combseed,Common
Joshua Tree National Park,Vascular Plant,Boraginales,Boraginaceae,Arch-Nutted Combseed,Common
Joshua Tree National Park,Vascular Plant,Boraginales,Boraginaceae,Bristly Combseed,Common
Joshua Tree National Park,Vascular Plant,Boraginales,Boraginaceae,Popcorn-Flower,Common
Joshua Tree National Park,Vascular Plant,Boraginales,Ehretiaceae,None,nan
Joshua Tree National Park,Vascular Plant,Boraginales,Ehretiaceae,None,nan
Joshua Tree National Park,Vascular Plant,Boraginales,Ehretiaceae,None,nan
Joshua Tree National Park,Vascular Plant,Boraginales,Ehretiaceae,Dune Food,Uncommon
Joshua Tree National Park,Vascular Plant,Boraginales,Ehretiaceae,Shrubby Coldenia,nan
Joshua Tree National Park,Vascular Plant,Boraginales,Ehretiaceae,"Crinklemat, Gray Coldenia, Gray Tiquilia, Ratear Coldenia, Woody Crinklemat",Common
Joshua Tree National Park,Vascular Plant,Boraginales,Ehretiaceae,Plicate Tiquila,Common
Joshua Tree National Park,Vascular Plant,Boraginales,Heliotropiaceae,Chinese Pusley,nan
Joshua Tree National Park,Vascular Plant,Boraginales,Hydrophyllaceae,Whispering Bells,nan
Joshua Tree National Park,Vascular Plant,Boraginales,Hydrophyllaceae,Whisperingbells,Common
Joshua Tree National Park,Vascular Plant,Boraginales,Hydrophyllaceae,Common Eucrypta,nan
Joshua Tree National Park,Vascular Plant,Boraginales,Hydrophyllaceae,Common Eucrypta,Common
Joshua Tree National Park,Vascular Plant,Boraginales,Hydrophyllaceae,Desert Eucrypta,Common
Joshua Tree National Park,Vascular Plant,Boraginales,Hydrophyllaceae,"Baby Blue Eyes, Baby Blue-Eyes",nan
Joshua Tree National Park,Vascular Plant,Boraginales,Hydrophyllaceae,Baby Blue Eyes,Common
Joshua Tree National Park,Vascular Plant,Boraginales,Hydrophyllaceae,Baby Blue-Eyes,nan
Joshua Tree National Park,Vascular Plant,Boraginales,Hydrophyllaceae,None,nan
Joshua Tree National Park,Vascular Plant,Boraginales,Hydrophyllaceae,Purple Bell Phacelia,Common
Joshua Tree National Park,Vascular Plant,Boraginales,Hydrophyllaceae,Two-Colored Phacelia,nan
Joshua Tree National Park,Vascular Plant,Boraginales,Hydrophyllaceae,None,Common
Joshua Tree National Park,Vascular Plant,Boraginales,Hydrophyllaceae,Desert-Bells,nan
Joshua Tree National Park,Vascular Plant,Boraginales,Hydrophyllaceae,Desertbells,Common
Joshua Tree National Park,Vascular Plant,Boraginales,Hydrophyllaceae,Desert-Bells,Common
Joshua Tree National Park,Vascular Plant,Boraginales,Hydrophyllaceae,Notchleaf Phacelia,nan
Joshua Tree National Park,Vascular Plant,Boraginales,Hydrophyllaceae,Heliotrope Phacelia,Common
Joshua Tree National Park,Vascular Plant,Boraginales,Hydrophyllaceae,Cleftleaf Wildheliotrope,Common
Joshua Tree National Park,Vascular Plant,Boraginales,Hydrophyllaceae,Limestone Phacelia,Common
Joshua Tree National Park,Vascular Plant,Boraginales,Hydrophyllaceae,"Washoe Phacelia, Washoe Scorpion-Weed",Common
Joshua Tree National Park,Vascular Plant,Boraginales,Hydrophyllaceae,Common Phacelia,Common
Joshua Tree National Park,Vascular Plant,Boraginales,Hydrophyllaceae,Fremont's Phacelia,Common
Joshua Tree National Park,Vascular Plant,Boraginales,Hydrophyllaceae,None,nan
Joshua Tree National Park,Vascular Plant,Boraginales,Hydrophyllaceae,Mountain Phacelia,nan
Joshua Tree National Park,Vascular Plant,Boraginales,Hydrophyllaceae,Ives' Phacelia,nan
Joshua Tree National Park,Vascular Plant,Boraginales,Hydrophyllaceae,Lemmon's Phacelia,Common
Joshua Tree National Park,Vascular Plant,Boraginales,Hydrophyllaceae,Weasel Phacelia,nan
Joshua Tree National Park,Vascular Plant,Boraginales,Hydrophyllaceae,Charlotte's Phacelia,nan
Joshua Tree National Park,Vascular Plant,Boraginales,Hydrophyllaceae,"Alkali Phacelia, Alkali Scorpion-Weed",Common
Joshua Tree National Park,Vascular Plant,Boraginales,Hydrophyllaceae,Specter Phacelia,Common
Joshua Tree National Park,Vascular Plant,Boraginales,Hydrophyllaceae,Round-Leafed Phacelia,Common
Joshua Tree National Park,Vascular Plant,Boraginales,Hydrophyllaceae,Tansy-Leafed Phacelia,Common
Joshua Tree National Park,Vascular Plant,Boraginales,Hydrophyllaceae,Death Valley Phacelia,Common
Joshua Tree National Park,Vascular Plant,Boraginales,Hydrophyllaceae,White Fiesta Flower,Common
Joshua Tree National Park,Vascular Plant,Brassicales,Brassicaceae,Pinyon Rock-Cress,Rare
Joshua Tree National Park,Vascular Plant,Brassicales,Brassicaceae,Glaucous-Valved Rockcress,nan
Joshua Tree National Park,Vascular Plant,Brassicales,Brassicaceae,Perennial Rock-Cress,nan
Joshua Tree National Park,Vascular Plant,Brassicales,Brassicaceae,Beautiful Rock-Cress,nan
Joshua Tree National Park,Vascular Plant,Brassicales,Brassicaceae,"Beautiful Rock-Cress, Slender Rock-Cress",nan
Joshua Tree National Park,Vascular Plant,Brassicales,Brassicaceae,Princes' Rock Cress,nan
Joshua Tree National Park,Vascular Plant,Brassicales,Brassicaceae,None,nan
Joshua Tree National Park,Vascular Plant,Brassicales,Brassicaceae,Black Mustard,nan
Joshua Tree National Park,Vascular Plant,Brassicales,Brassicaceae,Asian Mustard,Abundant
Joshua Tree National Park,Vascular Plant,Brassicales,Brassicaceae,Little-Podded Falseflax,nan
Joshua Tree National Park,Vascular Plant,Brassicales,Brassicaceae,Gold-Of-Pleasure,nan
Joshua Tree National Park,Vascular Plant,Brassicales,Brassicaceae,Cooper's Caulanthus,nan
Joshua Tree National Park,Vascular Plant,Brassicales,Brassicaceae,Hall's Caulanthus,nan
Joshua Tree National Park,Vascular Plant,Brassicales,Brassicaceae,Coast Range Wild Cabbage,nan
Joshua Tree National Park,Vascular Plant,Brassicales,Brassicaceae,None,nan
Joshua Tree National Park,Vascular Plant,Brassicales,Brassicaceae,Pinnate Leaved Tansy-Mustard,nan
Joshua Tree National Park,Vascular Plant,Brassicales,Brassicaceae,Smooth Western Tansy-Mustard,nan
Joshua Tree National Park,Vascular Plant,Brassicales,Brassicaceae,"Western Tansy Mustard, Western Tansymustard",Common
Joshua Tree National Park,Vascular Plant,Brassicales,Brassicaceae,Menzies' Western Tansy-Mustard,Common
Joshua Tree National Park,Vascular Plant,Brassicales,Brassicaceae,Spectacle-Pod,Abundant
Joshua Tree National Park,Vascular Plant,Brassicales,Brassicaceae,Wedge-Leaved Draba,nan
Joshua Tree National Park,Vascular Plant,Brassicales,Brassicaceae,Western Wallflower,nan
Joshua Tree National Park,Vascular Plant,Brassicales,Brassicaceae,"Coast Wallflower, Sand Dune Wallflower, Western Wallflower",nan
Joshua Tree National Park,Vascular Plant,Brassicales,Brassicaceae,Western Wallflower,nan
Joshua Tree National Park,Vascular Plant,Brassicales,Brassicaceae,California Mustard,Common
Joshua Tree National Park,Vascular Plant,Brassicales,Brassicaceae,None,nan
Joshua Tree National Park,Vascular Plant,Brassicales,Brassicaceae,Jaeger's Halimolobos,nan
Joshua Tree National Park,Vascular Plant,Brassicales,Brassicaceae,Shortpod Mustard,nan
Joshua Tree National Park,Vascular Plant,Brassicales,Brassicaceae,Common Pepperweed,nan
Joshua Tree National Park,Vascular Plant,Brassicales,Brassicaceae,Yellow Pepper-Grass,nan
Joshua Tree National Park,Vascular Plant,Brassicales,Brassicaceae,Desert Pepper-Grass,nan
Joshua Tree National Park,Vascular Plant,Brassicales,Brassicaceae,"Hairypod Pepperweed, Shaggyfruit Pepperweed",nan
Joshua Tree National Park,Vascular Plant,Brassicales,Brassicaceae,Hairypod Pepperweed,nan
Joshua Tree National Park,Vascular Plant,Brassicales,Brassicaceae,Palmer Bead Pod,nan
Joshua Tree National Park,Vascular Plant,Brassicales,Brassicaceae,Wild Radish,nan
Joshua Tree National Park,Vascular Plant,Brassicales,Brassicaceae,"Cultivated Radish, Garden Radish, Radish, Wild Radish",nan
Joshua Tree National Park,Vascular Plant,Brassicales,Brassicaceae,Tumble-Mustard,Abundant
Joshua Tree National Park,Vascular Plant,Brassicales,Brassicaceae,London Rocket,Common
Joshua Tree National Park,Vascular Plant,Brassicales,Brassicaceae,Indian Hedge Mustard,Abundant
Joshua Tree National Park,Vascular Plant,Brassicales,Brassicaceae,"Panamint Princesplume, Panamint Prince's-Plume, Tall Prince's-Plume",nan
Joshua Tree National Park,Vascular Plant,Brassicales,Brassicaceae,Desert Plume,nan
Joshua Tree National Park,Vascular Plant,Brassicales,Brassicaceae,Longbeak Twistfower,nan
Joshua Tree National Park,Vascular Plant,Brassicales,Brassicaceae,Southern Jewelflower,nan
Joshua Tree National Park,Vascular Plant,Brassicales,Brassicaceae,Entire-Leaved Thelypodium,nan
Joshua Tree National Park,Vascular Plant,Brassicales,Brassicaceae,None,nan
Joshua Tree National Park,Vascular Plant,Brassicales,Brassicaceae,None,nan
Joshua Tree National Park,Vascular Plant,Brassicales,Brassicaceae,None,nan
Joshua Tree National Park,Vascular Plant,Brassicales,Brassicaceae,Common Fringe-Pod,nan
Joshua Tree National Park,Vascular Plant,Brassicales,Brassicaceae,None,nan
Joshua Tree National Park,Vascular Plant,Brassicales,Brassicaceae,Common Lace-Pod,nan
Joshua Tree National Park,Vascular Plant,Brassicales,Brassicaceae,Mountain Fringepod,nan
Joshua Tree National Park,Vascular Plant,Brassicales,Brassicaceae,Slender Tropidocarpum,nan
Joshua Tree National Park,Vascular Plant,Brassicales,Cleomaceae,Yellow Bee-Plant,nan
Joshua Tree National Park,Vascular Plant,Brassicales,Cleomaceae,Mojave Cleomella,nan
Joshua Tree National Park,Vascular Plant,Brassicales,Cleomaceae,Bladderpod,Common
Joshua Tree National Park,Vascular Plant,Brassicales,Cleomaceae,Spiny Caper,nan
Joshua Tree National Park,Vascular Plant,Brassicales,Cleomaceae,Jackass Clover,nan
Joshua Tree National Park,Vascular Plant,Brassicales,Cleomaceae,Spectacle Fruit,Rare
Joshua Tree National Park,Vascular Plant,Brassicales,Resedaceae,Linear-Leaved Cambess,nan
Joshua Tree National Park,Vascular Plant,Caryophyllales,Aizoaceae,Horse-Purslane,Uncommon
Joshua Tree National Park,Vascular Plant,Caryophyllales,Amaranthaceae,Mat Amaranth,Common
Joshua Tree National Park,Vascular Plant,Caryophyllales,Amaranthaceae,Fringed Amaranth,Common
Joshua Tree National Park,Vascular Plant,Caryophyllales,Amaranthaceae,Pringle's Amaranth,Common
Joshua Tree National Park,Vascular Plant,Caryophyllales,Amaranthaceae,"4-Wing Saltbush, Four-Wing Saltbush, Shadscale",nan
Joshua Tree National Park,Vascular Plant,Caryophyllales,Amaranthaceae,"4-Wing Saltbush, Four-Wing Saltbush, Shadscale",Abundant
Joshua Tree National Park,Vascular Plant,Caryophyllales,Amaranthaceae,Fourwing Saltbush,nan
Joshua Tree National Park,Vascular Plant,Caryophyllales,Amaranthaceae,Narow-Leaf Shadscale,nan
Joshua Tree National Park,Vascular Plant,Caryophyllales,Amaranthaceae,Shadscale Saltbush,nan
Joshua Tree National Park,Vascular Plant,Caryophyllales,Amaranthaceae,"Wheelscale, Wheelscale Saltbush",nan
Joshua Tree National Park,Vascular Plant,Caryophyllales,Amaranthaceae,Desert Holly,Common
Joshua Tree National Park,Vascular Plant,Caryophyllales,Amaranthaceae,"Big Saltbush, Quailbush",nan
Joshua Tree National Park,Vascular Plant,Caryophyllales,Amaranthaceae,Cattle Saltbush,Common
Joshua Tree National Park,Vascular Plant,Caryophyllales,Amaranthaceae,"Australian Saltbush, Australian Saltweed",nan
Joshua Tree National Park,Vascular Plant,Caryophyllales,Amaranthaceae,Saltscale,nan
Joshua Tree National Park,Vascular Plant,Caryophyllales,Amaranthaceae,Spinescale Saltbush,nan
Joshua Tree National Park,Vascular Plant,Caryophyllales,Amaranthaceae,"Torrey Saltbush, Torrey's Quailbush, Torrey's Saltbush",nan
Joshua Tree National Park,Vascular Plant,Caryophyllales,Amaranthaceae,None,nan
Joshua Tree National Park,Vascular Plant,Caryophyllales,Amaranthaceae,California Goosefoot,Common
Joshua Tree National Park,Vascular Plant,Caryophyllales,Amaranthaceae,"Arid Goosefoot, Aridland Goosefoot, Desert Goosefoot, Narrowleaf Goosefoot",Common
Joshua Tree National Park,Vascular Plant,Caryophyllales,Amaranthaceae,Fremont's Goosefoot,Common
Joshua Tree National Park,Vascular Plant,Caryophyllales,Amaranthaceae,Hoary Goosefoot,nan
Joshua Tree National Park,Vascular Plant,Caryophyllales,Amaranthaceae,None,nan
Joshua Tree National Park,Vascular Plant,Caryophyllales,Amaranthaceae,Hop-Sage,Common
Joshua Tree National Park,Vascular Plant,Caryophyllales,Amaranthaceae,Winterfat,nan
Joshua Tree National Park,Vascular Plant,Caryophyllales,Amaranthaceae,"Prickly Russian Thistle, Russian Thistle, Tumbleweed, Tumbling Thistle",nan
Joshua Tree National Park,Vascular Plant,Caryophyllales,Amaranthaceae,Barbwire Russian Thistle,nan
Joshua Tree National Park,Vascular Plant,Caryophyllales,Amaranthaceae,Tumbleweed,Common
Joshua Tree National Park,Vascular Plant,Caryophyllales,Amaranthaceae,Bush Seepweed,Common
Joshua Tree National Park,Vascular Plant,Caryophyllales,Amaranthaceae,None,nan
Joshua Tree National Park,Vascular Plant,Caryophyllales,Amaranthaceae,None,nan
Joshua Tree National Park,Vascular Plant,Caryophyllales,Amaranthaceae,Arizona Honeysweet,Common
Joshua Tree National Park,Vascular Plant,Caryophyllales,Cactaceae,None,nan
Joshua Tree National Park,Vascular Plant,Caryophyllales,Cactaceae,Saguaro,nan
Joshua Tree National Park,Vascular Plant,Caryophyllales,Cactaceae,None,nan
Joshua Tree National Park,Vascular Plant,Caryophyllales,Cactaceae,None,nan
Joshua Tree National Park,Vascular Plant,Caryophyllales,Cactaceae,Alverson's Foxtail Cactus,nan
Joshua Tree National Park,Vascular Plant,Caryophyllales,Cactaceae,None,nan
Joshua Tree National Park,Vascular Plant,Caryophyllales,Cactaceae,None,nan
Joshua Tree National Park,Vascular Plant,Caryophyllales,Cactaceae,None,nan
Joshua Tree National Park,Vascular Plant,Caryophyllales,Cactaceae,Cottontop Cactus,nan
Joshua Tree National Park,Vascular Plant,Caryophyllales,Cactaceae,Barrel Cactus,nan
Joshua Tree National Park,Vascular Plant,Caryophyllales,Cactaceae,Engelmann's Hedgehog Cactus,Common
Joshua Tree National Park,Vascular Plant,Caryophyllales,Cactaceae,None,nan
Joshua Tree National Park,Vascular Plant,Caryophyllales,Cactaceae,Mohave Moundcactus,Common
Joshua Tree National Park,Vascular Plant,Caryophyllales,Cactaceae,None,nan
Joshua Tree National Park,Vascular Plant,Caryophyllales,Cactaceae,Beehive Cactus,Rare
Joshua Tree National Park,Vascular Plant,Caryophyllales,Cactaceae,Desert Beehive Cactus,nan
Joshua Tree National Park,Vascular Plant,Caryophyllales,Cactaceae,Foxtail Cactus,nan
Joshua Tree National Park,Vascular Plant,Caryophyllales,Cactaceae,None,nan
Joshua Tree National Park,Vascular Plant,Caryophyllales,Cactaceae,Barrel Cactus,nan
Joshua Tree National Park,Vascular Plant,Caryophyllales,Cactaceae,"California Barrel Cactus, Campus Barrel Cactus",Common
Joshua Tree National Park,Vascular Plant,Caryophyllales,Cactaceae,Leconte's Barrel Cactus,Common
Joshua Tree National Park,Vascular Plant,Caryophyllales,Cactaceae,None,nan
Joshua Tree National Park,Vascular Plant,Caryophyllales,Cactaceae,None,nan
Joshua Tree National Park,Vascular Plant,Caryophyllales,Cactaceae,None,nan
Joshua Tree National Park,Vascular Plant,Caryophyllales,Cactaceae,Common Fish-Hook Cactus,nan
Joshua Tree National Park,Vascular Plant,Caryophyllales,Cactaceae,Buckhorn Cholla,nan
Joshua Tree National Park,Vascular Plant,Caryophyllales,Cactaceae,Buckhorn Cholla,Common
Joshua Tree National Park,Vascular Plant,Caryophyllales,Cactaceae,"Arizona Pencil Cholla, Pencil Cholla",nan
Joshua Tree National Park,Vascular Plant,Caryophyllales,Cactaceae,Beavertail Cactus,nan
Joshua Tree National Park,Vascular Plant,Caryophyllales,Cactaceae,Beavertail Cactus,Common
Joshua Tree National Park,Vascular Plant,Caryophyllales,Cactaceae,Teddy-Bear Cholla,Common
Joshua Tree National Park,Vascular Plant,Caryophyllales,Cactaceae,Pancake Prickly Pear,Common
Joshua Tree National Park,Vascular Plant,Caryophyllales,Cactaceae,"Golden Cholla, Silver Cholla",Common
Joshua Tree National Park,Vascular Plant,Caryophyllales,Cactaceae,Engelmann Prickly-Pear,Common
Joshua Tree National Park,Vascular Plant,Caryophyllales,Cactaceae,Jumping Cholla,nan
Joshua Tree National Park,Vascular Plant,Caryophyllales,Cactaceae,"Tree Cholla, Walkingstick Cholla",nan
Joshua Tree National Park,Vascular Plant,Caryophyllales,Cactaceae,"Candle Cholla, Klein Pencil Cholla",nan
Joshua Tree National Park,Vascular Plant,Caryophyllales,Cactaceae,"Devil's Cholla, Dogturd Cholla",nan
Joshua Tree National Park,Vascular Plant,Caryophyllales,Cactaceae,None,nan
Joshua Tree National Park,Vascular Plant,Caryophyllales,Cactaceae,Devil Cholla,Uncommon
Joshua Tree National Park,Vascular Plant,Caryophyllales,Cactaceae,"Brownspine Pricklypear, Tulip Pricklypear",Common
Joshua Tree National Park,Vascular Plant,Caryophyllales,Cactaceae,None,nan
Joshua Tree National Park,Vascular Plant,Caryophyllales,Cactaceae,Plains Pricklypear,nan
Joshua Tree National Park,Vascular Plant,Caryophyllales,Cactaceae,None,Common
Joshua Tree National Park,Vascular Plant,Caryophyllales,Cactaceae,Pencil Cactus,Common
Joshua Tree National Park,Vascular Plant,Caryophyllales,Cactaceae,None,nan
Joshua Tree National Park,Vascular Plant,Caryophyllales,Cactaceae,None,nan
Joshua Tree National Park,Vascular Plant,Caryophyllales,Caryophyllaceae,Onyxflower,Common
Joshua Tree National Park,Vascular Plant,Caryophyllales,Caryophyllaceae,Desert Sandwort,nan
Joshua Tree National Park,Vascular Plant,Caryophyllales,Caryophyllaceae,Parish's Sandwort,Common
Joshua Tree National Park,Vascular Plant,Caryophyllales,Molluginaceae,Carpet-Weed,Common
Joshua Tree National Park,Vascular Plant,Caryophyllales,Montiaceae,Desert Red Maids,nan
Joshua Tree National Park,Vascular Plant,Caryophyllales,Montiaceae,"Common Pussypaws, Sand-Cress",Common
Joshua Tree National Park,Vascular Plant,Caryophyllales,Montiaceae,Narrow-Leaved Miner's Lettuce,Common
Joshua Tree National Park,Vascular Plant,Caryophyllales,Montiaceae,Streambank Springbeauty,Common
Joshua Tree National Park,Vascular Plant,Caryophyllales,Montiaceae,"Miner's Lettuce, Minerslettuce",nan
Joshua Tree National Park,Vascular Plant,Caryophyllales,Montiaceae,Miner's Lettuce,Common
Joshua Tree National Park,Vascular Plant,Caryophyllales,Montiaceae,None,nan
Joshua Tree National Park,Vascular Plant,Caryophyllales,Montiaceae,Pale Springbeauty,nan
Joshua Tree National Park,Vascular Plant,Caryophyllales,Montiaceae,Miner's Lettuce,nan
Joshua Tree National Park,Vascular Plant,Caryophyllales,Nyctaginaceae,Mojave Sand Verbena,nan
Joshua Tree National Park,Vascular Plant,Caryophyllales,Nyctaginaceae,Hairy Sand Verbena,nan
Joshua Tree National Park,Vascular Plant,Caryophyllales,Nyctaginaceae,Desert Sand Verbena,nan
Joshua Tree National Park,Vascular Plant,Caryophyllales,Nyctaginaceae,"Desert Sand Verbena, Woolly Desert Sand Verbena",Common
Joshua Tree National Park,Vascular Plant,Caryophyllales,Nyctaginaceae,None,nan
Joshua Tree National Park,Vascular Plant,Caryophyllales,Nyctaginaceae,Windmills,Common
Joshua Tree National Park,Vascular Plant,Caryophyllales,Nyctaginaceae,None,nan
Joshua Tree National Park,Vascular Plant,Caryophyllales,Nyctaginaceae,Scarlet Spiderling,Common
Joshua Tree National Park,Vascular Plant,Caryophyllales,Nyctaginaceae,Coulter's Spiderling,Common
Joshua Tree National Park,Vascular Plant,Caryophyllales,Nyctaginaceae,None,nan
Joshua Tree National Park,Vascular Plant,Caryophyllales,Nyctaginaceae,Fivewing Spiderling,Common
Joshua Tree National Park,Vascular Plant,Caryophyllales,Nyctaginaceae,None,nan
Joshua Tree National Park,Vascular Plant,Caryophyllales,Nyctaginaceae,Slender Boerhavia,Common
Joshua Tree National Park,Vascular Plant,Caryophyllales,Nyctaginaceae,Wright's Spiderling,Common
Joshua Tree National Park,Vascular Plant,Caryophyllales,Nyctaginaceae,Wishbone Bush,nan
Joshua Tree National Park,Vascular Plant,Caryophyllales,Nyctaginaceae,None,nan
Joshua Tree National Park,Vascular Plant,Caryophyllales,Nyctaginaceae,Bigelow's Desert Four-O'Clock,Common
Joshua Tree National Park,Vascular Plant,Caryophyllales,Nyctaginaceae,Wishbone Plant,Common
Joshua Tree National Park,Vascular Plant,Caryophyllales,Nyctaginaceae,None,nan
Joshua Tree National Park,Vascular Plant,Caryophyllales,Nyctaginaceae,Colorado Four O'Clock,nan
Joshua Tree National Park,Vascular Plant,Caryophyllales,Nyctaginaceae,Trailing Four-O'Clock,Common
Joshua Tree National Park,Vascular Plant,Caryophyllales,Nyctaginaceae,None,nan
Joshua Tree National Park,Vascular Plant,Caryophyllales,Polygonaceae,Thurber's Spineflower,Common
Joshua Tree National Park,Vascular Plant,Caryophyllales,Polygonaceae,Brittle Spineflower,nan
Joshua Tree National Park,Vascular Plant,Caryophyllales,Polygonaceae,Brittle Spineflower,Abundant
Joshua Tree National Park,Vascular Plant,Caryophyllales,Polygonaceae,Devil's Spineflower,nan
Joshua Tree National Park,Vascular Plant,Caryophyllales,Polygonaceae,Mojave Spineflower,nan
Joshua Tree National Park,Vascular Plant,Caryophyllales,Polygonaceae,None,nan
Joshua Tree National Park,Vascular Plant,Caryophyllales,Polygonaceae,Angle Stem Buckwheat,Common
Joshua Tree National Park,Vascular Plant,Caryophyllales,Polygonaceae,Bailey's Buckwheat,nan
Joshua Tree National Park,Vascular Plant,Caryophyllales,Polygonaceae,Yellow Buckwheat,Common
Joshua Tree National Park,Vascular Plant,Caryophyllales,Polygonaceae,Davidson's Buckwheat,Common
Joshua Tree National Park,Vascular Plant,Caryophyllales,Polygonaceae,Skeleton Weed,nan
Joshua Tree National Park,Vascular Plant,Caryophyllales,Polygonaceae,Skeleton Weed,Common
Joshua Tree National Park,Vascular Plant,Caryophyllales,Polygonaceae,Long Stemmed Buckwheat,nan
Joshua Tree National Park,Vascular Plant,Caryophyllales,Polygonaceae,California Buckwheat,nan
Joshua Tree National Park,Vascular Plant,Caryophyllales,Polygonaceae,California Buckwheat,Abundant
Joshua Tree National Park,Vascular Plant,Caryophyllales,Polygonaceae,California Buckwheat,Common
Joshua Tree National Park,Vascular Plant,Caryophyllales,Polygonaceae,California Buckwheat,Abundant
Joshua Tree National Park,Vascular Plant,Caryophyllales,Polygonaceae,"White Buckwheat, Rose Buckwheat",nan
Joshua Tree National Park,Vascular Plant,Caryophyllales,Polygonaceae,Heermann's Buckwheat,nan
Joshua Tree National Park,Vascular Plant,Caryophyllales,Polygonaceae,Heermann's Buckwheat,Uncommon
Joshua Tree National Park,Vascular Plant,Caryophyllales,Polygonaceae,Hermann Buckwheat,nan
Joshua Tree National Park,Vascular Plant,Caryophyllales,Polygonaceae,Heermann's Buckwheat,Common
Joshua Tree National Park,Vascular Plant,Caryophyllales,Polygonaceae,"Robust Hoffman Eriogonum, Robust Hoffmann's Buckwheat",nan
Joshua Tree National Park,Vascular Plant,Caryophyllales,Polygonaceae,Desert Trumpet,nan
Joshua Tree National Park,Vascular Plant,Caryophyllales,Polygonaceae,Desert Trumpet,Common
Joshua Tree National Park,Vascular Plant,Caryophyllales,Polygonaceae,Desert Trumpet,Common
Joshua Tree National Park,Vascular Plant,Caryophyllales,Polygonaceae,Spotted Buckwheat,Abundant
Joshua Tree National Park,Vascular Plant,Caryophyllales,Polygonaceae,Western Mojave Buckwheat,nan
Joshua Tree National Park,Vascular Plant,Caryophyllales,Polygonaceae,Birdnest Buckwheat,Common
Joshua Tree National Park,Vascular Plant,Caryophyllales,Polygonaceae,None,nan
Joshua Tree National Park,Vascular Plant,Caryophyllales,Polygonaceae,None,nan
Joshua Tree National Park,Vascular Plant,Caryophyllales,Polygonaceae,Few-Flowered Buckwheat,Uncommon
Joshua Tree National Park,Vascular Plant,Caryophyllales,Polygonaceae,Flat-Topped Buckwheat,Common
Joshua Tree National Park,Vascular Plant,Caryophyllales,Polygonaceae,None,nan
Joshua Tree National Park,Vascular Plant,Caryophyllales,Polygonaceae,Yellow-Turbans,Common
Joshua Tree National Park,Vascular Plant,Caryophyllales,Polygonaceae,Kidney-Leaf Buckwheat,Common
Joshua Tree National Park,Vascular Plant,Caryophyllales,Polygonaceae,Pagoda Buckwheat,nan
Joshua Tree National Park,Vascular Plant,Caryophyllales,Polygonaceae,Rock Buckwheat,Common
Joshua Tree National Park,Vascular Plant,Caryophyllales,Polygonaceae,Thomas' Buckwheat,Common
Joshua Tree National Park,Vascular Plant,Caryophyllales,Polygonaceae,Thurber's Buckwheat,Common
Joshua Tree National Park,Vascular Plant,Caryophyllales,Polygonaceae,Little Trumpet,nan
Joshua Tree National Park,Vascular Plant,Caryophyllales,Polygonaceae,Sulphur Wild Buckwheat,nan
Joshua Tree National Park,Vascular Plant,Caryophyllales,Polygonaceae,Twotooth Buckwheat,Common
Joshua Tree National Park,Vascular Plant,Caryophyllales,Polygonaceae,"Bastardsage, Shrubby Buckwheat, Wright's Buckwheat",nan
Joshua Tree National Park,Vascular Plant,Caryophyllales,Polygonaceae,Wright's Buckwheat,nan
Joshua Tree National Park,Vascular Plant,Caryophyllales,Polygonaceae,Wright's Buckwheat,Uncommon
Joshua Tree National Park,Vascular Plant,Caryophyllales,Polygonaceae,Wright's Buckwheat,Common
Joshua Tree National Park,Vascular Plant,Caryophyllales,Polygonaceae,Wright's Buckwheat,Uncommon
Joshua Tree National Park,Vascular Plant,Caryophyllales,Polygonaceae,"Golden Carpet, Goldencarpet",nan
Joshua Tree National Park,Vascular Plant,Caryophyllales,Polygonaceae,Three-Lobed Oxytheca,Common
Joshua Tree National Park,Vascular Plant,Caryophyllales,Polygonaceae,None,nan
Joshua Tree National Park,Vascular Plant,Caryophyllales,Polygonaceae,Woodland Pterostegia,Common
Joshua Tree National Park,Vascular Plant,Caryophyllales,Polygonaceae,Curly Dock,Abundant
Joshua Tree National Park,Vascular Plant,Caryophyllales,Polygonaceae,Wild Rhubarb,Common
Joshua Tree National Park,Vascular Plant,Caryophyllales,Portulacaceae,Silkcotton Purslane,Uncommon
Joshua Tree National Park,Vascular Plant,Caryophyllales,Portulacaceae,None,nan
Joshua Tree National Park,Vascular Plant,Caryophyllales,Portulacaceae,Common Purslane,nan
Joshua Tree National Park,Vascular Plant,Caryophyllales,Portulacaceae,None,nan
Joshua Tree National Park,Vascular Plant,Caryophyllales,Sarcobataceae,"Black Greasewood, Greasewood",nan
Joshua Tree National Park,Vascular Plant,Caryophyllales,Simmondsiaceae,None,nan
Joshua Tree National Park,Vascular Plant,Caryophyllales,Simmondsiaceae,Jojoba,Common
Joshua Tree National Park,Vascular Plant,Caryophyllales,Tamaricaceae,Athel,Uncommon
Joshua Tree National Park,Vascular Plant,Caryophyllales,Tamaricaceae,Chinese Tamarisk,nan
Joshua Tree National Park,Vascular Plant,Caryophyllales,Tamaricaceae,"French Tamarisk, Saltcedar, Tamarisk, Tamarix",nan
Joshua Tree National Park,Vascular Plant,Caryophyllales,Tamaricaceae,None,nan
Joshua Tree National Park,Vascular Plant,Caryophyllales,Tamaricaceae,Tamarisk,nan
Joshua Tree National Park,Vascular Plant,Ceratophyllales,Ceratophyllaceae,"Common Hornwort, Coon's Tail, Coon's-Tail, Coontail, Hornwort",nan
Joshua Tree National Park,Vascular Plant,Cornales,Loasaceae,"Desert Rock Nettle, Desert Stingbush, Stingbush",nan
Joshua Tree National Park,Vascular Plant,Cornales,Loasaceae,Yellow Blazing Star,nan
Joshua Tree National Park,Vascular Plant,Cornales,Loasaceae,White-Stemmed Blazing Star,nan
Joshua Tree National Park,Vascular Plant,Cornales,Loasaceae,Slender Blazing Star,nan
Joshua Tree National Park,Vascular Plant,Cornales,Loasaceae,Sand Stickleaf,Common
Joshua Tree National Park,Vascular Plant,Cornales,Loasaceae,Jones' Blazing Star,nan
Joshua Tree National Park,Vascular Plant,Cornales,Loasaceae,San Luis Blazingstar,nan
Joshua Tree National Park,Vascular Plant,Cornales,Loasaceae,Many-Flowered Mentzelia,nan
Joshua Tree National Park,Vascular Plant,Cornales,Loasaceae,Shining Stickleaf,nan
Joshua Tree National Park,Vascular Plant,Cornales,Loasaceae,"Panamint Blazingstar, Reflexed Blazingstar",nan
Joshua Tree National Park,Vascular Plant,Cornales,Loasaceae,Threetooth Blazingstar,nan
Joshua Tree National Park,Vascular Plant,Cornales,Loasaceae,"Veatch's Blazingstar, Whitestem Blazingstar, Whitestem Stickleaf",nan
Joshua Tree National Park,Vascular Plant,Cornales,Loasaceae,Narrow-Leaf Sandpaper-Plant,nan
Joshua Tree National Park,Vascular Plant,Cornales,Loasaceae,Thurber's Sandpaper-Plant,nan
Joshua Tree National Park,Vascular Plant,Cornales,Loasaceae,"Death Valley Sandpaper Plant, Death Valley Sandpaperplant",nan
Joshua Tree National Park,Vascular Plant,Cornales,Loasaceae,Thurber Sandpaper Plant,nan
Joshua Tree National Park,Vascular Plant,Crossosomatales,Crossosomataceae,Bigelow's Ragged Rock Flower,Common
Joshua Tree National Park,Vascular Plant,Cucurbitales,Apodanthaceae,"Stemsucker, Thurber's Pilostyles, Thurber's Stemsucker",nan
Joshua Tree National Park,Vascular Plant,Cucurbitales,Cucurbitaceae,Desert Star-Vine,nan
Joshua Tree National Park,Vascular Plant,Cucurbitales,Cucurbitaceae,None,nan
Joshua Tree National Park,Vascular Plant,Cucurbitales,Cucurbitaceae,Calabazilla,nan
Joshua Tree National Park,Vascular Plant,Cucurbitales,Cucurbitaceae,Coyote Melon,nan
Joshua Tree National Park,Vascular Plant,Cucurbitales,Cucurbitaceae,Southern Wild-Cucumber,nan
Joshua Tree National Park,Vascular Plant,Dipsacales,Adoxaceae,Blue Elderberry,Common
Joshua Tree National Park,Vascular Plant,Dipsacales,Caprifoliaceae,"Desert Snowberry, Longleaf Snowberry",nan
Joshua Tree National Park,Vascular Plant,Ephedrales,Ephedraceae,"Aspera Mormon Tea, Boundary Ephedra, Mormon Tea, Rough Jointfir",Common
Joshua Tree National Park,Vascular Plant,Ephedrales,Ephedraceae,Desert Tea,Common
Joshua Tree National Park,Vascular Plant,Ephedrales,Ephedraceae,None,Common
Joshua Tree National Park,Vascular Plant,Ephedrales,Ephedraceae,Death Valley Ephedra,nan
Joshua Tree National Park,Vascular Plant,Ephedrales,Ephedraceae,Nevada Ephedra,Common
Joshua Tree National Park,Vascular Plant,Ephedrales,Ephedraceae,Green Ephedra,Common
Joshua Tree National Park,Vascular Plant,Equisetales,Equisetaceae,None,nan
Joshua Tree National Park,Vascular Plant,Equisetales,Equisetaceae,"Horsetail, Scouring Horsetail, Scouringrush, Scouringrush Horsetail, Tall Scouring-Rush, Western Scouringrush",nan
Joshua Tree National Park,Vascular Plant,Equisetales,Equisetaceae,None,nan
Joshua Tree National Park,Vascular Plant,Equisetales,Equisetaceae,"Horsetail, Smooth Scouring Rush",nan
Joshua Tree National Park,Vascular Plant,Ericales,Ericaceae,Hoary Manzanita,nan
Joshua Tree National Park,Vascular Plant,Ericales,Ericaceae,Big-Berry Manzanita,Common
Joshua Tree National Park,Vascular Plant,Ericales,Ericaceae,None,nan
Joshua Tree National Park,Vascular Plant,Ericales,Fouquieriaceae,Ocotillo,nan
Joshua Tree National Park,Vascular Plant,Ericales,Polemoniaceae,"Dense Eriastrum, Giant Woollystar",nan
Joshua Tree National Park,Vascular Plant,Ericales,Polemoniaceae,Southern Mountain Eriastrum,Common
Joshua Tree National Park,Vascular Plant,Ericales,Polemoniaceae,Giant Eriastrum,nan
Joshua Tree National Park,Vascular Plant,Ericales,Polemoniaceae,Mojave Eriastrum,Common
Joshua Tree National Park,Vascular Plant,Ericales,Polemoniaceae,Miniature Eriastrum,nan
Joshua Tree National Park,Vascular Plant,Ericales,Polemoniaceae,None,nan
Joshua Tree National Park,Vascular Plant,Ericales,Polemoniaceae,Desert Woolstar,nan
Joshua Tree National Park,Vascular Plant,Ericales,Polemoniaceae,Great Basin Eriastrum,nan
Joshua Tree National Park,Vascular Plant,Ericales,Polemoniaceae,None,nan
Joshua Tree National Park,Vascular Plant,Ericales,Polemoniaceae,None,nan
Joshua Tree National Park,Vascular Plant,Ericales,Polemoniaceae,Southern Gilia,Common
Joshua Tree National Park,Vascular Plant,Ericales,Polemoniaceae,None,nan
Joshua Tree National Park,Vascular Plant,Ericales,Polemoniaceae,Nevada Gilia,nan
Joshua Tree National Park,Vascular Plant,Ericales,Polemoniaceae,Nevada Gilia,nan
Joshua Tree National Park,Vascular Plant,Ericales,Polemoniaceae,"Bellflower Gilia, Bellshape Gilia",nan
Joshua Tree National Park,Vascular Plant,Ericales,Polemoniaceae,Caraway-Leaved Gilia,Rare
Joshua Tree National Park,Vascular Plant,Ericales,Polemoniaceae,None,nan
Joshua Tree National Park,Vascular Plant,Ericales,Polemoniaceae,None,nan
Joshua Tree National Park,Vascular Plant,Ericales,Polemoniaceae,Thread-Stemmed Gilia,nan
Joshua Tree National Park,Vascular Plant,Ericales,Polemoniaceae,"Shy Gilia, Shy Gily-Flower",nan
Joshua Tree National Park,Vascular Plant,Ericales,Polemoniaceae,Inyo Gilia,nan
Joshua Tree National Park,Vascular Plant,Ericales,Polemoniaceae,Broad-Flowered Gilia,nan
Joshua Tree National Park,Vascular Plant,Ericales,Polemoniaceae,Broad-Leaf Gilia,Common
Joshua Tree National Park,Vascular Plant,Ericales,Polemoniaceae,Great Basin Gilia,Common
Joshua Tree National Park,Vascular Plant,Ericales,Polemoniaceae,Little San Bernardino Mountains Gilia,Rare
Joshua Tree National Park,Vascular Plant,Ericales,Polemoniaceae,None,nan
Joshua Tree National Park,Vascular Plant,Ericales,Polemoniaceae,Dainty Gilia,nan
Joshua Tree National Park,Vascular Plant,Ericales,Polemoniaceae,"Volcanic Gilia, Volcanic Gily-Flower",nan
Joshua Tree National Park,Vascular Plant,Ericales,Polemoniaceae,None,nan
Joshua Tree National Park,Vascular Plant,Ericales,Polemoniaceae,Ripley's Gilia,nan
Joshua Tree National Park,Vascular Plant,Ericales,Polemoniaceae,Rock Gilia,nan
Joshua Tree National Park,Vascular Plant,Ericales,Polemoniaceae,Rosy Gilia,nan
Joshua Tree National Park,Vascular Plant,Ericales,Polemoniaceae,Splendid Gilia,nan
Joshua Tree National Park,Vascular Plant,Ericales,Polemoniaceae,Star Gilia,Common
Joshua Tree National Park,Vascular Plant,Ericales,Polemoniaceae,Delicate Gilia,nan
Joshua Tree National Park,Vascular Plant,Ericales,Polemoniaceae,"Greater Yellowthroat Gilia, Greater Yellow-Throat Gily-Flower",nan
Joshua Tree National Park,Vascular Plant,Ericales,Polemoniaceae,"Greater Yellowthroat Gilia, Monterey Gilia",nan
Joshua Tree National Park,Vascular Plant,Ericales,Polemoniaceae,"Hoffmann's Gilia, Hoffmann's Slender-Flowered Gilia",nan
Joshua Tree National Park,Vascular Plant,Ericales,Polemoniaceae,None,nan
Joshua Tree National Park,Vascular Plant,Ericales,Polemoniaceae,None,nan
Joshua Tree National Park,Vascular Plant,Ericales,Polemoniaceae,"Great Basin Langloisia, Moth Langloisia",nan
Joshua Tree National Park,Vascular Plant,Ericales,Polemoniaceae,Lilac Sunbonnet,Common
Joshua Tree National Park,Vascular Plant,Ericales,Polemoniaceae,San Jacinto Prickly-Phlox,Rare
Joshua Tree National Park,Vascular Plant,Ericales,Polemoniaceae,Mountain Prickly Phlox,Common
Joshua Tree National Park,Vascular Plant,Ericales,Polemoniaceae,Golden Linanthus,nan
Joshua Tree National Park,Vascular Plant,Ericales,Polemoniaceae,Golden Gilia,nan
Joshua Tree National Park,Vascular Plant,Ericales,Polemoniaceae,Cream Gilia,nan
Joshua Tree National Park,Vascular Plant,Ericales,Polemoniaceae,None,nan
Joshua Tree National Park,Vascular Plant,Ericales,Polemoniaceae,Desert Beauty,nan
Joshua Tree National Park,Vascular Plant,Ericales,Polemoniaceae,True Babystars,nan
Joshua Tree National Park,Vascular Plant,Ericales,Polemoniaceae,Bigelow's Linanthus,Common
Joshua Tree National Park,Vascular Plant,Ericales,Polemoniaceae,San Gabriel Linanthus,nan
Joshua Tree National Park,Vascular Plant,Ericales,Polemoniaceae,Desert Linanthus,nan
Joshua Tree National Park,Vascular Plant,Ericales,Polemoniaceae,Fringed Linanthus,nan
Joshua Tree National Park,Vascular Plant,Ericales,Polemoniaceae,Evening Snow,Common
Joshua Tree National Park,Vascular Plant,Ericales,Polemoniaceae,Jones' Linanthus,Common
Joshua Tree National Park,Vascular Plant,Ericales,Polemoniaceae,Lemmon's Linanthus,nan
Joshua Tree National Park,Vascular Plant,Ericales,Polemoniaceae,San Bernardino Mountain Gilia,nan
Joshua Tree National Park,Vascular Plant,Ericales,Polemoniaceae,Sierra Nevada Linanthus,nan
Joshua Tree National Park,Vascular Plant,Ericales,Polemoniaceae,Sand-Blossoms,nan
Joshua Tree National Park,Vascular Plant,Ericales,Polemoniaceae,None,nan
Joshua Tree National Park,Vascular Plant,Ericales,Polemoniaceae,Desert Calico,Common
Joshua Tree National Park,Vascular Plant,Ericales,Polemoniaceae,Schott's Calico,Common
Joshua Tree National Park,Vascular Plant,Fabales,Fabaceae,Catclaw,Abundant
Joshua Tree National Park,Vascular Plant,Fabales,Fabaceae,Keel Beak Milkvetch,Common
Joshua Tree National Park,Vascular Plant,Fabales,Fabaceae,San Bernardino Milk-Vetch,Common
Joshua Tree National Park,Vascular Plant,Fabales,Fabaceae,Scarlet Milk-Vetch,Common
Joshua Tree National Park,Vascular Plant,Fabales,Fabaceae,Dwarf White Milk-Vetch,Common
Joshua Tree National Park,Vascular Plant,Fabales,Fabaceae,Geyer's Milk-Vetch,nan
Joshua Tree National Park,Vascular Plant,Fabales,Fabaceae,Geyer's Milk-Vetch,nan
Joshua Tree National Park,Vascular Plant,Fabales,Fabaceae,"Harwood Milkvetch, Harwood's Milkvetch",nan
Joshua Tree National Park,Vascular Plant,Fabales,Fabaceae,Layne's Milk-Vetch,Common
Joshua Tree National Park,Vascular Plant,Fabales,Fabaceae,"Freckled Milkvetch, Specklepod Milkvetch",nan
Joshua Tree National Park,Vascular Plant,Fabales,Fabaceae,Borrego Locoweed,nan
Joshua Tree National Park,Vascular Plant,Fabales,Fabaceae,"Coachella Milkvetch, Coachella Valley Milk-Vetch, Palm Springs Freckled Milkvetch",nan
Joshua Tree National Park,Vascular Plant,Fabales,Fabaceae,Freckled Milkvetch,Common
Joshua Tree National Park,Vascular Plant,Fabales,Fabaceae,Black Locoweed,nan
Joshua Tree National Park,Vascular Plant,Fabales,Fabaceae,Freckled Milk-Vetch,Common
Joshua Tree National Park,Vascular Plant,Fabales,Fabaceae,Mojave Rattleweed,nan
Joshua Tree National Park,Vascular Plant,Fabales,Fabaceae,"Curve-Podded Mojave Milk-Vetch, Halfring Milkvetch, Mojave Milkvetch",Rare
Joshua Tree National Park,Vascular Plant,Fabales,Fabaceae,Providence Mountain Milk-Vetch,nan
Joshua Tree National Park,Vascular Plant,Fabales,Fabaceae,Small-Flowered Milk-Vetch,nan
Joshua Tree National Park,Vascular Plant,Fabales,Fabaceae,"Rio Fronteras Milkvetch, Smallflowered Milkvetch",Common
Joshua Tree National Park,Vascular Plant,Fabales,Fabaceae,"Cedros Island Milkvetch, Turkey Peas, Turkeypeas",Common
Joshua Tree National Park,Vascular Plant,Fabales,Fabaceae,Nuttall?S Locoweed,Common
Joshua Tree National Park,Vascular Plant,Fabales,Fabaceae,Palmer's Milk-Vetch,Common
Joshua Tree National Park,Vascular Plant,Fabales,Fabaceae,Triple-Ribbed Milkvetch,Rare
Joshua Tree National Park,Vascular Plant,Fabales,Fabaceae,None,nan
Joshua Tree National Park,Vascular Plant,Fabales,Fabaceae,None,nan
Joshua Tree National Park,Vascular Plant,Fabales,Fabaceae,Narrow Hoffmannseggia,Common
Joshua Tree National Park,Vascular Plant,Fabales,Fabaceae,None,nan
Joshua Tree National Park,Vascular Plant,Fabales,Fabaceae,None,nan
Joshua Tree National Park,Vascular Plant,Fabales,Fabaceae,Blue Palo Verde,nan
Joshua Tree National Park,Vascular Plant,Fabales,Fabaceae,None,nan
Joshua Tree National Park,Vascular Plant,Fabales,Fabaceae,None,nan
Joshua Tree National Park,Vascular Plant,Fabales,Fabaceae,None,nan
Joshua Tree National Park,Vascular Plant,Fabales,Fabaceae,None,nan
Joshua Tree National Park,Vascular Plant,Fabales,Fabaceae,Silky Dalea,Common
Joshua Tree National Park,Vascular Plant,Fabales,Fabaceae,Silky Dalea,Common
Joshua Tree National Park,Vascular Plant,Fabales,Fabaceae,None,nan
Joshua Tree National Park,Vascular Plant,Fabales,Fabaceae,None,nan
Joshua Tree National Park,Vascular Plant,Fabales,Fabaceae,None,nan
Joshua Tree National Park,Vascular Plant,Fabales,Fabaceae,None,nan
Joshua Tree National Park,Vascular Plant,Fabales,Fabaceae,Wild Licorice,Common
Joshua Tree National Park,Vascular Plant,Fabales,Fabaceae,None,nan
Joshua Tree National Park,Vascular Plant,Fabales,Fabaceae,Pignut,nan
Joshua Tree National Park,Vascular Plant,Fabales,Fabaceae,Hog Potato,Common
Joshua Tree National Park,Vascular Plant,Fabales,Fabaceae,Wand Holdback,nan
Joshua Tree National Park,Vascular Plant,Fabales,Fabaceae,None,nan
Joshua Tree National Park,Vascular Plant,Fabales,Fabaceae,None,nan
Joshua Tree National Park,Vascular Plant,Fabales,Fabaceae,Silver Bird's-Foot Trefoil,Common
Joshua Tree National Park,Vascular Plant,Fabales,Fabaceae,Chaparral Bird's-Foot Trefoil,nan
Joshua Tree National Park,Vascular Plant,Fabales,Fabaceae,Heermann's Lotus,nan
Joshua Tree National Park,Vascular Plant,Fabales,Fabaceae,Short-Podded Lotus,Common
Joshua Tree National Park,Vascular Plant,Fabales,Fabaceae,Silky California Broom,nan
Joshua Tree National Park,Vascular Plant,Fabales,Fabaceae,Silky Deerweed,Common
Joshua Tree National Park,Vascular Plant,Fabales,Fabaceae,Spanish Clover,nan
Joshua Tree National Park,Vascular Plant,Fabales,Fabaceae,Shrubby Deervetch,Common
Joshua Tree National Park,Vascular Plant,Fabales,Fabaceae,"Coastal Bird's-Foot Trefoil, Humble Trefoil, Maresfat",nan
Joshua Tree National Park,Vascular Plant,Fabales,Fabaceae,Humble Deervetch,Common
Joshua Tree National Park,Vascular Plant,Fabales,Fabaceae,Common Deerweed,nan
Joshua Tree National Park,Vascular Plant,Fabales,Fabaceae,Short-Winged Deerweed,Common
Joshua Tree National Park,Vascular Plant,Fabales,Fabaceae,Hairy Deervetch,Common
Joshua Tree National Park,Vascular Plant,Fabales,Fabaceae,Strigose Bird's-Foot Trefoil,nan
Joshua Tree National Park,Vascular Plant,Fabales,Fabaceae,None,nan
Joshua Tree National Park,Vascular Plant,Fabales,Fabaceae,Anderson's Lupine,Common
Joshua Tree National Park,Vascular Plant,Fabales,Fabaceae,Arizona Lupine,Common
Joshua Tree National Park,Vascular Plant,Fabales,Fabaceae,Miniature Lupine,Common
Joshua Tree National Park,Vascular Plant,Fabales,Fabaceae,"Miniature Annual Lupine, Miniature Lupine",nan
Joshua Tree National Park,Vascular Plant,Fabales,Fabaceae,Sand Lupine,nan
Joshua Tree National Park,Vascular Plant,Fabales,Fabaceae,"Bajada Lupine, Elegant Lupine, Scarlet Lupine",Common
Joshua Tree National Park,Vascular Plant,Fabales,Fabaceae,None,nan
Joshua Tree National Park,Vascular Plant,Fabales,Fabaceae,Inyo Bush Lupine,nan
Joshua Tree National Park,Vascular Plant,Fabales,Fabaceae,Mountain Bush Lupine,Common
Joshua Tree National Park,Vascular Plant,Fabales,Fabaceae,Adonis Lupine,Common
Joshua Tree National Park,Vascular Plant,Fabales,Fabaceae,Western Lupine,nan
Joshua Tree National Park,Vascular Plant,Fabales,Fabaceae,Summer Lupine,nan
Joshua Tree National Park,Vascular Plant,Fabales,Fabaceae,None,nan
Joshua Tree National Park,Vascular Plant,Fabales,Fabaceae,Hyacinth Lupine,nan
Joshua Tree National Park,Vascular Plant,Fabales,Fabaceae,Mojave Lupine,nan
Joshua Tree National Park,Vascular Plant,Fabales,Fabaceae,None,Common
Joshua Tree National Park,Vascular Plant,Fabales,Fabaceae,Desert Lupine,nan
Joshua Tree National Park,Vascular Plant,Fabales,Fabaceae,Mohave Few-Flowered Lupine,Common
Joshua Tree National Park,Vascular Plant,Fabales,Fabaceae,Parry Dalea,Common
Joshua Tree National Park,Vascular Plant,Fabales,Fabaceae,Alfalfa,nan
Joshua Tree National Park,Vascular Plant,Fabales,Fabaceae,"Bokhara-Clover, Honey-Clover, White Melilot, White Sweet-Clover",nan
Joshua Tree National Park,Vascular Plant,Fabales,Fabaceae,"Annual Yellow Sweetclover, Indian Sweet-Clover",nan
Joshua Tree National Park,Vascular Plant,Fabales,Fabaceae,Ironwood,Common
Joshua Tree National Park,Vascular Plant,Fabales,Fabaceae,None,nan
Joshua Tree National Park,Vascular Plant,Fabales,Fabaceae,Honey Mesquite,nan
Joshua Tree National Park,Vascular Plant,Fabales,Fabaceae,Honey Mesquite,Common
Joshua Tree National Park,Vascular Plant,Fabales,Fabaceae,Mesquite,nan
Joshua Tree National Park,Vascular Plant,Fabales,Fabaceae,None,nan
Joshua Tree National Park,Vascular Plant,Fabales,Fabaceae,None,nan
Joshua Tree National Park,Vascular Plant,Fabales,Fabaceae,Screwbean Mesquite,Common
Joshua Tree National Park,Vascular Plant,Fabales,Fabaceae,Mojave Indigo-Bush,nan
Joshua Tree National Park,Vascular Plant,Fabales,Fabaceae,Johnson's Indigobush,nan
Joshua Tree National Park,Vascular Plant,Fabales,Fabaceae,California Indigobush,Common
Joshua Tree National Park,Vascular Plant,Fabales,Fabaceae,Emory's Indigo-Bush,Common
Joshua Tree National Park,Vascular Plant,Fabales,Fabaceae,"Fremont Dalea, Fremont's Dalea",nan
Joshua Tree National Park,Vascular Plant,Fabales,Fabaceae,Nevada Indigo-Bush,Common
Joshua Tree National Park,Vascular Plant,Fabales,Fabaceae,Schott's Indigo-Bush,Common
Joshua Tree National Park,Vascular Plant,Fabales,Fabaceae,Smoke Tree,Common
Joshua Tree National Park,Vascular Plant,Fabales,Fabaceae,Spiny Senna,Abundant
Joshua Tree National Park,Vascular Plant,Fabales,Fabaceae,"Coues' Cassia, Coves' Cassia, Desert Senna",nan
Joshua Tree National Park,Vascular Plant,Fabales,Fabaceae,Small-Head Field Clover,Common
Joshua Tree National Park,Vascular Plant,Fabales,Fabaceae,Variegated Clover,Common
Joshua Tree National Park,Vascular Plant,Fabales,Polygalaceae,Desert Milkwort,Rare
Joshua Tree National Park,Vascular Plant,Fagales,Fagaceae,None,nan
Joshua Tree National Park,Vascular Plant,Fagales,Fagaceae,Oak,nan
Joshua Tree National Park,Vascular Plant,Fagales,Fagaceae,Arizona White Oak,nan
Joshua Tree National Park,Vascular Plant,Fagales,Fagaceae,Scrub Oak,nan
Joshua Tree National Park,Vascular Plant,Fagales,Fagaceae,Canyon Live Oak,nan
Joshua Tree National Park,Vascular Plant,Fagales,Fagaceae,Muller's Oak,Common
Joshua Tree National Park,Vascular Plant,Fagales,Fagaceae,"Coastal Sage Scrub Oak, Nuttall's Scrub Oak",nan
Joshua Tree National Park,Vascular Plant,Fagales,Fagaceae,None,nan
Joshua Tree National Park,Vascular Plant,Fagales,Fagaceae,"Dunn's Oak, Palmer Oak",nan
Joshua Tree National Park,Vascular Plant,Fagales,Fagaceae,Oregon White Oak,nan
Joshua Tree National Park,Vascular Plant,Fagales,Fagaceae,Tucker's Oak,Common
Joshua Tree National Park,Vascular Plant,Fagales,Fagaceae,"California White Oak, Valley Oak",nan
Joshua Tree National Park,Vascular Plant,Fagales,Fagaceae,Palmer's Oak,Uncommon
Joshua Tree National Park,Vascular Plant,Fagales,Fagaceae,Scrub Oak,nan
Joshua Tree National Park,Vascular Plant,Fagales,Fagaceae,None,nan
Joshua Tree National Park,Vascular Plant,Fagales,Fagaceae,Interior Live Oak,nan
Joshua Tree National Park,Vascular Plant,Fagales,Fagaceae,Munz' Oak,Common
Joshua Tree National Park,Vascular Plant,Gentianales,Apocynaceae,None,nan
Joshua Tree National Park,Vascular Plant,Gentianales,Apocynaceae,Woolly Amsonia,Common
Joshua Tree National Park,Vascular Plant,Gentianales,Apocynaceae,Indian Hemp,Common
Joshua Tree National Park,Vascular Plant,Gentianales,Apocynaceae,None,nan
Joshua Tree National Park,Vascular Plant,Gentianales,Apocynaceae,None,nan
Joshua Tree National Park,Vascular Plant,Gentianales,Apocynaceae,None,nan
Joshua Tree National Park,Vascular Plant,Gentianales,Apocynaceae,White-Stemmed Milkweed,Common
Joshua Tree National Park,Vascular Plant,Gentianales,Apocynaceae,Desert Milkweed,Common
Joshua Tree National Park,Vascular Plant,Gentianales,Apocynaceae,Narrow-Leaf Milkweed,Common
Joshua Tree National Park,Vascular Plant,Gentianales,Apocynaceae,Rush Milkweed,Common
Joshua Tree National Park,Vascular Plant,Gentianales,Apocynaceae,Utah Cynanchum,Rare
Joshua Tree National Park,Vascular Plant,Gentianales,Apocynaceae,None,nan
Joshua Tree National Park,Vascular Plant,Gentianales,Apocynaceae,Talayote,nan
Joshua Tree National Park,Vascular Plant,Gentianales,Apocynaceae,Fringed Twinevine,nan
Joshua Tree National Park,Vascular Plant,Gentianales,Apocynaceae,Climbing Milkweed,nan
Joshua Tree National Park,Vascular Plant,Gentianales,Apocynaceae,Trailing Milkweed,nan
Joshua Tree National Park,Vascular Plant,Gentianales,Rubiaceae,Narrow-Leaved Bedstraw,nan
Joshua Tree National Park,Vascular Plant,Gentianales,Rubiaceae,Narrowleaf Bedstraw,nan
Joshua Tree National Park,Vascular Plant,Gentianales,Rubiaceae,Slender Bedstraw,Rare
Joshua Tree National Park,Vascular Plant,Gentianales,Rubiaceae,Argus Bedstraw,nan
Joshua Tree National Park,Vascular Plant,Gentianales,Rubiaceae,Kellogg's Bedstraw,Common
Joshua Tree National Park,Vascular Plant,Gentianales,Rubiaceae,Munz's Bedstraw,Uncommon
Joshua Tree National Park,Vascular Plant,Gentianales,Rubiaceae,Climbing Bedstraw,nan
Joshua Tree National Park,Vascular Plant,Gentianales,Rubiaceae,Star-Flowered Bedstraw,nan
Joshua Tree National Park,Vascular Plant,Gentianales,Rubiaceae,Star-Flowered Bedstraw,Common
Joshua Tree National Park,Vascular Plant,Geraniales,Geraniaceae,Red-Stemmed Filaree,Abundant
Joshua Tree National Park,Vascular Plant,Geraniales,Geraniaceae,Texas Filaree,Common
Joshua Tree National Park,Vascular Plant,Lamiales,Acanthaceae,Chuparosa,nan
Joshua Tree National Park,Vascular Plant,Lamiales,Bignoniaceae,Desert-Willow,nan
Joshua Tree National Park,Vascular Plant,Lamiales,Bignoniaceae,Desert-Willow,Common
Joshua Tree National Park,Vascular Plant,Lamiales,Lamiaceae,Desert Lavender,Common
Joshua Tree National Park,Vascular Plant,Lamiales,Lamiaceae,Wild Horehound,Uncommon
Joshua Tree National Park,Vascular Plant,Lamiales,Lamiaceae,Narrow-Leaved Monardella,nan
Joshua Tree National Park,Vascular Plant,Lamiales,Lamiaceae,Narrow-Leaved Manardella,Common
Joshua Tree National Park,Vascular Plant,Lamiales,Lamiaceae,Robison's Monardella,Rare
Joshua Tree National Park,Vascular Plant,Lamiales,Lamiaceae,Catnip,nan
Joshua Tree National Park,Vascular Plant,Lamiales,Lamiaceae,Mexican Bladder Sage,Common
Joshua Tree National Park,Vascular Plant,Lamiales,Lamiaceae,None,nan
Joshua Tree National Park,Vascular Plant,Lamiales,Lamiaceae,White Sage,Common
Joshua Tree National Park,Vascular Plant,Lamiales,Lamiaceae,None,nan
Joshua Tree National Park,Vascular Plant,Lamiales,Lamiaceae,Fragrant Sage,nan
Joshua Tree National Park,Vascular Plant,Lamiales,Lamiaceae,Chia Sage,Abundant
Joshua Tree National Park,Vascular Plant,Lamiales,Lamiaceae,Desert Sage,nan
Joshua Tree National Park,Vascular Plant,Lamiales,Lamiaceae,Purple Sage,Common
Joshua Tree National Park,Vascular Plant,Lamiales,Lamiaceae,Desert Sage,nan
Joshua Tree National Park,Vascular Plant,Lamiales,Lamiaceae,"Death Valley Sage, Woolly Sage",nan
Joshua Tree National Park,Vascular Plant,Lamiales,Lamiaceae,Mojave Sage,Common
Joshua Tree National Park,Vascular Plant,Lamiales,Lamiaceae,Thick-Leaved Sage,Common
Joshua Tree National Park,Vascular Plant,Lamiales,Lamiaceae,Vasey's Sage,Common
Joshua Tree National Park,Vascular Plant,Lamiales,Lamiaceae,Small Coastal Germander,nan
Joshua Tree National Park,Vascular Plant,Lamiales,Martyniaceae,"Desert Devil's Claw, Unicorn Plant",nan
Joshua Tree National Park,Vascular Plant,Lamiales,Oleaceae,None,nan
Joshua Tree National Park,Vascular Plant,Lamiales,Oleaceae,Desert Olive,Common
Joshua Tree National Park,Vascular Plant,Lamiales,Oleaceae,Single-Leaf Ash,nan
Joshua Tree National Park,Vascular Plant,Lamiales,Oleaceae,Velvet Ash,Common
Joshua Tree National Park,Vascular Plant,Lamiales,Oleaceae,None,nan
Joshua Tree National Park,Vascular Plant,Lamiales,Oleaceae,Rough Menodora,Common
Joshua Tree National Park,Vascular Plant,Lamiales,Oleaceae,Desert Olive,Common
Joshua Tree National Park,Vascular Plant,Lamiales,Oleaceae,Spiny Menodora,Common
Joshua Tree National Park,Vascular Plant,Lamiales,Orobanchaceae,Northwestern Paintbrush,Common
Joshua Tree National Park,Vascular Plant,Lamiales,Orobanchaceae,None,nan
Joshua Tree National Park,Vascular Plant,Lamiales,Orobanchaceae,Texas Paintbrush,Common
Joshua Tree National Park,Vascular Plant,Lamiales,Orobanchaceae,"Wyoming Indian Paintbrush, Wyoming Paintbrush",nan
Joshua Tree National Park,Vascular Plant,Lamiales,Orobanchaceae,None,nan
Joshua Tree National Park,Vascular Plant,Lamiales,Orobanchaceae,Nevin's Bird's Beak,nan
Joshua Tree National Park,Vascular Plant,Lamiales,Orobanchaceae,Stiffbranch Bird's Beak,nan
Joshua Tree National Park,Vascular Plant,Lamiales,Orobanchaceae,Stiffbranch Bird's Beak,nan
Joshua Tree National Park,Vascular Plant,Lamiales,Orobanchaceae,Bristly Bird's Beak,nan
Joshua Tree National Park,Vascular Plant,Lamiales,Orobanchaceae,Chaparral Broomrape,nan
Joshua Tree National Park,Vascular Plant,Lamiales,Orobanchaceae,Cooper's Broom-Rape,Common
Joshua Tree National Park,Vascular Plant,Lamiales,Orobanchaceae,Clustered Broom-Rape,Common
Joshua Tree National Park,Vascular Plant,Lamiales,Orobanchaceae,None,nan
Joshua Tree National Park,Vascular Plant,Lamiales,Orobanchaceae,Parish's Broom-Rape,Common
Joshua Tree National Park,Vascular Plant,Lamiales,Phrymaceae,Sticky Monkeyflower,Common
Joshua Tree National Park,Vascular Plant,Lamiales,Phrymaceae,Bigelow's Monkeyflower,nan
Joshua Tree National Park,Vascular Plant,Lamiales,Phrymaceae,Bigelow's Monkeyflower,Common
Joshua Tree National Park,Vascular Plant,Lamiales,Phrymaceae,None,Common
Joshua Tree National Park,Vascular Plant,Lamiales,Phrymaceae,Fremont's Monkeyflower,Common
Joshua Tree National Park,Vascular Plant,Lamiales,Phrymaceae,None,nan
Joshua Tree National Park,Vascular Plant,Lamiales,Phrymaceae,Common Yellow Monkeyflower,Common
Joshua Tree National Park,Vascular Plant,Lamiales,Phrymaceae,None,nan
Joshua Tree National Park,Vascular Plant,Lamiales,Phrymaceae,None,nan
Joshua Tree National Park,Vascular Plant,Lamiales,Phrymaceae,Parish's Monkeyflower,Common
Joshua Tree National Park,Vascular Plant,Lamiales,Phrymaceae,Clammy Monkeyflower,Common
Joshua Tree National Park,Vascular Plant,Lamiales,Phrymaceae,Red Monkeyflower,Common
Joshua Tree National Park,Vascular Plant,Lamiales,Plantaginaceae,Coulter's Snapdragon,nan
Joshua Tree National Park,Vascular Plant,Lamiales,Plantaginaceae,Tangled Snapdragon,nan
Joshua Tree National Park,Vascular Plant,Lamiales,Plantaginaceae,Rock Lady,nan
Joshua Tree National Park,Vascular Plant,Lamiales,Plantaginaceae,"Chaparral Bush-Beardtongue, Snapdragon Penstemon",nan
Joshua Tree National Park,Vascular Plant,Lamiales,Plantaginaceae,None,Common
Joshua Tree National Park,Vascular Plant,Lamiales,Plantaginaceae,Rock Maurandya,nan
Joshua Tree National Park,Vascular Plant,Lamiales,Plantaginaceae,Ghostflower,Common
Joshua Tree National Park,Vascular Plant,Lamiales,Plantaginaceae,None,nan
Joshua Tree National Park,Vascular Plant,Lamiales,Plantaginaceae,Scarlet Bugler,Common
Joshua Tree National Park,Vascular Plant,Lamiales,Plantaginaceae,Cleveland's Beardtongue,nan
Joshua Tree National Park,Vascular Plant,Lamiales,Plantaginaceae,Mojave Beardtongue,nan
Joshua Tree National Park,Vascular Plant,Lamiales,Plantaginaceae,None,nan
Joshua Tree National Park,Vascular Plant,Lamiales,Plantaginaceae,Eaton's Penstemon,nan
Joshua Tree National Park,Vascular Plant,Lamiales,Plantaginaceae,"Eaton's Penstemon, Firecracker Penstemon",nan
Joshua Tree National Park,Vascular Plant,Lamiales,Plantaginaceae,None,nan
Joshua Tree National Park,Vascular Plant,Lamiales,Plantaginaceae,Death Valley Beardtongue,nan
Joshua Tree National Park,Vascular Plant,Lamiales,Plantaginaceae,Mojave Beardtongue,Common
Joshua Tree National Park,Vascular Plant,Lamiales,Plantaginaceae,"Stephens' Beardtongue, Stephens' Penstemon",nan
Joshua Tree National Park,Vascular Plant,Lamiales,Plantaginaceae,Thurber's Beardtongue,Rare
Joshua Tree National Park,Vascular Plant,Lamiales,Plantaginaceae,None,nan
Joshua Tree National Park,Vascular Plant,Lamiales,Plantaginaceae,None,nan
Joshua Tree National Park,Vascular Plant,Lamiales,Plantaginaceae,Desert Plantain,Common
Joshua Tree National Park,Vascular Plant,Lamiales,Plantaginaceae,"Woolly Indianwheat, Woolly Plantain",Common
Joshua Tree National Park,Vascular Plant,Lamiales,Plantaginaceae,"Whitewoolly Twintip, White-Woolly Twintip",nan
Joshua Tree National Park,Vascular Plant,Lamiales,Verbenaceae,Oreganillo,Uncommon
Joshua Tree National Park,Vascular Plant,Lamiales,Verbenaceae,None,nan
Joshua Tree National Park,Vascular Plant,Lamiales,Verbenaceae,None,nan
Joshua Tree National Park,Vascular Plant,Lamiales,Verbenaceae,Western Vervain,nan
Joshua Tree National Park,Vascular Plant,Liliales,Liliaceae,Desert Mariposa,nan
Joshua Tree National Park,Vascular Plant,Liliales,Liliaceae,Palmer's Mariposa,nan
Joshua Tree National Park,Vascular Plant,Liliales,Liliaceae,Palmer's Mariposa,Rare
Joshua Tree National Park,Vascular Plant,Liliales,Liliaceae,Alkali Mariposa Lily,Rare
Joshua Tree National Park,Vascular Plant,Liliales,Melanthiaceae,Desert Death-Camas,Common
Joshua Tree National Park,Vascular Plant,Malpighiales,Euphorbiaceae,"Hoary Myrtlecroton, Western Bernardia",nan
Joshua Tree National Park,Vascular Plant,Malpighiales,Euphorbiaceae,None,nan
Joshua Tree National Park,Vascular Plant,Malpighiales,Euphorbiaceae,Western Bernardia,Common
Joshua Tree National Park,Vascular Plant,Malpighiales,Euphorbiaceae,Rattlesnake Weed,Common
Joshua Tree National Park,Vascular Plant,Malpighiales,Euphorbiaceae,Fendler's Spurge,nan
Joshua Tree National Park,Vascular Plant,Malpighiales,Euphorbiaceae,Rib-Seed Spurge,nan
Joshua Tree National Park,Vascular Plant,Malpighiales,Euphorbiaceae,"Large Spurge, Spotted Sandmat, Spotted Spurge",nan
Joshua Tree National Park,Vascular Plant,Malpighiales,Euphorbiaceae,Sonoran Sandmat,Common
Joshua Tree National Park,Vascular Plant,Malpighiales,Euphorbiaceae,"Flatseed Sandmat, Flat-Seed Sandmat, Flat-Seeded Spurge",nan
Joshua Tree National Park,Vascular Plant,Malpighiales,Euphorbiaceae,Small-Seeded Spurge,Common
Joshua Tree National Park,Vascular Plant,Malpighiales,Euphorbiaceae,Thyme-Leafed Spurge,nan
Joshua Tree National Park,Vascular Plant,Malpighiales,Euphorbiaceae,Yuma Spurge,Common
Joshua Tree National Park,Vascular Plant,Malpighiales,Euphorbiaceae,Death Valley Spurge,Uncommon
Joshua Tree National Park,Vascular Plant,Malpighiales,Euphorbiaceae,California Croton,Common
Joshua Tree National Park,Vascular Plant,Malpighiales,Euphorbiaceae,Mojave Croton,nan
Joshua Tree National Park,Vascular Plant,Malpighiales,Euphorbiaceae,California Ditaxis,Rare
Joshua Tree National Park,Vascular Plant,Malpighiales,Euphorbiaceae,Desert Silverbush,nan
Joshua Tree National Park,Vascular Plant,Malpighiales,Euphorbiaceae,Narrowleaf Ditaxis,Common
Joshua Tree National Park,Vascular Plant,Malpighiales,Euphorbiaceae,New Mexico Ditaxis,Common
Joshua Tree National Park,Vascular Plant,Malpighiales,Euphorbiaceae,Yuma Ditaxis,Common
Joshua Tree National Park,Vascular Plant,Malpighiales,Euphorbiaceae,Candelilla,nan
Joshua Tree National Park,Vascular Plant,Malpighiales,Euphorbiaceae,Beetle Spurge,nan
Joshua Tree National Park,Vascular Plant,Malpighiales,Euphorbiaceae,Fendler's Sandmat,nan
Joshua Tree National Park,Vascular Plant,Malpighiales,Euphorbiaceae,"Ribseed Sandmat, Ridgeseed Spurge",nan
Joshua Tree National Park,Vascular Plant,Malpighiales,Euphorbiaceae,Sonoran Sandmat,nan
Joshua Tree National Park,Vascular Plant,Malpighiales,Euphorbiaceae,Smallseed Sandmat,nan
Joshua Tree National Park,Vascular Plant,Malpighiales,Euphorbiaceae,None,nan
Joshua Tree National Park,Vascular Plant,Malpighiales,Euphorbiaceae,Thymeleaf Sandmat,nan
Joshua Tree National Park,Vascular Plant,Malpighiales,Euphorbiaceae,Yuma Sandmat,nan
Joshua Tree National Park,Vascular Plant,Malpighiales,Euphorbiaceae,Death Valley Sandmat,nan
Joshua Tree National Park,Vascular Plant,Malpighiales,Euphorbiaceae,Sangre De Cristo,nan
Joshua Tree National Park,Vascular Plant,Malpighiales,Euphorbiaceae,"Arizona Nettlespurge, Ashy Jatropha",nan
Joshua Tree National Park,Vascular Plant,Malpighiales,Euphorbiaceae,Linear-Leaved Stillingia,Common
Joshua Tree National Park,Vascular Plant,Malpighiales,Euphorbiaceae,Mojave Stillingia,Common
Joshua Tree National Park,Vascular Plant,Malpighiales,Euphorbiaceae,Annual Stillingia,Common
Joshua Tree National Park,Vascular Plant,Malpighiales,Picrodendraceae,None,nan
Joshua Tree National Park,Vascular Plant,Malpighiales,Picrodendraceae,Holly-Leaved Spurge,Uncommon
Joshua Tree National Park,Vascular Plant,Malpighiales,Picrodendraceae,"Hollybush, Holly-Leaf Four-Pod Spurge, Holly-Leaved Tetracoccus",nan
Joshua Tree National Park,Vascular Plant,Malpighiales,Salicaceae,Fremont Cottonwood,nan
Joshua Tree National Park,Vascular Plant,Malpighiales,Salicaceae,Fremont's Cottonwood,nan
Joshua Tree National Park,Vascular Plant,Malpighiales,Salicaceae,Quaking Aspen,nan
Joshua Tree National Park,Vascular Plant,Malpighiales,Salicaceae,Sandbar Willow,Common
Joshua Tree National Park,Vascular Plant,Malpighiales,Salicaceae,Goodding's Black Willow,Common
Joshua Tree National Park,Vascular Plant,Malpighiales,Salicaceae,Polished Willow,Common
Joshua Tree National Park,Vascular Plant,Malpighiales,Salicaceae,Arroyo Willow,Common
Joshua Tree National Park,Vascular Plant,Malpighiales,Salicaceae,Black Willow,nan
Joshua Tree National Park,Vascular Plant,Malvales,Malvaceae,Palmer's Indian Mallow,nan
Joshua Tree National Park,Vascular Plant,Malvales,Malvaceae,Ayenia,Rare
Joshua Tree National Park,Vascular Plant,Malvales,Malvaceae,White Mallow,Common
Joshua Tree National Park,Vascular Plant,Malvales,Malvaceae,Desert Five-Spot,Common
Joshua Tree National Park,Vascular Plant,Malvales,Malvaceae,Rock Hibicus,Common
Joshua Tree National Park,Vascular Plant,Malvales,Malvaceae,"Cheeseweed, Little Mallow",nan
Joshua Tree National Park,Vascular Plant,Malvales,Malvaceae,None,nan
Joshua Tree National Park,Vascular Plant,Malvales,Malvaceae,Salt Spring Checkerbloom,nan
Joshua Tree National Park,Vascular Plant,Malvales,Malvaceae,Apricot Mallow,nan
Joshua Tree National Park,Vascular Plant,Malvales,Malvaceae,Apricot Mallow,Common
Joshua Tree National Park,Vascular Plant,Malvales,Malvaceae,Desert Globemallow,Common
Joshua Tree National Park,Vascular Plant,Malvales,Malvaceae,None,Common
Joshua Tree National Park,Vascular Plant,Malvales,Malvaceae,Desert Apricot Mallow,nan
Joshua Tree National Park,Vascular Plant,Malvales,Malvaceae,None,Common
Joshua Tree National Park,Vascular Plant,Malvales,Malvaceae,Narrow-Leaved Desert Mallow,Common
Joshua Tree National Park,Vascular Plant,Malvales,Malvaceae,None,nan
Joshua Tree National Park,Vascular Plant,Malvales,Malvaceae,Emory's Globemallow,nan
Joshua Tree National Park,Vascular Plant,Malvales,Malvaceae,None,Common
Joshua Tree National Park,Vascular Plant,Malvales,Malvaceae,"Cutleaf Globemallow, Rusby's Globemallow",nan
Joshua Tree National Park,Vascular Plant,Myrtales,Lythraceae,Pomegranate,nan
Joshua Tree National Park,Vascular Plant,Myrtales,Myrtaceae,Eucalyptus,nan
Joshua Tree National Park,Vascular Plant,Myrtales,Onagraceae,"Booth's Evening Primrose, Booth's Evening-Primrose, Booth's Suncup",nan
Joshua Tree National Park,Vascular Plant,Myrtales,Onagraceae,Booth Primrose,Common
Joshua Tree National Park,Vascular Plant,Myrtales,Onagraceae,Desert Shredding Primrose,Common
Joshua Tree National Park,Vascular Plant,Myrtales,Onagraceae,Desert Shedding Primerose,Common
Joshua Tree National Park,Vascular Plant,Myrtales,Onagraceae,None,nan
Joshua Tree National Park,Vascular Plant,Myrtales,Onagraceae,Yellow Cups,nan
Joshua Tree National Park,Vascular Plant,Myrtales,Onagraceae,Yellow Cups,Common
Joshua Tree National Park,Vascular Plant,Myrtales,Onagraceae,California Primerose,Common
Joshua Tree National Park,Vascular Plant,Myrtales,Onagraceae,Field Sun-Cup,nan
Joshua Tree National Park,Vascular Plant,Myrtales,Onagraceae,Mojave Suncup,Common
Joshua Tree National Park,Vascular Plant,Myrtales,Onagraceae,Heartleaf Sun-Cup,nan
Joshua Tree National Park,Vascular Plant,Myrtales,Onagraceae,Heartleaf Suncup,Common
Joshua Tree National Park,Vascular Plant,Myrtales,Onagraceae,Heartleaf Suncup,nan
Joshua Tree National Park,Vascular Plant,Myrtales,Onagraceae,Long-Capsuled Primrose,Common
Joshua Tree National Park,Vascular Plant,Myrtales,Onagraceae,Clavate-Fruited Primrose,nan
Joshua Tree National Park,Vascular Plant,Myrtales,Onagraceae,Orange Clavate-Fruited Primrose,Common
Joshua Tree National Park,Vascular Plant,Myrtales,Onagraceae,Brown-Eyed Primrose,Common
Joshua Tree National Park,Vascular Plant,Myrtales,Onagraceae,Browneyes,nan
Joshua Tree National Park,Vascular Plant,Myrtales,Onagraceae,Contorted Sun-Cup,Common
Joshua Tree National Park,Vascular Plant,Myrtales,Onagraceae,None,nan
Joshua Tree National Park,Vascular Plant,Myrtales,Onagraceae,Santa Cruz Island Suncup,nan
Joshua Tree National Park,Vascular Plant,Myrtales,Onagraceae,Jurupa Hills Suncups,Common
Joshua Tree National Park,Vascular Plant,Myrtales,Onagraceae,"Kern County Evening Primrose, Kern County Evening-Primrose, Kern Suncup",nan
Joshua Tree National Park,Vascular Plant,Myrtales,Onagraceae,Gilman's Evening-Primrose,Common
Joshua Tree National Park,Vascular Plant,Myrtales,Onagraceae,Small-Flowered Evening-Primrose,Common
Joshua Tree National Park,Vascular Plant,Myrtales,Onagraceae,Death Valley Suncup,nan
Joshua Tree National Park,Vascular Plant,Myrtales,Onagraceae,"Paleyellow Suncup, Pale-Yellow Suncup",nan
Joshua Tree National Park,Vascular Plant,Myrtales,Onagraceae,Hall's Suncup,Common
Joshua Tree National Park,Vascular Plant,Myrtales,Onagraceae,"Paleyellow Suncup, Pale-Yellow Suncup",Common
Joshua Tree National Park,Vascular Plant,Myrtales,Onagraceae,Raven's Primrose,nan
Joshua Tree National Park,Vascular Plant,Myrtales,Onagraceae,Narrow Leaved Primrose,Common
Joshua Tree National Park,Vascular Plant,Myrtales,Onagraceae,"Sandysoil Suncup, Sandy-Soil Suncup",nan
Joshua Tree National Park,Vascular Plant,Myrtales,Onagraceae,Mountain California-Fuchsia,Common
Joshua Tree National Park,Vascular Plant,Myrtales,Onagraceae,None,nan
Joshua Tree National Park,Vascular Plant,Myrtales,Onagraceae,None,nan
Joshua Tree National Park,Vascular Plant,Myrtales,Onagraceae,None,nan
Joshua Tree National Park,Vascular Plant,Myrtales,Onagraceae,None,nan
Joshua Tree National Park,Vascular Plant,Myrtales,Onagraceae,"Tufted Evening Primrose, Tufted Evening-Primrose",nan
Joshua Tree National Park,Vascular Plant,Myrtales,Onagraceae,White Desert-Primrose,nan
Joshua Tree National Park,Vascular Plant,Myrtales,Onagraceae,None,nan
Joshua Tree National Park,Vascular Plant,Myrtales,Onagraceae,California Eveningprimrose,nan
Joshua Tree National Park,Vascular Plant,Myrtales,Onagraceae,California Evening-Primrose,nan
Joshua Tree National Park,Vascular Plant,Myrtales,Onagraceae,California Primrose,Common
Joshua Tree National Park,Vascular Plant,Myrtales,Onagraceae,None,nan
Joshua Tree National Park,Vascular Plant,Myrtales,Onagraceae,None,nan
Joshua Tree National Park,Vascular Plant,Myrtales,Onagraceae,None,nan
Joshua Tree National Park,Vascular Plant,Myrtales,Onagraceae,Dune Primrose,nan
Joshua Tree National Park,Vascular Plant,Myrtales,Onagraceae,Decumbens,Common
Joshua Tree National Park,Vascular Plant,Myrtales,Onagraceae,None,nan
Joshua Tree National Park,Vascular Plant,Myrtales,Onagraceae,Desert Evening Primrose,nan
Joshua Tree National Park,Vascular Plant,Myrtales,Onagraceae,Yellow Desert Evening-Primrose,nan
Joshua Tree National Park,Vascular Plant,Myrtales,Onagraceae,None,nan
Joshua Tree National Park,Vascular Plant,Myrtales,Onagraceae,None,nan
Joshua Tree National Park,Vascular Plant,Myrtales,Onagraceae,None,nan
Joshua Tree National Park,Vascular Plant,Myrtales,Onagraceae,None,nan
Joshua Tree National Park,Vascular Plant,Pinales,Cupressaceae,Incense Cedar,nan
Joshua Tree National Park,Vascular Plant,Pinales,Cupressaceae,California Juniper,Abundant
Joshua Tree National Park,Vascular Plant,Pinales,Cupressaceae,Western Juniper,nan
Joshua Tree National Park,Vascular Plant,Pinales,Cupressaceae,Utah Juniper,nan
Joshua Tree National Park,Vascular Plant,Pinales,Cupressaceae,Rocky Mountain Juniper,nan
Joshua Tree National Park,Vascular Plant,Pinales,Cupressaceae,None,nan
Joshua Tree National Park,Vascular Plant,Pinales,Pinaceae,"Rocky Mountain Fir, Rocky Mountain White Fir, White Fir",nan
Joshua Tree National Park,Vascular Plant,Pinales,Pinaceae,California Pine,nan
Joshua Tree National Park,Vascular Plant,Pinales,Pinaceae,None,nan
Joshua Tree National Park,Vascular Plant,Pinales,Pinaceae,"Colorado Pinyon, Nut Pine, Pi_On Pine, Pinyon, Pinyon Pine, Two-Leaf Pinyon, Twoneedle Pinyon, Two-Needle Pinyon",nan
Joshua Tree National Park,Vascular Plant,Pinales,Pinaceae,"Limber Pine, Rocky Mountain White Pine",nan
Joshua Tree National Park,Vascular Plant,Pinales,Pinaceae,"California Sugar Pine, Sugar Pine",nan
Joshua Tree National Park,Vascular Plant,Pinales,Pinaceae,Single-Leaf Pinyon Pine,Common
Joshua Tree National Park,Vascular Plant,Pinales,Pinaceae,"Blackjack Pine, Bull Pine, Ponderosa Pine, Rock Pine, Western Yellow Pine",nan
Joshua Tree National Park,Vascular Plant,Pinales,Pinaceae,"Douglas Spruce, Douglas-Fir, Oregon Pine, Red Fir",nan
Joshua Tree National Park,Vascular Plant,Pinales,Pinaceae,None,nan
Joshua Tree National Park,Vascular Plant,Piperales,Saururaceae,Yerba Mansa,nan
Joshua Tree National Park,Vascular Plant,Poales,Cyperaceae,Sturdy Sedge,nan
Joshua Tree National Park,Vascular Plant,Poales,Cyperaceae,Douglas' Sedge,Common
Joshua Tree National Park,Vascular Plant,Poales,Cyperaceae,None,nan
Joshua Tree National Park,Vascular Plant,Poales,Cyperaceae,"Chufa Flatsedge, Yellow Nutgrass, Yellow Nutsedge",Common
Joshua Tree National Park,Vascular Plant,Poales,Cyperaceae,Bearded Flatsedge,Common
Joshua Tree National Park,Vascular Plant,Poales,Cyperaceae,Common Spikerush,Common
Joshua Tree National Park,Vascular Plant,Poales,Cyperaceae,"Common Spikerush, Creeping Spikerush, Creeping Spike-Rush, Marsh Spike-Rush, Spikesedge",nan
Joshua Tree National Park,Vascular Plant,Poales,Cyperaceae,Parish's Spikerush,Common
Joshua Tree National Park,Vascular Plant,Poales,Cyperaceae,Hardstem Bulrush,nan
Joshua Tree National Park,Vascular Plant,Poales,Cyperaceae,American Tule,Common
Joshua Tree National Park,Vascular Plant,Poales,Cyperaceae,None,nan
Joshua Tree National Park,Vascular Plant,Poales,Juncaceae,Spiny Rush,nan
Joshua Tree National Park,Vascular Plant,Poales,Juncaceae,Wire Grass,Common
Joshua Tree National Park,Vascular Plant,Poales,Juncaceae,None,nan
Joshua Tree National Park,Vascular Plant,Poales,Juncaceae,Baltic Rush,Common
Joshua Tree National Park,Vascular Plant,Poales,Juncaceae,Toad Rush,nan
Joshua Tree National Park,Vascular Plant,Poales,Juncaceae,Long-Leaved Rush,Uncommon
Joshua Tree National Park,Vascular Plant,Poales,Juncaceae,Mexican Rush,nan
Joshua Tree National Park,Vascular Plant,Poales,Juncaceae,Iris-Leaved Rush,Common
Joshua Tree National Park,Vascular Plant,Poales,Poaceae,Needlegrass,nan
Joshua Tree National Park,Vascular Plant,Poales,Poaceae,Indian Ricegrass,Common
Joshua Tree National Park,Vascular Plant,Poales,Poaceae,Parish's Needlegrass,nan
Joshua Tree National Park,Vascular Plant,Poales,Poaceae,Desert Needlegrass,Common
Joshua Tree National Park,Vascular Plant,Poales,Poaceae,None,nan
Joshua Tree National Park,Vascular Plant,Poales,Poaceae,Water Bentgrass,Common
Joshua Tree National Park,Vascular Plant,Poales,Poaceae,None,nan
Joshua Tree National Park,Vascular Plant,Poales,Poaceae,Six-Weeks Three-Awn,Common
Joshua Tree National Park,Vascular Plant,Poales,Poaceae,California Three-Awn,nan
Joshua Tree National Park,Vascular Plant,Poales,Poaceae,None,nan
Joshua Tree National Park,Vascular Plant,Poales,Poaceae,None,nan
Joshua Tree National Park,Vascular Plant,Poales,Poaceae,None,nan
Joshua Tree National Park,Vascular Plant,Poales,Poaceae,None,nan
Joshua Tree National Park,Vascular Plant,Poales,Poaceae,"Purple 3-Awn, Purple Threeawn, Purple Three-Awn, Red Threeawn",nan
Joshua Tree National Park,Vascular Plant,Poales,Poaceae,Fendler Three-Awn,Common
Joshua Tree National Park,Vascular Plant,Poales,Poaceae,Red Three-Awn,Common
Joshua Tree National Park,Vascular Plant,Poales,Poaceae,Purple Three-Awn,Common
Joshua Tree National Park,Vascular Plant,Poales,Poaceae,Purple Threeawn,Common
Joshua Tree National Park,Vascular Plant,Poales,Poaceae,Purple Threeawn,Common
Joshua Tree National Park,Vascular Plant,Poales,Poaceae,Wright Three-Awn,Common
Joshua Tree National Park,Vascular Plant,Poales,Poaceae,None,nan
Joshua Tree National Park,Vascular Plant,Poales,Poaceae,Cane Bluestem,Common
Joshua Tree National Park,Vascular Plant,Poales,Poaceae,Needle Grama,nan
Joshua Tree National Park,Vascular Plant,Poales,Poaceae,Needle Grama,Common
Joshua Tree National Park,Vascular Plant,Poales,Poaceae,Six-Weeks Grama,nan
Joshua Tree National Park,Vascular Plant,Poales,Poaceae,Sideoats Grama,Common
Joshua Tree National Park,Vascular Plant,Poales,Poaceae,Chilean Chess,nan
Joshua Tree National Park,Vascular Plant,Poales,Poaceae,Ripgut Brome,Common
Joshua Tree National Park,Vascular Plant,Poales,Poaceae,"Compact Brome, Spanish Brome",nan
Joshua Tree National Park,Vascular Plant,Poales,Poaceae,Red Brome,Common
Joshua Tree National Park,Vascular Plant,Poales,Poaceae,Ripgut Brome,nan
Joshua Tree National Park,Vascular Plant,Poales,Poaceae,Cheatgrass,Common
Joshua Tree National Park,Vascular Plant,Poales,Poaceae,Chilean Chess,Common
Joshua Tree National Park,Vascular Plant,Poales,Poaceae,Bermuda Grass,Common
Joshua Tree National Park,Vascular Plant,Poales,Poaceae,Inland Saltgrass,Common
Joshua Tree National Park,Vascular Plant,Poales,Poaceae,None,nan
Joshua Tree National Park,Vascular Plant,Poales,Poaceae,None,nan
Joshua Tree National Park,Vascular Plant,Poales,Poaceae,None,nan
Joshua Tree National Park,Vascular Plant,Poales,Poaceae,Barnyard Grass,Common
Joshua Tree National Park,Vascular Plant,Poales,Poaceae,"Bottlebrush Squirreltail, Squirreltail, Western Bottle-Brush Grass",nan
Joshua Tree National Park,Vascular Plant,Poales,Poaceae,Squirreltail,Common
Joshua Tree National Park,Vascular Plant,Poales,Poaceae,Squirreltail,Common
Joshua Tree National Park,Vascular Plant,Poales,Poaceae,Squirreltail,Common
Joshua Tree National Park,Vascular Plant,Poales,Poaceae,None,nan
Joshua Tree National Park,Vascular Plant,Poales,Poaceae,Stinkgrass,Common
Joshua Tree National Park,Vascular Plant,Poales,Poaceae,Fluff Grass,Common
Joshua Tree National Park,Vascular Plant,Poales,Poaceae,None,nan
Joshua Tree National Park,Vascular Plant,Poales,Poaceae,None,nan
Joshua Tree National Park,Vascular Plant,Poales,Poaceae,None,nan
Joshua Tree National Park,Vascular Plant,Poales,Poaceae,None,nan
Joshua Tree National Park,Vascular Plant,Poales,Poaceae,None,nan
Joshua Tree National Park,Vascular Plant,Poales,Poaceae,None,nan
Joshua Tree National Park,Vascular Plant,Poales,Poaceae,Foxtail Barley,Common
Joshua Tree National Park,Vascular Plant,Poales,Poaceae,Mediterranean Barley,nan
Joshua Tree National Park,Vascular Plant,Poales,Poaceae,Smooth Barley,Common
Joshua Tree National Park,Vascular Plant,Poales,Poaceae,"Bearded Sprangletop, Sprangletop",nan
Joshua Tree National Park,Vascular Plant,Poales,Poaceae,On-Nerve Sprangletop,Common
Joshua Tree National Park,Vascular Plant,Poales,Poaceae,"Beardless Lyme Grass, Beardless Wildrye, Creeping Wildrye",nan
Joshua Tree National Park,Vascular Plant,Poales,Poaceae,Oniongrass,Common
Joshua Tree National Park,Vascular Plant,Poales,Poaceae,Tall Oniongrass,Common
Joshua Tree National Park,Vascular Plant,Poales,Poaceae,Small-Flowered Melica,Common
Joshua Tree National Park,Vascular Plant,Poales,Poaceae,None,nan
Joshua Tree National Park,Vascular Plant,Poales,Poaceae,Littleseed Muhly,Common
Joshua Tree National Park,Vascular Plant,Poales,Poaceae,Bushymuhly,Common
Joshua Tree National Park,Vascular Plant,Poales,Poaceae,Deergrass,Common
Joshua Tree National Park,Vascular Plant,Poales,Poaceae,None,nan
Joshua Tree National Park,Vascular Plant,Poales,Poaceae,Panic Grass,Common
Joshua Tree National Park,Vascular Plant,Poales,Poaceae,Fountain Grass,nan
Joshua Tree National Park,Vascular Plant,Poales,Poaceae,"Common Timothy, Timothy",nan
Joshua Tree National Park,Vascular Plant,Poales,Poaceae,Common Reed,Common
Joshua Tree National Park,Vascular Plant,Poales,Poaceae,Common Reed,nan
Joshua Tree National Park,Vascular Plant,Poales,Poaceae,None,nan
Joshua Tree National Park,Vascular Plant,Poales,Poaceae,"Galleta, James' Galleta",nan
Joshua Tree National Park,Vascular Plant,Poales,Poaceae,Big Galleta,Common
Joshua Tree National Park,Vascular Plant,Poales,Poaceae,Mutton Grass,Common
Joshua Tree National Park,Vascular Plant,Poales,Poaceae,None,nan
Joshua Tree National Park,Vascular Plant,Poales,Poaceae,Kentucky Bluegrass,nan
Joshua Tree National Park,Vascular Plant,Poales,Poaceae,None,nan
Joshua Tree National Park,Vascular Plant,Poales,Poaceae,Big Bluegrass,nan
Joshua Tree National Park,Vascular Plant,Poales,Poaceae,One-Sided Blue Grass,nan
Joshua Tree National Park,Vascular Plant,Poales,Poaceae,Rabbitfoot Beard Grass,Common
Joshua Tree National Park,Vascular Plant,Poales,Poaceae,Mediterranean Grass,nan
Joshua Tree National Park,Vascular Plant,Poales,Poaceae,Common Mediterranean Grass,Common
Joshua Tree National Park,Vascular Plant,Poales,Poaceae,None,nan
Joshua Tree National Park,Vascular Plant,Poales,Poaceae,Alkali Sacaton,Common
Joshua Tree National Park,Vascular Plant,Poales,Poaceae,Spike Dropseed,nan
Joshua Tree National Park,Vascular Plant,Poales,Poaceae,Sand Dropseed,Common
Joshua Tree National Park,Vascular Plant,Poales,Poaceae,Mesa Dropseed,nan
Joshua Tree National Park,Vascular Plant,Poales,Poaceae,None,nan
Joshua Tree National Park,Vascular Plant,Poales,Poaceae,None,nan
Joshua Tree National Park,Vascular Plant,Poales,Poaceae,None,nan
Joshua Tree National Park,Vascular Plant,Poales,Poaceae,Slim Tridens,Common
Joshua Tree National Park,Vascular Plant,Poales,Poaceae,None,nan
Joshua Tree National Park,Vascular Plant,Poales,Poaceae,Pacific Festuca,Common
Joshua Tree National Park,Vascular Plant,Poales,Poaceae,"Foxtail Fescue, Rattail Fescue, Rat-Tail Fescue, Rat-Tailed Fescue",nan
Joshua Tree National Park,Vascular Plant,Poales,Poaceae,None,nan
Joshua Tree National Park,Vascular Plant,Poales,Poaceae,Hairy Rattail Fescue,nan
Joshua Tree National Park,Vascular Plant,Poales,Poaceae,Six-Weeks Fescue,nan
Joshua Tree National Park,Vascular Plant,Poales,Poaceae,Sixweeks Fescue,Common
Joshua Tree National Park,Vascular Plant,Poales,Poaceae,"Eight-Flower Six-Weeks Grass, Sixweeks Fescue",Common
Joshua Tree National Park,Vascular Plant,Poales,Poaceae,Corn,nan
Joshua Tree National Park,Vascular Plant,Poales,Typhaceae,Narrow-Leaf Cattail,nan
Joshua Tree National Park,Vascular Plant,Poales,Typhaceae,Southern Cattail,Common
Joshua Tree National Park,Vascular Plant,Poales,Typhaceae,"Broadleaf Cattail, Cattail, Common Cattail",nan
Joshua Tree National Park,Vascular Plant,Polypodiales,Dennstaedtiaceae,Western Bracken Fern,nan
Joshua Tree National Park,Vascular Plant,Polypodiales,Dryopteridaceae,Wood Fern,Common
Joshua Tree National Park,Vascular Plant,Polypodiales,Pteridaceae,Southern Maiden-Hair,Common
Joshua Tree National Park,Vascular Plant,Polypodiales,Pteridaceae,Coville's Lipfern,Common
Joshua Tree National Park,Vascular Plant,Polypodiales,Pteridaceae,None,Common
Joshua Tree National Park,Vascular Plant,Polypodiales,Pteridaceae,Parish's Lip-Fern,nan
Joshua Tree National Park,Vascular Plant,Polypodiales,Pteridaceae,Parry's Cloak Fern,Common
Joshua Tree National Park,Vascular Plant,Polypodiales,Pteridaceae,Viscid Lip-Fern,Common
Joshua Tree National Park,Vascular Plant,Polypodiales,Pteridaceae,None,nan
Joshua Tree National Park,Vascular Plant,Polypodiales,Pteridaceae,None,nan
Joshua Tree National Park,Vascular Plant,Polypodiales,Pteridaceae,Bird's-Foot Fern,nan
Joshua Tree National Park,Vascular Plant,Polypodiales,Pteridaceae,California Cliff-Brake,nan
Joshua Tree National Park,Vascular Plant,Polypodiales,Pteridaceae,Birdfoot Cliffbrake,nan
Joshua Tree National Park,Vascular Plant,Polypodiales,Pteridaceae,California Cliff-Brake,nan
Joshua Tree National Park,Vascular Plant,Polypodiales,Pteridaceae,Cliff-Brake,nan
Joshua Tree National Park,Vascular Plant,Polypodiales,Pteridaceae,"Maxon's Goldback Fern, Maxon's Goldfern",Common
Joshua Tree National Park,Vascular Plant,Polypodiales,Pteridaceae,"Goldback Fern, Goldfern, Western Goldfern",Common
Joshua Tree National Park,Vascular Plant,Polypodiales,Pteridaceae,None,nan
Joshua Tree National Park,Vascular Plant,Polypodiales,Woodsiaceae,Oregon Woodsia,Common
Joshua Tree National Park,Vascular Plant,Polypodiales,Woodsiaceae,Plummer's Cliff Fern,Rare
Joshua Tree National Park,Vascular Plant,Ranunculales,Berberidaceae,Fremont's Mahonia,nan
Joshua Tree National Park,Vascular Plant,Ranunculales,Papaveraceae,Leafy Prickly-Poppy,nan
Joshua Tree National Park,Vascular Plant,Ranunculales,Papaveraceae,Chicalote,Common
Joshua Tree National Park,Vascular Plant,Ranunculales,Papaveraceae,None,nan
Joshua Tree National Park,Vascular Plant,Ranunculales,Papaveraceae,Tufted Eschscholzia,Common
Joshua Tree National Park,Vascular Plant,Ranunculales,Papaveraceae,None,nan
Joshua Tree National Park,Vascular Plant,Ranunculales,Papaveraceae,California Poppy,nan
Joshua Tree National Park,Vascular Plant,Ranunculales,Papaveraceae,Desert Golden Poppy,Common
Joshua Tree National Park,Vascular Plant,Ranunculales,Papaveraceae,Pygmy Poppy,Common
Joshua Tree National Park,Vascular Plant,Ranunculales,Papaveraceae,Coville's Gold Poppy,nan
Joshua Tree National Park,Vascular Plant,Ranunculales,Papaveraceae,Parish's Poppy,Common
Joshua Tree National Park,Vascular Plant,Ranunculales,Papaveraceae,Cream Cups,Common
Joshua Tree National Park,Vascular Plant,Ranunculales,Papaveraceae,None,nan
Joshua Tree National Park,Vascular Plant,Ranunculales,Ranunculaceae,"Desert Windflower, Tuber Anemone",nan
Joshua Tree National Park,Vascular Plant,Ranunculales,Ranunculaceae,"Hierba De Chivo, Old-Man's-Beard, Virgins Bower, Virginsbower, Virgin's-Bower, Western White Clematis",Common
Joshua Tree National Park,Vascular Plant,Ranunculales,Ranunculaceae,"Few-Flowered Clematis, Yerba De Chiva",Common
Joshua Tree National Park,Vascular Plant,Ranunculales,Ranunculaceae,Parish's Larkspur,nan
Joshua Tree National Park,Vascular Plant,Ranunculales,Ranunculaceae,Desert Larkspur,Common
Joshua Tree National Park,Vascular Plant,Ranunculales,Ranunculaceae,Oceanblue Larkspur,Rare
Joshua Tree National Park,Vascular Plant,Ranunculales,Ranunculaceae,Desert Mouse-Tail,nan
Joshua Tree National Park,Vascular Plant,Rosales,Cannabaceae,None,nan
Joshua Tree National Park,Vascular Plant,Rosales,Cannabaceae,Net-Leaf Hackberry,Common
Joshua Tree National Park,Vascular Plant,Rosales,Elaeagnaceae,Russian Olive,nan
Joshua Tree National Park,Vascular Plant,Rosales,Moraceae,Common Fig,nan
Joshua Tree National Park,Vascular Plant,Rosales,Rhamnaceae,Buckbrush,nan
Joshua Tree National Park,Vascular Plant,Rosales,Rhamnaceae,Desert Ceanothus,nan
Joshua Tree National Park,Vascular Plant,Rosales,Rhamnaceae,Mojave Ceanothus,nan
Joshua Tree National Park,Vascular Plant,Rosales,Rhamnaceae,Las Animas Colubrina,Rare
Joshua Tree National Park,Vascular Plant,Rosales,Rhamnaceae,"Bitter Condalia, Bitter Snakewood",Uncommon
Joshua Tree National Park,Vascular Plant,Rosales,Rhamnaceae,None,nan
Joshua Tree National Park,Vascular Plant,Rosales,Rhamnaceae,None,nan
Joshua Tree National Park,Vascular Plant,Rosales,Rhamnaceae,None,nan
Joshua Tree National Park,Vascular Plant,Rosales,Rhamnaceae,Crucillo,nan
Joshua Tree National Park,Vascular Plant,Rosales,Rhamnaceae,None,nan
Joshua Tree National Park,Vascular Plant,Rosales,Rhamnaceae,None,nan
Joshua Tree National Park,Vascular Plant,Rosales,Rhamnaceae,None,nan
Joshua Tree National Park,Vascular Plant,Rosales,Rhamnaceae,"Hollyleaf Buckthorn, Redberry Buckthorn",nan
Joshua Tree National Park,Vascular Plant,Rosales,Rhamnaceae,Hollyleaf Redberry,nan
Joshua Tree National Park,Vascular Plant,Rosales,Rhamnaceae,Hollyleaf Redberry,nan
Joshua Tree National Park,Vascular Plant,Rosales,Rhamnaceae,Graythorn,Common
Joshua Tree National Park,Vascular Plant,Rosales,Rhamnaceae,California Lotebush,nan
Joshua Tree National Park,Vascular Plant,Rosales,Rhamnaceae,Lotebush,Common
Joshua Tree National Park,Vascular Plant,Rosales,Rosaceae,Birch-Leaf Mountain-Mahogany,nan
Joshua Tree National Park,Vascular Plant,Rosales,Rosaceae,"Curlleaf Cercocarpus, Curl-Leaf Mountain-Mahogany",nan
Joshua Tree National Park,Vascular Plant,Rosales,Rosaceae,Mountain Misery,nan
Joshua Tree National Park,Vascular Plant,Rosales,Rosaceae,Black Brush,Abundant
Joshua Tree National Park,Vascular Plant,Rosales,Rosaceae,None,nan
Joshua Tree National Park,Vascular Plant,Rosales,Rosaceae,None,nan
Joshua Tree National Park,Vascular Plant,Rosales,Rosaceae,Apache Plume,nan
Joshua Tree National Park,Vascular Plant,Rosales,Rosaceae,Rock Ivesia,Common
Joshua Tree National Park,Vascular Plant,Rosales,Rosaceae,None,nan
Joshua Tree National Park,Vascular Plant,Rosales,Rosaceae,"Anderson's Peachbrush, Desert Peach",nan
Joshua Tree National Park,Vascular Plant,Rosales,Rosaceae,Desert Almond,nan
Joshua Tree National Park,Vascular Plant,Rosales,Rosaceae,Desert Almond,nan
Joshua Tree National Park,Vascular Plant,Rosales,Rosaceae,Desert Apricot,nan
Joshua Tree National Park,Vascular Plant,Rosales,Rosaceae,Holly-Leaf Cherry,nan
Joshua Tree National Park,Vascular Plant,Rosales,Rosaceae,Antelope Bitterbrush,nan
Joshua Tree National Park,Vascular Plant,Rosales,Rosaceae,Desert Bitterbrush,nan
Joshua Tree National Park,Vascular Plant,Rosales,Ulmaceae,Chinese Elm,nan
Joshua Tree National Park,Vascular Plant,Rosales,Urticaceae,"Florida Pellitory, Pellitory",nan
Joshua Tree National Park,Vascular Plant,Rosales,Urticaceae,Pellitory,nan
Joshua Tree National Park,Vascular Plant,Salviniales,Marsileaceae,"Hairy Pepperwort, Hairy Waterclover",nan
Joshua Tree National Park,Vascular Plant,Santalales,Santalaceae,Western Dwarf Mistletoe,nan
Joshua Tree National Park,Vascular Plant,Santalales,Santalaceae,Western Dwarf-Mistletoe,nan
Joshua Tree National Park,Vascular Plant,Santalales,Santalaceae,"Bollean Mistletoe, Dense Mistletoe, Fir Mistletoe",nan
Joshua Tree National Park,Vascular Plant,Santalales,Santalaceae,None,nan
Joshua Tree National Park,Vascular Plant,Santalales,Santalaceae,None,nan
Joshua Tree National Park,Vascular Plant,Santalales,Santalaceae,Desert Mistletoe,Common
Joshua Tree National Park,Vascular Plant,Santalales,Santalaceae,None,nan
Joshua Tree National Park,Vascular Plant,Santalales,Santalaceae,Dense Mistletoe,Common
Joshua Tree National Park,Vascular Plant,Santalales,Santalaceae,None,nan
Joshua Tree National Park,Vascular Plant,Santalales,Santalaceae,None,nan
Joshua Tree National Park,Vascular Plant,Santalales,Santalaceae,"Incense Cedar Mistletoe, Juniper Mistletoe",nan
Joshua Tree National Park,Vascular Plant,Santalales,Santalaceae,Colorado Desert Mistletoe,nan
Joshua Tree National Park,Vascular Plant,Santalales,Santalaceae,"Bigleaf Mistletoe, Christmas Mistletoe, Downy Mistletoe",nan
Joshua Tree National Park,Vascular Plant,Santalales,Santalaceae,Oak Mistletoe,Common
Joshua Tree National Park,Vascular Plant,Sapindales,Anacardiaceae,None,nan
Joshua Tree National Park,Vascular Plant,Sapindales,Anacardiaceae,Squawbush,Common
Joshua Tree National Park,Vascular Plant,Sapindales,Anacardiaceae,"Skunkbush Sumac, Smoothleaf Skunkbush",nan
Joshua Tree National Park,Vascular Plant,Sapindales,Burseraceae,None,nan
Joshua Tree National Park,Vascular Plant,Sapindales,Burseraceae,"Elephant Tree, Littleleaf Elephant Tree",nan
Joshua Tree National Park,Vascular Plant,Sapindales,Meliaceae,"China Berry, Persian Lilac",Uncommon
Joshua Tree National Park,Vascular Plant,Sapindales,Rutaceae,Turpentine Broom,Common
Joshua Tree National Park,Vascular Plant,Sapindales,Simaroubaceae,Crucifixion Thorn,Rare
Joshua Tree National Park,Vascular Plant,Sapindales,Simaroubaceae,None,nan
Joshua Tree National Park,Vascular Plant,Saxifragales,Crassulaceae,Panamint Dudleya,nan
Joshua Tree National Park,Vascular Plant,Saxifragales,Crassulaceae,Panamint Liveforever,Abundant
Joshua Tree National Park,Vascular Plant,Saxifragales,Crassulaceae,None,nan
Joshua Tree National Park,Vascular Plant,Selaginellales,Selaginellaceae,Desert Spike-Moss,nan
Joshua Tree National Park,Vascular Plant,Solanales,Convolvulaceae,None,nan
Joshua Tree National Park,Vascular Plant,Solanales,Convolvulaceae,California Dodder,nan
Joshua Tree National Park,Vascular Plant,Solanales,Convolvulaceae,Desert Dodder,Common
Joshua Tree National Park,Vascular Plant,Solanales,Solanaceae,Desert Thornapple,nan
Joshua Tree National Park,Vascular Plant,Solanales,Solanaceae,None,nan
Joshua Tree National Park,Vascular Plant,Solanales,Solanaceae,"Jimsonweed, Sacred Datura",Common
Joshua Tree National Park,Vascular Plant,Solanales,Solanaceae,Anderson's Desert-Thorn,Common
Joshua Tree National Park,Vascular Plant,Solanales,Solanaceae,Desert-Thorn,nan
Joshua Tree National Park,Vascular Plant,Solanales,Solanaceae,Cooper's Box-Thorn,Common
Joshua Tree National Park,Vascular Plant,Solanales,Solanaceae,Rabbit Thorn,nan
Joshua Tree National Park,Vascular Plant,Solanales,Solanaceae,Desert Tobacco,nan
Joshua Tree National Park,Vascular Plant,Solanales,Solanaceae,None,nan
Joshua Tree National Park,Vascular Plant,Solanales,Solanaceae,Thickgroundcherry,Common
Joshua Tree National Park,Vascular Plant,Solanales,Solanaceae,Ivyleaf Groundcherry,nan
Joshua Tree National Park,Vascular Plant,Solanales,Solanaceae,None,nan
Joshua Tree National Park,Vascular Plant,Solanales,Solanaceae,None,Rare
Joshua Tree National Park,Vascular Plant,Solanales,Solanaceae,Husk Tomato,nan
Joshua Tree National Park,Vascular Plant,Solanales,Solanaceae,Black Nightshade,nan
Joshua Tree National Park,Vascular Plant,Solanales,Solanaceae,Purple Nightshade,nan
Joshua Tree National Park,Vascular Plant,Zygophyllales,Krameriaceae,Pima Rhatany,Common
Joshua Tree National Park,Vascular Plant,Zygophyllales,Krameriaceae,White Rhatany,Common
Joshua Tree National Park,Vascular Plant,Zygophyllales,Krameriaceae,None,nan
Joshua Tree National Park,Vascular Plant,Zygophyllales,Krameriaceae,None,nan
Joshua Tree National Park,Vascular Plant,Zygophyllales,Zygophyllaceae,None,nan
Joshua Tree National Park,Vascular Plant,Zygophyllales,Zygophyllaceae,California Fagonia,Common
Joshua Tree National Park,Vascular Plant,Zygophyllales,Zygophyllaceae,Sticky Fagonia,Common
Joshua Tree National Park,Vascular Plant,Zygophyllales,Zygophyllaceae,California Caltrop,Common
Joshua Tree National Park,Vascular Plant,Zygophyllales,Zygophyllaceae,None,nan
Joshua Tree National Park,Vascular Plant,Zygophyllales,Zygophyllaceae,Creosote Bush,Abundant
Joshua Tree National Park,Vascular Plant,Zygophyllales,Zygophyllaceae,Puncture-Vine,Common
Joshua Tree National Park,Nonvascular Plant,Chlamydomonadales,Chlorosarcinaceae,None,nan
Joshua Tree National Park,Nonvascular Plant,Chlamydomonadales,Chlorosarcinaceae,None,nan
Joshua Tree National Park,Nonvascular Plant,Chlorellales,Oocystaceae,None,nan
Joshua Tree National Park,Nonvascular Plant,Chlorococcales,Chlrococcaceae,None,nan
Joshua Tree National Park,Nonvascular Plant,Microthamniales,nan,None,nan
Joshua Tree National Park,Nonvascular Plant,Sphaeropleales,Bracteacoccaceae,None,nan
Joshua Tree National Park,Spider/Scorpion,nan,nan,None,nan
Joshua Tree National Park,Spider/Scorpion,Acariformes,Trombiculidae,None,nan
Joshua Tree National Park,Spider/Scorpion,Acariformes,Trombiculidae,None,nan
Joshua Tree National Park,Spider/Scorpion,Acariformes,Trombiculidae,None,nan
Joshua Tree National Park,Spider/Scorpion,Acariformes,Trombiculidae,None,nan
Joshua Tree National Park,Spider/Scorpion,Acariformes,Trombiculidae,None,nan
Joshua Tree National Park,Spider/Scorpion,Acariformes,Trombiculidae,None,nan
Joshua Tree National Park,Spider/Scorpion,Acariformes,Trombiculidae,None,nan
Joshua Tree National Park,Spider/Scorpion,Acariformes,Trombiculidae,None,nan
Joshua Tree National Park,Spider/Scorpion,Acariformes,Trombiculidae,None,nan
Joshua Tree National Park,Spider/Scorpion,Acariformes,Trombiculidae,None,nan
Joshua Tree National Park,Spider/Scorpion,Acariformes,Trombiculidae,None,nan
Joshua Tree National Park,Spider/Scorpion,Acariformes,Trombiculidae,None,nan
Joshua Tree National Park,Spider/Scorpion,Acariformes,Trombiculidae,None,nan
Joshua Tree National Park,Spider/Scorpion,Acariformes,Trombiculidae,None,nan
Joshua Tree National Park,Spider/Scorpion,Acariformes,Trombiculidae,None,nan
Joshua Tree National Park,Spider/Scorpion,Acariformes,Trombiculidae,None,nan
Joshua Tree National Park,Spider/Scorpion,Acariformes,Trombiculidae,None,nan
Joshua Tree National Park,Spider/Scorpion,Acariformes,Trombiculidae,None,nan
Joshua Tree National Park,Spider/Scorpion,Acariformes,Trombiculidae,None,nan
Joshua Tree National Park,Spider/Scorpion,Acariformes,Trombiculidae,None,nan
Joshua Tree National Park,Spider/Scorpion,Acariformes,Trombiculidae,None,nan
Joshua Tree National Park,Spider/Scorpion,Acariformes,Trombiculidae,None,nan
Joshua Tree National Park,Spider/Scorpion,Acariformes,Trombiculidae,None,nan
Joshua Tree National Park,Spider/Scorpion,Acariformes,Trombiculidae,None,nan
Joshua Tree National Park,Spider/Scorpion,Acariformes,Trombiculidae,None,nan
Joshua Tree National Park,Spider/Scorpion,Acariformes,Trombiculidae,None,nan
Joshua Tree National Park,Spider/Scorpion,Acariformes,Trombiculidae,None,nan
Joshua Tree National Park,Spider/Scorpion,Acariformes,Trombiculidae,None,nan
Joshua Tree National Park,Spider/Scorpion,Acariformes,Trombiculidae,None,nan
Joshua Tree National Park,Spider/Scorpion,Acariformes,Trombiculidae,None,nan
Joshua Tree National Park,Spider/Scorpion,Acariformes,Trombiculidae,None,nan
Joshua Tree National Park,Spider/Scorpion,Acariformes,Trombiculidae,None,nan
Joshua Tree National Park,Spider/Scorpion,Acariformes,Trombiculidae,None,nan
Joshua Tree National Park,Spider/Scorpion,Acariformes,Trombiculidae,None,nan
Joshua Tree National Park,Spider/Scorpion,Acariformes,Trombiculidae,None,nan
Joshua Tree National Park,Spider/Scorpion,Acariformes,Trombiculidae,None,nan
Joshua Tree National Park,Spider/Scorpion,Acariformes,Trombiculidae,None,nan
Joshua Tree National Park,Spider/Scorpion,Acariformes,Trombiculidae,None,nan
Joshua Tree National Park,Spider/Scorpion,Acariformes,Trombiculidae,None,nan
Joshua Tree National Park,Spider/Scorpion,Acariformes,Trombiculidae,None,nan
Joshua Tree National Park,Spider/Scorpion,Acariformes,Trombiculidae,None,nan
Joshua Tree National Park,Spider/Scorpion,Acariformes,Trombiculidae,None,nan
Joshua Tree National Park,Spider/Scorpion,Acariformes,Trombiculidae,None,nan
Joshua Tree National Park,Spider/Scorpion,Acariformes,Trombiculidae,None,nan
Joshua Tree National Park,Spider/Scorpion,Acariformes,Trombiculidae,None,nan
Joshua Tree National Park,Spider/Scorpion,Acariformes,Trombiculidae,None,nan
Joshua Tree National Park,Spider/Scorpion,Acariformes,Trombiculidae,None,nan
Joshua Tree National Park,Spider/Scorpion,Acariformes,Trombiculidae,None,nan
Joshua Tree National Park,Spider/Scorpion,Acariformes,Trombiculidae,None,nan
Joshua Tree National Park,Spider/Scorpion,Acariformes,Trombiculidae,None,nan
Joshua Tree National Park,Spider/Scorpion,Acariformes,Trombiculidae,None,nan
Joshua Tree National Park,Spider/Scorpion,Acariformes,Trombiculidae,None,nan
Joshua Tree National Park,Spider/Scorpion,Acariformes,Trombiculidae,None,nan
Joshua Tree National Park,Spider/Scorpion,Acariformes,Trombiculidae,None,nan
Joshua Tree National Park,Spider/Scorpion,Acariformes,Trombiculidae,None,nan
Joshua Tree National Park,Spider/Scorpion,Acariformes,Trombiculidae,None,nan
Joshua Tree National Park,Spider/Scorpion,Acariformes,Trombiculidae,None,nan
Joshua Tree National Park,Spider/Scorpion,Acariformes,Trombiculidae,None,nan
Joshua Tree National Park,Spider/Scorpion,Acariformes,Trombiculidae,None,nan
Joshua Tree National Park,Spider/Scorpion,Acariformes,Trombiculidae,None,nan
Joshua Tree National Park,Spider/Scorpion,Acariformes,Trombiculidae,None,nan
Joshua Tree National Park,Spider/Scorpion,Acariformes,Trombiculidae,None,nan
Joshua Tree National Park,Spider/Scorpion,Acariformes,Trombiculidae,None,nan
Joshua Tree National Park,Spider/Scorpion,Acariformes,Trombiculidae,None,nan
Joshua Tree National Park,Spider/Scorpion,Acariformes,Trombiculidae,None,nan
Joshua Tree National Park,Spider/Scorpion,Araneae,Agelenidae,Grass Spider,nan
Joshua Tree National Park,Spider/Scorpion,Araneae,Agelenidae,None,nan
Joshua Tree National Park,Spider/Scorpion,Araneae,Agelenidae,None,nan
Joshua Tree National Park,Spider/Scorpion,Araneae,Anyphaenidae,None,nan
Joshua Tree National Park,Spider/Scorpion,Araneae,Araneidae,None,nan
Joshua Tree National Park,Spider/Scorpion,Araneae,Araneidae,None,nan
Joshua Tree National Park,Spider/Scorpion,Araneae,Araneidae,None,nan
Joshua Tree National Park,Spider/Scorpion,Araneae,Caponiidae,None,nan
Joshua Tree National Park,Spider/Scorpion,Araneae,Caponiidae,None,nan
Joshua Tree National Park,Spider/Scorpion,Araneae,Dictynidae,None,nan
Joshua Tree National Park,Spider/Scorpion,Araneae,Dictynidae,None,nan
Joshua Tree National Park,Spider/Scorpion,Araneae,Dictynidae,None,nan
Joshua Tree National Park,Spider/Scorpion,Araneae,Diguetidae,None,nan
Joshua Tree National Park,Spider/Scorpion,Araneae,Filistatidae,None,nan
Joshua Tree National Park,Spider/Scorpion,Araneae,Gnaphosidae,None,nan
Joshua Tree National Park,Spider/Scorpion,Araneae,Gnaphosidae,None,nan
Joshua Tree National Park,Spider/Scorpion,Araneae,Gnaphosidae,None,nan
Joshua Tree National Park,Spider/Scorpion,Araneae,Gnaphosidae,None,nan
Joshua Tree National Park,Spider/Scorpion,Araneae,Gnaphosidae,None,nan
Joshua Tree National Park,Spider/Scorpion,Araneae,Gnaphosidae,None,nan
Joshua Tree National Park,Spider/Scorpion,Araneae,Gnaphosidae,None,nan
Joshua Tree National Park,Spider/Scorpion,Araneae,Gnaphosidae,None,nan
Joshua Tree National Park,Spider/Scorpion,Araneae,Gnaphosidae,None,nan
Joshua Tree National Park,Spider/Scorpion,Araneae,Gnaphosidae,None,nan
Joshua Tree National Park,Spider/Scorpion,Araneae,Homalonychidae,None,nan
Joshua Tree National Park,Spider/Scorpion,Araneae,Linyphiidae,None,nan
Joshua Tree National Park,Spider/Scorpion,Araneae,Liocranidae,None,nan
Joshua Tree National Park,Spider/Scorpion,Araneae,Lycosidae,None,nan
Joshua Tree National Park,Spider/Scorpion,Araneae,Lycosidae,None,nan
Joshua Tree National Park,Spider/Scorpion,Araneae,Miturgidae,None,nan
Joshua Tree National Park,Spider/Scorpion,Araneae,Miturgidae,None,nan
Joshua Tree National Park,Spider/Scorpion,Araneae,Oonopidae,None,nan
Joshua Tree National Park,Spider/Scorpion,Araneae,Oxyopidae,None,nan
Joshua Tree National Park,Spider/Scorpion,Araneae,Philodromidae,None,nan
Joshua Tree National Park,Spider/Scorpion,Araneae,Philodromidae,None,nan
Joshua Tree National Park,Spider/Scorpion,Araneae,Philodromidae,None,nan
Joshua Tree National Park,Spider/Scorpion,Araneae,Philodromidae,None,nan
Joshua Tree National Park,Spider/Scorpion,Araneae,Philodromidae,None,nan
Joshua Tree National Park,Spider/Scorpion,Araneae,Philodromidae,None,nan
Joshua Tree National Park,Spider/Scorpion,Araneae,Pholcidae,None,nan
Joshua Tree National Park,Spider/Scorpion,Araneae,Pholcidae,None,nan
Joshua Tree National Park,Spider/Scorpion,Araneae,Plectreuridae,None,nan
Joshua Tree National Park,Spider/Scorpion,Araneae,Plectreuridae,None,nan
Joshua Tree National Park,Spider/Scorpion,Araneae,Salticidae,None,nan
Joshua Tree National Park,Spider/Scorpion,Araneae,Salticidae,None,nan
Joshua Tree National Park,Spider/Scorpion,Araneae,Salticidae,None,nan
Joshua Tree National Park,Spider/Scorpion,Araneae,Salticidae,None,nan
Joshua Tree National Park,Spider/Scorpion,Araneae,Scytodidae,Spitting Spider,nan
Joshua Tree National Park,Spider/Scorpion,Araneae,Sicariidae,None,nan
Joshua Tree National Park,Spider/Scorpion,Araneae,Sparassidae,None,nan
Joshua Tree National Park,Spider/Scorpion,Araneae,Theraphosidae,None,nan
Joshua Tree National Park,Spider/Scorpion,Araneae,Theraphosidae,None,nan
Joshua Tree National Park,Spider/Scorpion,Araneae,Theraphosidae,None,nan
Joshua Tree National Park,Spider/Scorpion,Araneae,Theraphosidae,None,nan
Joshua Tree National Park,Spider/Scorpion,Araneae,Theridiidae,None,nan
Joshua Tree National Park,Spider/Scorpion,Araneae,Theridiidae,None,nan
Joshua Tree National Park,Spider/Scorpion,Araneae,Theridiidae,Southern Black Widow Spider,nan
Joshua Tree National Park,Spider/Scorpion,Araneae,Theridiidae,None,nan
Joshua Tree National Park,Spider/Scorpion,Araneae,Thomisidae,None,nan
Joshua Tree National Park,Spider/Scorpion,Araneae,Thomisidae,None,nan
Joshua Tree National Park,Spider/Scorpion,Araneae,Thomisidae,None,nan
Joshua Tree National Park,Spider/Scorpion,Araneae,Thomisidae,None,nan
Joshua Tree National Park,Spider/Scorpion,Araneae,Thomisidae,None,nan
Joshua Tree National Park,Spider/Scorpion,Araneae,Thomisidae,None,nan
Joshua Tree National Park,Spider/Scorpion,Araneae,Thomisidae,None,nan
Joshua Tree National Park,Spider/Scorpion,Araneae,Uloboridae,None,nan
Joshua Tree National Park,Spider/Scorpion,Sarcoptiformes,Aphelacaridae,None,nan
Joshua Tree National Park,Spider/Scorpion,Sarcoptiformes,Eremaeidae,None,nan
Joshua Tree National Park,Spider/Scorpion,Sarcoptiformes,Gymnodamaeidae,None,nan
Joshua Tree National Park,Spider/Scorpion,Sarcoptiformes,Haplochthoniidae,None,nan
Joshua Tree National Park,Spider/Scorpion,Sarcoptiformes,Hydrozetidae,None,nan
Joshua Tree National Park,Spider/Scorpion,Sarcoptiformes,Oppiidae,None,nan
Joshua Tree National Park,Spider/Scorpion,Sarcoptiformes,Oribatulidae,None,nan
Joshua Tree National Park,Spider/Scorpion,Sarcoptiformes,Passalozetidae,None,nan
Joshua Tree National Park,Spider/Scorpion,Scorpiones,Iuridae,None,nan
Joshua Tree National Park,Spider/Scorpion,Scorpiones,Iuridae,None,nan
Joshua Tree National Park,Spider/Scorpion,Scorpiones,Iuridae,None,nan
Joshua Tree National Park,Spider/Scorpion,Scorpiones,Iuridae,None,nan
Joshua Tree National Park,Spider/Scorpion,Scorpiones,Superstitioniidae,None,nan
Joshua Tree National Park,Spider/Scorpion,Scorpiones,Vaejovidae,None,nan
Joshua Tree National Park,Spider/Scorpion,Scorpiones,Vaejovidae,None,nan
Joshua Tree National Park,Spider/Scorpion,Scorpiones,Vaejovidae,None,nan
Joshua Tree National Park,Spider/Scorpion,Scorpiones,Vaejovidae,None,nan
Joshua Tree National Park,Spider/Scorpion,Scorpiones,Vaejovidae,None,nan
Joshua Tree National Park,Spider/Scorpion,Scorpiones,Vaejovidae,None,nan
Joshua Tree National Park,Spider/Scorpion,Solifugae,Eremobatidae,None,nan
Joshua Tree National Park,Spider/Scorpion,Trombidiformes,Bdellidae,None,nan
Joshua Tree National Park,Insect,nan,nan,None,nan
Joshua Tree National Park,Insect,Blattodea,Blattellidae,None,nan
Joshua Tree National Park,Insect,Blattodea,Polyphagidae,Erratic Sand Cockroach,nan
Joshua Tree National Park,Insect,Blattodea,Polyphagidae,Hairy Desert Cockroach,nan
Joshua Tree National Park,Insect,Blattodea,Termitidae,None,nan
Joshua Tree National Park,Insect,Blattodea,Termitidae,None,nan
Joshua Tree National Park,Insect,Coleoptera,Apionidae,None,nan
Joshua Tree National Park,Insect,Coleoptera,Apionidae,None,nan
Joshua Tree National Park,Insect,Coleoptera,Carabidae,None,nan
Joshua Tree National Park,Insect,Coleoptera,Cerambycidae,None,nan
Joshua Tree National Park,Insect,Coleoptera,Cerambycidae,None,nan
Joshua Tree National Park,Insect,Coleoptera,Cerambycidae,None,nan
Joshua Tree National Park,Insect,Coleoptera,Cerambycidae,None,nan
Joshua Tree National Park,Insect,Coleoptera,Cerambycidae,None,nan
Joshua Tree National Park,Insect,Coleoptera,Cerambycidae,None,nan
Joshua Tree National Park,Insect,Coleoptera,Cerambycidae,None,nan
Joshua Tree National Park,Insect,Coleoptera,Cerambycidae,None,nan
Joshua Tree National Park,Insect,Coleoptera,Cerambycidae,None,nan
Joshua Tree National Park,Insect,Coleoptera,Cerambycidae,None,nan
Joshua Tree National Park,Insect,Coleoptera,Cerambycidae,None,nan
Joshua Tree National Park,Insect,Coleoptera,Cetoniidae,None,nan
Joshua Tree National Park,Insect,Coleoptera,Cleridae,None,nan
Joshua Tree National Park,Insect,Coleoptera,Curculionidae,None,nan
Joshua Tree National Park,Insect,Coleoptera,Curculionidae,None,nan
Joshua Tree National Park,Insect,Coleoptera,Curculionidae,None,nan
Joshua Tree National Park,Insect,Coleoptera,Curculionidae,None,nan
Joshua Tree National Park,Insect,Coleoptera,Curculionidae,None,nan
Joshua Tree National Park,Insect,Coleoptera,Curculionidae,None,nan
Joshua Tree National Park,Insect,Coleoptera,Curculionidae,None,nan
Joshua Tree National Park,Insect,Coleoptera,Curculionidae,None,nan
Joshua Tree National Park,Insect,Coleoptera,Curculionidae,None,nan
Joshua Tree National Park,Insect,Coleoptera,Curculionidae,None,nan
Joshua Tree National Park,Insect,Coleoptera,Curculionidae,None,nan
Joshua Tree National Park,Insect,Coleoptera,Curculionidae,None,nan
Joshua Tree National Park,Insect,Coleoptera,Curculionidae,None,nan
Joshua Tree National Park,Insect,Coleoptera,Curculionidae,None,nan
Joshua Tree National Park,Insect,Coleoptera,Curculionidae,None,nan
Joshua Tree National Park,Insect,Coleoptera,Curculionidae,None,nan
Joshua Tree National Park,Insect,Coleoptera,Curculionidae,None,nan
Joshua Tree National Park,Insect,Coleoptera,Curculionidae,None,nan
Joshua Tree National Park,Insect,Coleoptera,Curculionidae,None,nan
Joshua Tree National Park,Insect,Coleoptera,Curculionidae,None,nan
Joshua Tree National Park,Insect,Coleoptera,Curculionidae,None,nan
Joshua Tree National Park,Insect,Coleoptera,Curculionidae,None,nan
Joshua Tree National Park,Insect,Coleoptera,Curculionidae,None,nan
Joshua Tree National Park,Insect,Coleoptera,Curculionidae,None,nan
Joshua Tree National Park,Insect,Coleoptera,Curculionidae,None,nan
Joshua Tree National Park,Insect,Coleoptera,Curculionidae,None,nan
Joshua Tree National Park,Insect,Coleoptera,Curculionidae,None,nan
Joshua Tree National Park,Insect,Coleoptera,Curculionidae,None,nan
Joshua Tree National Park,Insect,Coleoptera,Curculionidae,None,nan
Joshua Tree National Park,Insect,Coleoptera,Curculionidae,None,nan
Joshua Tree National Park,Insect,Coleoptera,Curculionidae,None,nan
Joshua Tree National Park,Insect,Coleoptera,Curculionidae,None,nan
Joshua Tree National Park,Insect,Coleoptera,Curculionidae,None,nan
Joshua Tree National Park,Insect,Coleoptera,Curculionidae,None,nan
Joshua Tree National Park,Insect,Coleoptera,Salpingidae,None,nan
Joshua Tree National Park,Insect,Coleoptera,Salpingidae,None,nan
Joshua Tree National Park,Insect,Coleoptera,Salpingidae,None,nan
Joshua Tree National Park,Insect,Coleoptera,Scarabaeidae,None,nan
Joshua Tree National Park,Insect,Coleoptera,Tenebrionidae,None,nan
Joshua Tree National Park,Insect,Coleoptera,Tenebrionidae,None,nan
Joshua Tree National Park,Insect,Coleoptera,Tenebrionidae,None,nan
Joshua Tree National Park,Insect,Coleoptera,Tenebrionidae,None,nan
Joshua Tree National Park,Insect,Coleoptera,Tenebrionidae,None,nan
Joshua Tree National Park,Insect,Coleoptera,Tenebrionidae,None,nan
Joshua Tree National Park,Insect,Coleoptera,Tenebrionidae,None,nan
Joshua Tree National Park,Insect,Coleoptera,Tenebrionidae,None,nan
Joshua Tree National Park,Insect,Coleoptera,Tenebrionidae,None,nan
Joshua Tree National Park,Insect,Coleoptera,Tenebrionidae,None,nan
Joshua Tree National Park,Insect,Coleoptera,Tenebrionidae,None,nan
Joshua Tree National Park,Insect,Coleoptera,Tenebrionidae,None,nan
Joshua Tree National Park,Insect,Coleoptera,Tenebrionidae,None,nan
Joshua Tree National Park,Insect,Coleoptera,Tenebrionidae,None,nan
Joshua Tree National Park,Insect,Coleoptera,Tenebrionidae,None,nan
Joshua Tree National Park,Insect,Coleoptera,Tenebrionidae,None,nan
Joshua Tree National Park,Insect,Coleoptera,Tenebrionidae,None,nan
Joshua Tree National Park,Insect,Coleoptera,Tenebrionidae,None,nan
Joshua Tree National Park,Insect,Coleoptera,Tenebrionidae,None,nan
Joshua Tree National Park,Insect,Coleoptera,Tenebrionidae,None,nan
Joshua Tree National Park,Insect,Coleoptera,Tenebrionidae,None,nan
Joshua Tree National Park,Insect,Coleoptera,Tenebrionidae,None,nan
Joshua Tree National Park,Insect,Coleoptera,Tenebrionidae,None,nan
Joshua Tree National Park,Insect,Coleoptera,Tenebrionidae,None,nan
Joshua Tree National Park,Insect,Coleoptera,Tenebrionidae,None,nan
Joshua Tree National Park,Insect,Coleoptera,Tenebrionidae,None,nan
Joshua Tree National Park,Insect,Coleoptera,Tenebrionidae,None,nan
Joshua Tree National Park,Insect,Coleoptera,Tenebrionidae,None,nan
Joshua Tree National Park,Insect,Coleoptera,Tenebrionidae,None,nan
Joshua Tree National Park,Insect,Coleoptera,Tenebrionidae,None,nan
Joshua Tree National Park,Insect,Coleoptera,Tenebrionidae,None,nan
Joshua Tree National Park,Insect,Coleoptera,Tenebrionidae,None,nan
Joshua Tree National Park,Insect,Coleoptera,Tenebrionidae,None,nan
Joshua Tree National Park,Insect,Coleoptera,Tenebrionidae,None,nan
Joshua Tree National Park,Insect,Coleoptera,Tenebrionidae,None,nan
Joshua Tree National Park,Insect,Coleoptera,Tenebrionidae,None,nan
Joshua Tree National Park,Insect,Coleoptera,Tenebrionidae,None,nan
Joshua Tree National Park,Insect,Coleoptera,Tenebrionidae,None,nan
Joshua Tree National Park,Insect,Coleoptera,Tenebrionidae,None,nan
Joshua Tree National Park,Insect,Coleoptera,Tenebrionidae,None,nan
Joshua Tree National Park,Insect,Coleoptera,Tenebrionidae,None,nan
Joshua Tree National Park,Insect,Coleoptera,Tenebrionidae,None,nan
Joshua Tree National Park,Insect,Coleoptera,Tenebrionidae,None,nan
Joshua Tree National Park,Insect,Coleoptera,Tenebrionidae,None,nan
Joshua Tree National Park,Insect,Coleoptera,Tenebrionidae,None,nan
Joshua Tree National Park,Insect,Coleoptera,Tenebrionidae,None,nan
Joshua Tree National Park,Insect,Coleoptera,Tenebrionidae,None,nan
Joshua Tree National Park,Insect,Coleoptera,Tenebrionidae,None,nan
Joshua Tree National Park,Insect,Diptera,Bombyliidae,None,nan
Joshua Tree National Park,Insect,Diptera,Cecidomyiidae,None,nan
Joshua Tree National Park,Insect,Embioptera,Oligotomidae,None,nan
Joshua Tree National Park,Insect,Hemiptera,Aradidae,None,nan
Joshua Tree National Park,Insect,Homoptera,Tachardiidae,None,nan
Joshua Tree National Park,Insect,Hymenoptera,Apidae,None,nan
Joshua Tree National Park,Insect,Hymenoptera,Formicidae,None,nan
Joshua Tree National Park,Insect,Hymenoptera,Formicidae,None,nan
Joshua Tree National Park,Insect,Hymenoptera,Formicidae,None,nan
Joshua Tree National Park,Insect,Hymenoptera,Formicidae,None,nan
Joshua Tree National Park,Insect,Hymenoptera,Formicidae,None,nan
Joshua Tree National Park,Insect,Hymenoptera,Formicidae,None,nan
Joshua Tree National Park,Insect,Hymenoptera,Formicidae,None,nan
Joshua Tree National Park,Insect,Hymenoptera,Formicidae,None,nan
Joshua Tree National Park,Insect,Hymenoptera,Formicidae,None,nan
Joshua Tree National Park,Insect,Hymenoptera,Formicidae,None,nan
Joshua Tree National Park,Insect,Hymenoptera,Formicidae,None,nan
Joshua Tree National Park,Insect,Hymenoptera,Formicidae,None,nan
Joshua Tree National Park,Insect,Hymenoptera,Formicidae,None,nan
Joshua Tree National Park,Insect,Hymenoptera,Formicidae,None,nan
Joshua Tree National Park,Insect,Hymenoptera,Formicidae,None,nan
Joshua Tree National Park,Insect,Hymenoptera,Formicidae,None,nan
Joshua Tree National Park,Insect,Hymenoptera,Formicidae,None,nan
Joshua Tree National Park,Insect,Hymenoptera,Formicidae,None,nan
Joshua Tree National Park,Insect,Hymenoptera,Formicidae,None,nan
Joshua Tree National Park,Insect,Hymenoptera,Formicidae,None,nan
Joshua Tree National Park,Insect,Hymenoptera,Formicidae,None,nan
Joshua Tree National Park,Insect,Hymenoptera,Formicidae,None,nan
Joshua Tree National Park,Insect,Hymenoptera,Formicidae,None,nan
Joshua Tree National Park,Insect,Hymenoptera,Formicidae,None,nan
Joshua Tree National Park,Insect,Hymenoptera,Formicidae,None,nan
Joshua Tree National Park,Insect,Hymenoptera,Formicidae,None,nan
Joshua Tree National Park,Insect,Hymenoptera,Formicidae,None,nan
Joshua Tree National Park,Insect,Hymenoptera,Formicidae,None,nan
Joshua Tree National Park,Insect,Hymenoptera,Formicidae,Argentine Ant,nan
Joshua Tree National Park,Insect,Hymenoptera,Formicidae,None,nan
Joshua Tree National Park,Insect,Hymenoptera,Formicidae,None,nan
Joshua Tree National Park,Insect,Hymenoptera,Formicidae,Argentine Ant,nan
Joshua Tree National Park,Insect,Hymenoptera,Formicidae,None,nan
Joshua Tree National Park,Insect,Hymenoptera,Formicidae,None,nan
Joshua Tree National Park,Insect,Hymenoptera,Formicidae,None,nan
Joshua Tree National Park,Insect,Hymenoptera,Formicidae,None,nan
Joshua Tree National Park,Insect,Hymenoptera,Formicidae,Little Black Ant,nan
Joshua Tree National Park,Insect,Hymenoptera,Formicidae,None,nan
Joshua Tree National Park,Insect,Hymenoptera,Formicidae,None,nan
Joshua Tree National Park,Insect,Hymenoptera,Formicidae,None,nan
Joshua Tree National Park,Insect,Hymenoptera,Formicidae,None,nan
Joshua Tree National Park,Insect,Hymenoptera,Formicidae,None,nan
Joshua Tree National Park,Insect,Hymenoptera,Formicidae,None,nan
Joshua Tree National Park,Insect,Hymenoptera,Formicidae,None,nan
Joshua Tree National Park,Insect,Hymenoptera,Formicidae,None,nan
Joshua Tree National Park,Insect,Hymenoptera,Formicidae,None,nan
Joshua Tree National Park,Insect,Hymenoptera,Formicidae,None,nan
Joshua Tree National Park,Insect,Hymenoptera,Formicidae,None,nan
Joshua Tree National Park,Insect,Hymenoptera,Formicidae,None,nan
Joshua Tree National Park,Insect,Hymenoptera,Formicidae,None,nan
Joshua Tree National Park,Insect,Hymenoptera,Formicidae,None,nan
Joshua Tree National Park,Insect,Hymenoptera,Formicidae,None,nan
Joshua Tree National Park,Insect,Hymenoptera,Formicidae,None,nan
Joshua Tree National Park,Insect,Hymenoptera,Formicidae,None,nan
Joshua Tree National Park,Insect,Hymenoptera,Formicidae,None,nan
Joshua Tree National Park,Insect,Hymenoptera,Formicidae,None,nan
Joshua Tree National Park,Insect,Hymenoptera,Formicidae,None,nan
Joshua Tree National Park,Insect,Hymenoptera,Formicidae,None,nan
Joshua Tree National Park,Insect,Hymenoptera,Formicidae,None,nan
Joshua Tree National Park,Insect,Hymenoptera,Formicidae,None,nan
Joshua Tree National Park,Insect,Hymenoptera,Formicidae,None,nan
Joshua Tree National Park,Insect,Hymenoptera,Formicidae,Crazy Ant,nan
Joshua Tree National Park,Insect,Hymenoptera,Formicidae,None,nan
Joshua Tree National Park,Insect,Hymenoptera,Formicidae,None,nan
Joshua Tree National Park,Insect,Hymenoptera,Formicidae,None,nan
Joshua Tree National Park,Insect,Hymenoptera,Formicidae,None,nan
Joshua Tree National Park,Insect,Hymenoptera,Formicidae,None,nan
Joshua Tree National Park,Insect,Hymenoptera,Formicidae,None,nan
Joshua Tree National Park,Insect,Hymenoptera,Formicidae,None,nan
Joshua Tree National Park,Insect,Hymenoptera,Formicidae,None,nan
Joshua Tree National Park,Insect,Hymenoptera,Formicidae,None,nan
Joshua Tree National Park,Insect,Hymenoptera,Formicidae,None,nan
Joshua Tree National Park,Insect,Hymenoptera,Formicidae,None,nan
Joshua Tree National Park,Insect,Hymenoptera,Formicidae,None,nan
Joshua Tree National Park,Insect,Hymenoptera,Formicidae,None,nan
Joshua Tree National Park,Insect,Hymenoptera,Formicidae,None,nan
Joshua Tree National Park,Insect,Hymenoptera,Formicidae,None,nan
Joshua Tree National Park,Insect,Hymenoptera,Formicidae,None,nan
Joshua Tree National Park,Insect,Hymenoptera,Formicidae,None,nan
Joshua Tree National Park,Insect,Hymenoptera,Formicidae,Florida Harvester Ant,nan
Joshua Tree National Park,Insect,Hymenoptera,Formicidae,None,nan
Joshua Tree National Park,Insect,Hymenoptera,Formicidae,California Harvester Ant,nan
Joshua Tree National Park,Insect,Hymenoptera,Formicidae,None,nan
Joshua Tree National Park,Insect,Hymenoptera,Formicidae,None,nan
Joshua Tree National Park,Insect,Hymenoptera,Formicidae,None,nan
Joshua Tree National Park,Insect,Hymenoptera,Formicidae,Maricopa Harvester Ant,nan
Joshua Tree National Park,Insect,Hymenoptera,Formicidae,Rough Harvester Ant,nan
Joshua Tree National Park,Insect,Hymenoptera,Formicidae,None,nan
Joshua Tree National Park,Insect,Hymenoptera,Formicidae,None,nan
Joshua Tree National Park,Insect,Hymenoptera,Formicidae,None,nan
Joshua Tree National Park,Insect,Hymenoptera,Formicidae,None,nan
Joshua Tree National Park,Insect,Hymenoptera,Formicidae,None,nan
Joshua Tree National Park,Insect,Hymenoptera,Formicidae,None,nan
Joshua Tree National Park,Insect,Hymenoptera,Formicidae,None,nan
Joshua Tree National Park,Insect,Hymenoptera,Formicidae,None,nan
Joshua Tree National Park,Insect,Hymenoptera,Formicidae,None,nan
Joshua Tree National Park,Insect,Hymenoptera,Formicidae,Fire Ant,nan
Joshua Tree National Park,Insect,Hymenoptera,Formicidae,None,nan
Joshua Tree National Park,Insect,Hymenoptera,Formicidae,None,nan
Joshua Tree National Park,Insect,Hymenoptera,Formicidae,None,nan
Joshua Tree National Park,Insect,Hymenoptera,Formicidae,Thief Ant,nan
Joshua Tree National Park,Insect,Hymenoptera,Formicidae,None,nan
Joshua Tree National Park,Insect,Hymenoptera,Formicidae,None,nan
Joshua Tree National Park,Insect,Hymenoptera,Formicidae,None,nan
Joshua Tree National Park,Insect,Hymenoptera,Formicidae,Southern Fire Ant,nan
Joshua Tree National Park,Insect,Hymenoptera,Formicidae,Pavement Ant,nan
Joshua Tree National Park,Insect,Hymenoptera,Formicidae,None,nan
Joshua Tree National Park,Insect,Hymenoptera,Formicidae,None,nan
Joshua Tree National Park,Insect,Hymenoptera,Formicidae,None,nan
Joshua Tree National Park,Insect,Hymenoptera,Vespidae,Western Yellowjacket,nan
Joshua Tree National Park,Insect,Lepidoptera,Hesperiidae,None,nan
Joshua Tree National Park,Insect,Lepidoptera,Hesperiidae,Sleepy Duskywing,nan
Joshua Tree National Park,Insect,Lepidoptera,Hesperiidae,Funereal Duskywing,nan
Joshua Tree National Park,Insect,Lepidoptera,Hesperiidae,Mournful Duskywing,nan
Joshua Tree National Park,Insect,Lepidoptera,Hesperiidae,Northern White-Skipper,nan
Joshua Tree National Park,Insect,Lepidoptera,Hesperiidae,Mojave Sootywing,nan
Joshua Tree National Park,Insect,Lepidoptera,Hesperiidae,Yucca Giant-Skipper,nan
Joshua Tree National Park,Insect,Lepidoptera,Hesperiidae,None,nan
Joshua Tree National Park,Insect,Lepidoptera,Hesperiidae,Common Sootywing,nan
Joshua Tree National Park,Insect,Lepidoptera,Hesperiidae,Sandhill Skipper,nan
Joshua Tree National Park,Insect,Lepidoptera,Hesperiidae,White Checkered-Skipper,nan
Joshua Tree National Park,Insect,Lepidoptera,Hesperiidae,Small Checkered-Skipper,nan
Joshua Tree National Park,Insect,Lepidoptera,Hesperiidae,Arizona Powdered-Skipper,nan
Joshua Tree National Park,Insect,Lepidoptera,Lycaenidae,Great Purple Hairstreak,nan
Joshua Tree National Park,Insect,Lepidoptera,Lycaenidae,None,nan
Joshua Tree National Park,Insect,Lepidoptera,Lycaenidae,Brown Elfin,nan
Joshua Tree National Park,Insect,Lepidoptera,Lycaenidae,Juniper Hairstreak,nan
Joshua Tree National Park,Insect,Lepidoptera,Lycaenidae,'Loki' Juniper Hairstreak,nan
Joshua Tree National Park,Insect,Lepidoptera,Lycaenidae,Spring Azure,nan
Joshua Tree National Park,Insect,Lepidoptera,Lycaenidae,Square-Spotted Blue,nan
Joshua Tree National Park,Insect,Lepidoptera,Lycaenidae,'Mojave' Dotted Blue,nan
Joshua Tree National Park,Insect,Lepidoptera,Lycaenidae,Western Tailed-Blue,nan
Joshua Tree National Park,Insect,Lepidoptera,Lycaenidae,"Silvery Blue, Silvery Blue",nan
Joshua Tree National Park,Insect,Lepidoptera,Lycaenidae,Ceraunus Blue,nan
Joshua Tree National Park,Insect,Lepidoptera,Lycaenidae,Reakirt's Blue,nan
Joshua Tree National Park,Insect,Lepidoptera,Lycaenidae,Marine Blue,nan
Joshua Tree National Park,Insect,Lepidoptera,Lycaenidae,Leda Ministreak,nan
Joshua Tree National Park,Insect,Lepidoptera,Lycaenidae,Acmon Blue,nan
Joshua Tree National Park,Insect,Lepidoptera,Lycaenidae,"Cotton Square Borer, Gray Hairstreak, Gray Hairstreak",nan
Joshua Tree National Park,Insect,Lepidoptera,Nymphalidae,Sagebrush Checkerspot,nan
Joshua Tree National Park,Insect,Lepidoptera,Nymphalidae,California Patch,nan
Joshua Tree National Park,Insect,Lepidoptera,Nymphalidae,Bordered Patch,nan
Joshua Tree National Park,Insect,Lepidoptera,Nymphalidae,None,nan
Joshua Tree National Park,Insect,Lepidoptera,Nymphalidae,Queen,nan
Joshua Tree National Park,Insect,Lepidoptera,Nymphalidae,None,nan
Joshua Tree National Park,Insect,Lepidoptera,Nymphalidae,"Monarch, Monarch Butterfly",nan
Joshua Tree National Park,Insect,Lepidoptera,Nymphalidae,Tiny Checkerspot,nan
Joshua Tree National Park,Insect,Lepidoptera,Nymphalidae,Variable Checkerspot,nan
Joshua Tree National Park,Insect,Lepidoptera,Nymphalidae,Variegated Fritillary,nan
Joshua Tree National Park,Insect,Lepidoptera,Nymphalidae,Common Buckeye,nan
Joshua Tree National Park,Insect,Lepidoptera,Nymphalidae,None,nan
Joshua Tree National Park,Insect,Lepidoptera,Nymphalidae,American Snout,nan
Joshua Tree National Park,Insect,Lepidoptera,Nymphalidae,"Mourning Cloak, Mourningcloak, Mourningcloak Butterfly, Spiny Elm Caterpillar",nan
Joshua Tree National Park,Insect,Lepidoptera,Nymphalidae,West Coast Lady,nan
Joshua Tree National Park,Insect,Lepidoptera,Nymphalidae,"Red Admiral, Red Admiral",nan
Joshua Tree National Park,Insect,Lepidoptera,Nymphalidae,"Painted Lady, Painted Lady",nan
Joshua Tree National Park,Insect,Lepidoptera,Papilionidae,Black Swallowtail,nan
Joshua Tree National Park,Insect,Lepidoptera,Papilionidae,Western Tiger Swallowtail,nan
Joshua Tree National Park,Insect,Lepidoptera,Pieridae,Desert Orangetip,nan
Joshua Tree National Park,Insect,Lepidoptera,Pieridae,Gray Marble,nan
Joshua Tree National Park,Insect,Lepidoptera,Pieridae,Sara Orangetip,nan
Joshua Tree National Park,Insect,Lepidoptera,Pieridae,Queen Alexandra's Sulphur,nan
Joshua Tree National Park,Insect,Lepidoptera,Pieridae,Southern Dogface,nan
Joshua Tree National Park,Insect,Lepidoptera,Pieridae,"Alfalfa Caterpillar, Orange Sulphur",nan
Joshua Tree National Park,Insect,Lepidoptera,Pieridae,Pearly Marble,nan
Joshua Tree National Park,Insect,Lepidoptera,Pieridae,Sleepy Orange,nan
Joshua Tree National Park,Insect,Lepidoptera,Pieridae,Dainty Sulphur,nan
Joshua Tree National Park,Insect,Lepidoptera,Pieridae,Cloudless Sulphur,nan
Joshua Tree National Park,Insect,Lepidoptera,Pieridae,None,nan
Joshua Tree National Park,Insect,Lepidoptera,Pieridae,Becker's White,nan
Joshua Tree National Park,Insect,Lepidoptera,Pieridae,Checkered White,nan
Joshua Tree National Park,Insect,Lepidoptera,Pieridae,Spring White,nan
Joshua Tree National Park,Insect,Lepidoptera,Prodoxidae,None,nan
Joshua Tree National Park,Insect,Lepidoptera,Prodoxidae,None,nan
Joshua Tree National Park,Insect,Lepidoptera,Riodinidae,Mormon Metalmark,nan
Joshua Tree National Park,Insect,Lepidoptera,Riodinidae,Wright's Metalmark,nan
Joshua Tree National Park,Insect,Mantodea,Mantidae,None,nan
Joshua Tree National Park,Insect,Mantodea,Mantidae,None,nan
Joshua Tree National Park,Insect,Neuroptera,Myrmeleontidae,None,nan
Joshua Tree National Park,Insect,Orthoptera,Acrididae,None,nan
Joshua Tree National Park,Insect,Orthoptera,Acrididae,None,nan
Joshua Tree National Park,Insect,Orthoptera,Acrididae,None,nan
Joshua Tree National Park,Insect,Orthoptera,Acrididae,None,nan
Joshua Tree National Park,Insect,Orthoptera,Acrididae,None,nan
Joshua Tree National Park,Insect,Orthoptera,Acrididae,None,nan
Joshua Tree National Park,Insect,Orthoptera,Acrididae,None,nan
Joshua Tree National Park,Insect,Orthoptera,Acrididae,None,nan
Joshua Tree National Park,Insect,Orthoptera,Acrididae,None,nan
Joshua Tree National Park,Insect,Orthoptera,Acrididae,None,nan
Joshua Tree National Park,Insect,Orthoptera,Acrididae,None,nan
Joshua Tree National Park,Insect,Orthoptera,Acrididae,None,nan
Joshua Tree National Park,Insect,Orthoptera,Acrididae,None,nan
Joshua Tree National Park,Insect,Orthoptera,Acrididae,None,nan
Joshua Tree National Park,Insect,Orthoptera,Acrididae,None,nan
Joshua Tree National Park,Insect,Orthoptera,Acrididae,None,nan
Joshua Tree National Park,Insect,Orthoptera,Acrididae,None,nan
Joshua Tree National Park,Insect,Orthoptera,Acrididae,None,nan
Joshua Tree National Park,Insect,Orthoptera,Acrididae,None,nan
Joshua Tree National Park,Insect,Orthoptera,Acrididae,None,nan
Joshua Tree National Park,Insect,Orthoptera,Acrididae,None,nan
Joshua Tree National Park,Insect,Orthoptera,Acrididae,None,nan
Joshua Tree National Park,Insect,Orthoptera,Eumastacidae,None,nan
Joshua Tree National Park,Insect,Orthoptera,Gryllidae,None,nan
Joshua Tree National Park,Insect,Orthoptera,Mogoplistidae,None,nan
Joshua Tree National Park,Insect,Orthoptera,Mogoplistidae,None,nan
Joshua Tree National Park,Insect,Orthoptera,Myrmecophilidae,None,nan
Joshua Tree National Park,Insect,Orthoptera,Oecanthidae,None,nan
Joshua Tree National Park,Insect,Orthoptera,Oecanthidae,None,nan
Joshua Tree National Park,Insect,Orthoptera,Rhaphidophoridae,None,nan
Joshua Tree National Park,Insect,Orthoptera,Rhaphidophoridae,None,nan
Joshua Tree National Park,Insect,Orthoptera,Romaleidae,None,nan
Joshua Tree National Park,Insect,Orthoptera,Stenopelmatidae,None,nan
Joshua Tree National Park,Insect,Orthoptera,Stenopelmatidae,Jerusalem Cricket,nan
Joshua Tree National Park,Insect,Orthoptera,Tanaoceridae,None,nan
Joshua Tree National Park,Insect,Orthoptera,Tanaoceridae,None,nan
Joshua Tree National Park,Insect,Orthoptera,Tettigoniidae,None,nan
Joshua Tree National Park,Insect,Orthoptera,Tettigoniidae,None,nan
Joshua Tree National Park,Insect,Orthoptera,Tettigoniidae,None,nan
Joshua Tree National Park,Insect,Orthoptera,Tettigoniidae,None,nan
Joshua Tree National Park,Insect,Orthoptera,Tettigoniidae,None,nan
Joshua Tree National Park,Insect,Orthoptera,Tettigoniidae,None,nan
Joshua Tree National Park,Insect,Orthoptera,Tettigoniidae,None,nan
Joshua Tree National Park,Insect,Orthoptera,Tettigoniidae,None,nan
Joshua Tree National Park,Insect,Orthoptera,Tettigoniidae,None,nan
Joshua Tree National Park,Insect,Orthoptera,Tettigoniidae,None,nan
Joshua Tree National Park,Insect,Phasmida,Diapheromeridae,None,nan
Joshua Tree National Park,Insect,Phasmida,Diapheromeridae,None,nan
Joshua Tree National Park,Insect,Phasmida,Timematidae,None,nan
Joshua Tree National Park,Invertebrate,nan,nan,None,nan
Joshua Tree National Park,Invertebrate,nan,nan,None,nan
Joshua Tree National Park,Invertebrate,nan,nan,None,nan
Joshua Tree National Park,Invertebrate,nan,nan,None,nan
Joshua Tree National Park,Invertebrate,nan,nan,None,nan
Joshua Tree National Park,Invertebrate,nan,nan,None,nan
Joshua Tree National Park,Invertebrate,nan,nan,None,nan
Joshua Tree National Park,Invertebrate,nan,nan,None,nan
Joshua Tree National Park,Invertebrate,Ascaridida,Atractidae,None,nan
Joshua Tree National Park,Invertebrate,Scolopendrida,Scolopendridae,None,nan
Joshua Tree National Park,Fungi,Acarosporales,Acarosporaceae,None,Unknown
Joshua Tree National Park,Fungi,Acarosporales,Acarosporaceae,None,nan
Joshua Tree National Park,Fungi,Acarosporales,Acarosporaceae,None,Unknown
Joshua Tree National Park,Fungi,Acarosporales,Acarosporaceae,None,Unknown
Joshua Tree National Park,Fungi,Acarosporales,Acarosporaceae,None,Unknown
Joshua Tree National Park,Fungi,Acarosporales,Acarosporaceae,None,nan
Joshua Tree National Park,Fungi,Candelariales,Candelariaceae,None,Unknown
Joshua Tree National Park,Fungi,Candelariales,Candelariaceae,None,nan
Joshua Tree National Park,Fungi,Lecanorales,Hymeneliaceae,None,nan
Joshua Tree National Park,Fungi,Lecanorales,Lecanoraceae,None,Unknown
Joshua Tree National Park,Fungi,Lecanorales,Lecanoraceae,None,Unknown
Joshua Tree National Park,Fungi,Lecanorales,Lecanoraceae,None,Unknown
Joshua Tree National Park,Fungi,Lecanorales,Parmeliaceae,None,nan
Joshua Tree National Park,Fungi,Lecanorales,Psoraceae,California Fishscale Lichen,nan
Joshua Tree National Park,Fungi,Lecanorales,Psoraceae,Fishscale Lichen,nan
Joshua Tree National Park,Fungi,Lecanorales,Psoraceae,Russell's Fishscale Lichen,nan
Joshua Tree National Park,Fungi,Lichinales,Heppiaceae,None,nan
Joshua Tree National Park,Fungi,Lichinales,Lichinaceae,None,nan
Joshua Tree National Park,Fungi,Lichinales,Lichinaceae,None,nan
Joshua Tree National Park,Fungi,Lichinales,Lichinaceae,None,nan
Joshua Tree National Park,Fungi,Lichinales,Peltulaceae,None,Unknown
Joshua Tree National Park,Fungi,Lichinales,Peltulaceae,None,nan
Joshua Tree National Park,Fungi,Lichinales,Peltulaceae,Felt Lichen,nan
Joshua Tree National Park,Fungi,Ostropales,Thelotremataceae,None,Unknown
Joshua Tree National Park,Fungi,Peltigerales,Collemataceae,None,nan
Joshua Tree National Park,Fungi,Peltigerales,Collemataceae,None,nan
Joshua Tree National Park,Fungi,Peltigerales,Collemataceae,None,nan
Joshua Tree National Park,Fungi,Peltigerales,Collemataceae,None,nan
Joshua Tree National Park,Fungi,Peltigerales,Pannariaceae,None,nan
Joshua Tree National Park,Fungi,Rhizocarpales,Catillariaceae,None,nan
Joshua Tree National Park,Fungi,Teloschistales,Physciaceae,None,Unknown
Joshua Tree National Park,Fungi,Teloschistales,Teloschistaceae,None,nan
Joshua Tree National Park,Fungi,Teloschistales,Teloschistaceae,None,nan
Joshua Tree National Park,Fungi,Teloschistales,Teloschistaceae,None,nan
Joshua Tree National Park,Fungi,Teloschistales,Teloschistaceae,Elegant Orange Wall Lichen,Unknown
Joshua Tree National Park,Fungi,Verrucariales,Verrucariaceae,Earth Lichen,nan
Joshua Tree National Park,Fungi,Verrucariales,Verrucariaceae,Liver Lichen,nan
Joshua Tree National Park,Fungi,Verrucariales,Verrucariaceae,Earth Lichen,nan
Joshua Tree National Park,Algae,nan,nan,None,nan
Joshua Tree National Park,Algae,Bacillariales,Bacillariaceae,None,nan
Joshua Tree National Park,Algae,Naviculales,Diadesmidaceae,None,nan
Joshua Tree National Park,Algae,Naviculales,Diadesmidaceae,None,nan
Joshua Tree National Park,Algae,Naviculales,Pinnulariaceae,None,nan
Lassen Volcanic National Park,Mammal,Rodentia,Cricetidae,None,Rare
Lassen Volcanic National Park,Mammal,Rodentia,Cricetidae,None,nan
Lassen Volcanic National Park,Mammal,Rodentia,Cricetidae,"Western Red-Backed Mouse, Western Red-Backed Vole",nan
Lassen Volcanic National Park,Mammal,Rodentia,Erethizontidae,"Common Porcupine, North American Porcupine, Porcupine, Yellow-Haired Porcupine",Rare
Lassen Volcanic National Park,Mammal,Rodentia,Sciuridae,Allen's Chipmunk,nan
Lassen Volcanic National Park,Mammal,Rodentia,Sciuridae,Townsend Chipmunk,nan
Lassen Volcanic National Park,Mammal,Rodentia,Sciuridae,None,nan
Lassen Volcanic National Park,Mammal,Carnivora,Mustelidae,"California Otter, Northern River Otter",Rare
Lassen Volcanic National Park,Mammal,Rodentia,Sciuridae,None,Uncommon
Lassen Volcanic National Park,Mammal,Rodentia,Sciuridae,None,Common
Lassen Volcanic National Park,Mammal,Artiodactyla,Antilocapridae,"Pronghorn, Pronghorn",nan
Lassen Volcanic National Park,Mammal,Artiodactyla,Bovidae,"American Bison, American Bison, Bison",nan
Lassen Volcanic National Park,Mammal,Artiodactyla,Bovidae,"Aurochs, Aurochs, Domestic Cattle (Feral), Domesticated Cattle",nan
Lassen Volcanic National Park,Mammal,Artiodactyla,Bovidae,"Bighorn Sheep, Bighorn Sheep",nan
Lassen Volcanic National Park,Mammal,Artiodactyla,Cervidae,"Elk, Red Deer (See Comments), Wapiti, Wapiti Or Elk",nan
Lassen Volcanic National Park,Mammal,Artiodactyla,Cervidae,"Mule Deer, White-Tailed Deer",nan
Lassen Volcanic National Park,Mammal,Artiodactyla,Cervidae,"Mule Deer, Mule Deer",Common
Lassen Volcanic National Park,Mammal,Carnivora,Canidae,None,Uncommon
Lassen Volcanic National Park,Mammal,Carnivora,Canidae,"Gray Wolf, Wolf",nan
Lassen Volcanic National Park,Mammal,Carnivora,Canidae,"Common Gray Fox, Gray Fox",Rare
Lassen Volcanic National Park,Mammal,Carnivora,Canidae,None,Rare
Lassen Volcanic National Park,Mammal,Carnivora,Felidae,Bobcat,Rare
Lassen Volcanic National Park,Mammal,Carnivora,Felidae,"Cougar, Mountain Lion, Puma",Rare
Lassen Volcanic National Park,Mammal,Carnivora,Mephitidae,Striped Skunk,Occasional
Lassen Volcanic National Park,Mammal,Carnivora,Mephitidae,Spotted Skunk,nan
Lassen Volcanic National Park,Mammal,Carnivora,Mustelidae,Wolverine,nan
Lassen Volcanic National Park,Mammal,Carnivora,Mustelidae,None,Uncommon
Lassen Volcanic National Park,Mammal,Carnivora,Mustelidae,Fisher,nan
Lassen Volcanic National Park,Mammal,Carnivora,Mustelidae,None,Rare
Lassen Volcanic National Park,Mammal,Carnivora,Mustelidae,Long-Tailed Weasel,Rare
Lassen Volcanic National Park,Mammal,Carnivora,Mustelidae,"American Mink, Mink",Occasional
Lassen Volcanic National Park,Mammal,Carnivora,Mustelidae,None,Rare
Lassen Volcanic National Park,Mammal,Carnivora,Procyonidae,Ringtail,nan
Lassen Volcanic National Park,Mammal,Carnivora,Procyonidae,"Common Raccoon, Northern Raccoon, Raccoon",Occasional
Lassen Volcanic National Park,Mammal,Carnivora,Ursidae,Bears,nan
Lassen Volcanic National Park,Mammal,Carnivora,Ursidae,Black Bear,Uncommon
Lassen Volcanic National Park,Mammal,Carnivora,Ursidae,"Brown Bear, Grizzly Bear",nan
Lassen Volcanic National Park,Mammal,Chiroptera,Vespertilionidae,Big Brown Bat,Uncommon
Lassen Volcanic National Park,Mammal,Chiroptera,Vespertilionidae,"Silver-Haired Bat, Silver-Haired Bat",Uncommon
Lassen Volcanic National Park,Mammal,Chiroptera,Vespertilionidae,"Hoary Bat, Hoary Bat",Uncommon
Lassen Volcanic National Park,Mammal,Chiroptera,Vespertilionidae,California Myotis,Unknown
Lassen Volcanic National Park,Mammal,Chiroptera,Vespertilionidae,"Long-Eared Myotis, Long-Eared Myotis",Common
Lassen Volcanic National Park,Mammal,Chiroptera,Vespertilionidae,Little Brown Myotis Bat,Common
Lassen Volcanic National Park,Mammal,Chiroptera,Vespertilionidae,"Fringed Myotis, Fringed Myotis",Rare
Lassen Volcanic National Park,Mammal,Chiroptera,Vespertilionidae,Long-Legged Myotis Bat,Common
Lassen Volcanic National Park,Mammal,Chiroptera,Vespertilionidae,"Yuma Myotis, Yuma Myotis",Common
Lassen Volcanic National Park,Mammal,Chiroptera,Vespertilionidae,Townsend's Big-Eared Bat,nan
Lassen Volcanic National Park,Mammal,Didelphimorphia,Didelphidae,Virginia Opossum,Occasional
Lassen Volcanic National Park,Mammal,Lagomorpha,Leporidae,Snowshoe Hare,Uncommon
Lassen Volcanic National Park,Mammal,Lagomorpha,Leporidae,"Black-Tailed Jack Rabbit, Black-Tailed Jackrabbit",Unknown
Lassen Volcanic National Park,Mammal,Lagomorpha,Leporidae,None,nan
Lassen Volcanic National Park,Mammal,Lagomorpha,Leporidae,"Mountain Cottontail, Nuttall's Cottontail",nan
Lassen Volcanic National Park,Mammal,Lagomorpha,Ochotonidae,None,Uncommon
Lassen Volcanic National Park,Mammal,Rodentia,Aplodontiidae,None,Occasional
Lassen Volcanic National Park,Mammal,Rodentia,Castoridae,American Beaver,Uncommon
Lassen Volcanic National Park,Mammal,Rodentia,Cricetidae,Western Red-Backed Vole,nan
Lassen Volcanic National Park,Mammal,Rodentia,Cricetidae,Southern Red-Backed Vole,nan
Lassen Volcanic National Park,Mammal,Rodentia,Cricetidae,"Meadow Mice, Meadow Voles",nan
Lassen Volcanic National Park,Mammal,Rodentia,Cricetidae,"Amargosa Vole, California Vole",Unknown
Lassen Volcanic National Park,Mammal,Rodentia,Cricetidae,"Coronation Island Vole, Long-Tailed Vole",nan
Lassen Volcanic National Park,Mammal,Rodentia,Cricetidae,None,Common
Lassen Volcanic National Park,Mammal,Rodentia,Cricetidae,Montane Vole,nan
Lassen Volcanic National Park,Mammal,Rodentia,Cricetidae,None,Common
Lassen Volcanic National Park,Mammal,Rodentia,Cricetidae,None,Rare
Lassen Volcanic National Park,Mammal,Rodentia,Cricetidae,"Common Muskrat, Muskbeaver, Muskrat",Rare
Lassen Volcanic National Park,Mammal,Rodentia,Cricetidae,"Deer Mice, White-Footed Mice",nan
Lassen Volcanic National Park,Mammal,Rodentia,Cricetidae,"Brush Deermouse, Brush Mouse",nan
Lassen Volcanic National Park,Mammal,Rodentia,Cricetidae,None,Abundant
Lassen Volcanic National Park,Mammal,Rodentia,Cricetidae,"Heather Vole, Western Heather Vole",nan
Lassen Volcanic National Park,Mammal,Rodentia,Cricetidae,Western Harvest Mouse,nan
Lassen Volcanic National Park,Mammal,Rodentia,Dipodidae,Jumping Mice,nan
Lassen Volcanic National Park,Mammal,Rodentia,Dipodidae,None,Uncommon
Lassen Volcanic National Park,Mammal,Rodentia,Geomyidae,"Smooth-Toothed Pocket Gophers, Western Pocket Gophers",nan
Lassen Volcanic National Park,Mammal,Rodentia,Geomyidae,Mountain Pocket Gopher,Common
Lassen Volcanic National Park,Mammal,Rodentia,Heteromyidae,California Pocket Mouse,nan
Lassen Volcanic National Park,Mammal,Rodentia,Heteromyidae,California Kangaroo Rat,nan
Lassen Volcanic National Park,Mammal,Rodentia,Sciuridae,None,nan
Lassen Volcanic National Park,Mammal,Rodentia,Sciuridae,Northern Flying Squirrel,nan
Lassen Volcanic National Park,Mammal,Rodentia,Sciuridae,None,Common
Lassen Volcanic National Park,Mammal,Rodentia,Sciuridae,Yellow-Bellied Marmot,Uncommon
Lassen Volcanic National Park,Mammal,Rodentia,Sciuridae,Western Gray Squirrel,Uncommon
Lassen Volcanic National Park,Mammal,Rodentia,Sciuridae,California Ground Squirrel,Uncommon
Lassen Volcanic National Park,Mammal,Rodentia,Sciuridae,Chipmunks,nan
Lassen Volcanic National Park,Mammal,Rodentia,Sciuridae,None,Common
Lassen Volcanic National Park,Mammal,Rodentia,Sciuridae,Long-Eared Chipmunk,nan
Lassen Volcanic National Park,Mammal,Rodentia,Sciuridae,Townsend's Chipmunk,nan
Lassen Volcanic National Park,Mammal,Rodentia,Sciuridae,None,Common
Lassen Volcanic National Park,Mammal,Rodentia,Sciuridae,None,Common
Lassen Volcanic National Park,Mammal,Rodentia,Sciuridae,Townsend's Chipmunk,nan
Lassen Volcanic National Park,Mammal,Rodentia,Sciuridae,None,Common
Lassen Volcanic National Park,Mammal,Soricomorpha,Soricidae,Red-Toothed Shrews,nan
Lassen Volcanic National Park,Mammal,Soricomorpha,Soricidae,Merriam's Shrew,nan
Lassen Volcanic National Park,Mammal,Soricomorpha,Soricidae,"Dusky Shrew, Montane Shrew",nan
Lassen Volcanic National Park,Mammal,Soricomorpha,Soricidae,None,Uncommon
Lassen Volcanic National Park,Mammal,Soricomorpha,Soricidae,"Malheur Shrew, Preble's Shrew",Uncommon
Lassen Volcanic National Park,Mammal,Soricomorpha,Soricidae,"Great Basin Dwarf Shrew, Inyo Shrew",Uncommon
Lassen Volcanic National Park,Mammal,Soricomorpha,Soricidae,None,Common
Lassen Volcanic National Park,Mammal,Soricomorpha,Soricidae,None,Common
Lassen Volcanic National Park,Mammal,Soricomorpha,Talpidae,None,Occasional
Lassen Volcanic National Park,Mammal,Soricomorpha,Talpidae,None,Rare
Lassen Volcanic National Park,Bird,Passeriformes,Parulidae,California Yellow Warbler,Common
Lassen Volcanic National Park,Bird,Accipitriformes,Accipitridae,Cooper's Hawk,Uncommon
Lassen Volcanic National Park,Bird,Accipitriformes,Accipitridae,Northern Goshawk,Uncommon
Lassen Volcanic National Park,Bird,Accipitriformes,Accipitridae,Sharp-Shinned Hawk,Uncommon
Lassen Volcanic National Park,Bird,Accipitriformes,Accipitridae,Golden Eagle,Uncommon
Lassen Volcanic National Park,Bird,Accipitriformes,Accipitridae,Red-Tailed Hawk,Uncommon
Lassen Volcanic National Park,Bird,Accipitriformes,Accipitridae,"Roughleg, Rough-Legged Buzzard, Rough-Legged Hawk",nan
Lassen Volcanic National Park,Bird,Accipitriformes,Accipitridae,Red-Shouldered Hawk,nan
Lassen Volcanic National Park,Bird,Accipitriformes,Accipitridae,Broad-Winged Hawk,nan
Lassen Volcanic National Park,Bird,Accipitriformes,Accipitridae,Ferruginous Hawk,nan
Lassen Volcanic National Park,Bird,Accipitriformes,Accipitridae,Swainson's Hawk,nan
Lassen Volcanic National Park,Bird,Accipitriformes,Accipitridae,Northern Harrier,nan
Lassen Volcanic National Park,Bird,Accipitriformes,Accipitridae,White-Tailed Kite,nan
Lassen Volcanic National Park,Bird,Accipitriformes,Accipitridae,Bald Eagle,Uncommon
Lassen Volcanic National Park,Bird,Accipitriformes,Cathartidae,Turkey Vulture,Uncommon
Lassen Volcanic National Park,Bird,Accipitriformes,Cathartidae,California Condor,nan
Lassen Volcanic National Park,Bird,Accipitriformes,Pandionidae,"Osprey, Western Osprey",Uncommon
Lassen Volcanic National Park,Bird,Anseriformes,Anatidae,Wood Duck,Uncommon
Lassen Volcanic National Park,Bird,Anseriformes,Anatidae,Northern Pintail,Occasional
Lassen Volcanic National Park,Bird,Anseriformes,Anatidae,American Wigeon,Occasional
Lassen Volcanic National Park,Bird,Anseriformes,Anatidae,Northern Shoveler,Uncommon
Lassen Volcanic National Park,Bird,Anseriformes,Anatidae,"Eurasian Teal, Green-Winged Teal",Occasional
Lassen Volcanic National Park,Bird,Anseriformes,Anatidae,Cinnamon Teal,nan
Lassen Volcanic National Park,Bird,Anseriformes,Anatidae,Blue-Winged Teal,nan
Lassen Volcanic National Park,Bird,Anseriformes,Anatidae,Mallard,Common
Lassen Volcanic National Park,Bird,Anseriformes,Anatidae,Gadwall,nan
Lassen Volcanic National Park,Bird,Anseriformes,Anatidae,Greater White-Fronted Goose,nan
Lassen Volcanic National Park,Bird,Anseriformes,Anatidae,Lesser Scaup,Occasional
Lassen Volcanic National Park,Bird,Anseriformes,Anatidae,Redhead,nan
Lassen Volcanic National Park,Bird,Anseriformes,Anatidae,Ring-Necked Duck,Rare
Lassen Volcanic National Park,Bird,Anseriformes,Anatidae,Canvasback,Occasional
Lassen Volcanic National Park,Bird,Anseriformes,Anatidae,Canada Goose,Uncommon
Lassen Volcanic National Park,Bird,Anseriformes,Anatidae,Aleutian Canada Goose,nan
Lassen Volcanic National Park,Bird,Anseriformes,Anatidae,Bufflehead,Common
Lassen Volcanic National Park,Bird,Anseriformes,Anatidae,Common Goldeneye,Occasional
Lassen Volcanic National Park,Bird,Anseriformes,Anatidae,Barrow's Goldeneye,nan
Lassen Volcanic National Park,Bird,Anseriformes,Anatidae,"Blue Goose, Snow Goose",nan
Lassen Volcanic National Park,Bird,Anseriformes,Anatidae,Tundra Swan,Rare
Lassen Volcanic National Park,Bird,Anseriformes,Anatidae,Harlequin Duck,nan
Lassen Volcanic National Park,Bird,Anseriformes,Anatidae,Surf Scoter,nan
Lassen Volcanic National Park,Bird,Anseriformes,Anatidae,Common Merganser,Common
Lassen Volcanic National Park,Bird,Anseriformes,Anatidae,Ruddy Duck,Rare
Lassen Volcanic National Park,Bird,Apodiformes,Apodidae,White-Throated Swift,Rare
Lassen Volcanic National Park,Bird,Apodiformes,Apodidae,Vaux's Swift,nan
Lassen Volcanic National Park,Bird,Apodiformes,Apodidae,"American Black Swift, Black Swift",nan
Lassen Volcanic National Park,Bird,Apodiformes,Trochilidae,Anna's Hummingbird,Common
Lassen Volcanic National Park,Bird,Apodiformes,Trochilidae,Rufous Hummingbird,Common
Lassen Volcanic National Park,Bird,Apodiformes,Trochilidae,Allen's Hummingbird,Occasional
Lassen Volcanic National Park,Bird,Apodiformes,Trochilidae,Calliope Hummingbird,Uncommon
Lassen Volcanic National Park,Bird,Caprimulgiformes,Caprimulgidae,Common Nighthawk,Common
Lassen Volcanic National Park,Bird,Caprimulgiformes,Caprimulgidae,Common Poor-Will,Rare
Lassen Volcanic National Park,Bird,Charadriiformes,Charadriidae,Semipalmated Plover,nan
Lassen Volcanic National Park,Bird,Charadriiformes,Charadriidae,Killdeer,Common
Lassen Volcanic National Park,Bird,Charadriiformes,Laridae,Black Tern,nan
Lassen Volcanic National Park,Bird,Charadriiformes,Laridae,California Gull,Common
Lassen Volcanic National Park,Bird,Charadriiformes,Laridae,Ring-Billed Gull,Rare
Lassen Volcanic National Park,Bird,Charadriiformes,Laridae,Bonaparte's Gull,nan
Lassen Volcanic National Park,Bird,Charadriiformes,Laridae,Caspian Tern,Rare
Lassen Volcanic National Park,Bird,Charadriiformes,Laridae,Forster's Tern,Occasional
Lassen Volcanic National Park,Bird,Charadriiformes,Laridae,Sabine's Gull,Occasional
Lassen Volcanic National Park,Bird,Charadriiformes,Scolopacidae,Spotted Sandpiper,Uncommon
Lassen Volcanic National Park,Bird,Charadriiformes,Scolopacidae,Western Sandpiper,Occasional
Lassen Volcanic National Park,Bird,Charadriiformes,Scolopacidae,Pectoral Sandpiper,nan
Lassen Volcanic National Park,Bird,Charadriiformes,Scolopacidae,Least Sandpiper,nan
Lassen Volcanic National Park,Bird,Charadriiformes,Scolopacidae,Willet,nan
Lassen Volcanic National Park,Bird,Charadriiformes,Scolopacidae,Wilson's Snipe,Common
Lassen Volcanic National Park,Bird,Charadriiformes,Scolopacidae,Long-Billed Dowitcher,nan
Lassen Volcanic National Park,Bird,Charadriiformes,Scolopacidae,Marbled Godwit,nan
Lassen Volcanic National Park,Bird,Charadriiformes,Scolopacidae,Red-Necked Phalarope,Occasional
Lassen Volcanic National Park,Bird,Charadriiformes,Scolopacidae,Wilson's Phalarope,Occasional
Lassen Volcanic National Park,Bird,Charadriiformes,Scolopacidae,Greater Yellowlegs,Occasional
Lassen Volcanic National Park,Bird,Charadriiformes,Scolopacidae,Solitary Sandpiper,nan
Lassen Volcanic National Park,Bird,Columbiformes,Columbidae,Band-Tailed Pigeon,Uncommon
Lassen Volcanic National Park,Bird,Columbiformes,Columbidae,"Common Pigeon, Rock Dove, Rock Pigeon",Occasional
Lassen Volcanic National Park,Bird,Columbiformes,Columbidae,Mourning Dove,Rare
Lassen Volcanic National Park,Bird,Coraciiformes,Alcedinidae,Belted Kingfisher,Common
Lassen Volcanic National Park,Bird,Falconiformes,Falconidae,Merlin,Occasional
Lassen Volcanic National Park,Bird,Falconiformes,Falconidae,Prairie Falcon,Occasional
Lassen Volcanic National Park,Bird,Falconiformes,Falconidae,Peregrine Falcon,Uncommon
Lassen Volcanic National Park,Bird,Falconiformes,Falconidae,American Kestrel,Rare
Lassen Volcanic National Park,Bird,Galliformes,Odontophoridae,"California Quail, Californian Quail",Rare
Lassen Volcanic National Park,Bird,Galliformes,Odontophoridae,Mountain Quail,Common
Lassen Volcanic National Park,Bird,Galliformes,Phasianidae,Ruffed Grouse,nan
Lassen Volcanic National Park,Bird,Galliformes,Phasianidae,Blue Grouse,Common
Lassen Volcanic National Park,Bird,Galliformes,Phasianidae,Wild Turkey,Rare
Lassen Volcanic National Park,Bird,Galliformes,Phasianidae,"Common Peafowl, Indian Peafowl",nan
Lassen Volcanic National Park,Bird,Galliformes,Phasianidae,"Common Pheasant, Ring-Necked Pheasant",nan
Lassen Volcanic National Park,Bird,Gaviiformes,Gaviidae,"Common Loon, Great Northern Diver, Great Northern Loon",Rare
Lassen Volcanic National Park,Bird,Gaviiformes,Gaviidae,"Pacific Diver, Pacific Loon",Occasional
Lassen Volcanic National Park,Bird,Gruiformes,Gruidae,Sandhill Crane,Rare
Lassen Volcanic National Park,Bird,Gruiformes,Rallidae,American Coot,Common
Lassen Volcanic National Park,Bird,Gruiformes,Rallidae,Sora Rail,Occasional
Lassen Volcanic National Park,Bird,Gruiformes,Rallidae,Virginia Rail,Occasional
Lassen Volcanic National Park,Bird,Passeriformes,Aegithalidae,"American Bushtit, Bushtit",Occasional
Lassen Volcanic National Park,Bird,Passeriformes,Alaudidae,Horned Lark,Occasional
Lassen Volcanic National Park,Bird,Passeriformes,Bombycillidae,Cedar Waxwing,nan
Lassen Volcanic National Park,Bird,Passeriformes,Cardinalidae,Lazuli Bunting,Common
Lassen Volcanic National Park,Bird,Passeriformes,Cardinalidae,Black-Headed Grosbeak,Rare
Lassen Volcanic National Park,Bird,Passeriformes,Cardinalidae,Western Tanager,Common
Lassen Volcanic National Park,Bird,Passeriformes,Certhiidae,Brown Creeper,Common
Lassen Volcanic National Park,Bird,Passeriformes,Cinclidae,American Dipper,Uncommon
Lassen Volcanic National Park,Bird,Passeriformes,Corvidae,"Western Scrub Jay, Western Scrub-Jay",nan
Lassen Volcanic National Park,Bird,Passeriformes,Corvidae,American Crow,Occasional
Lassen Volcanic National Park,Bird,Passeriformes,Corvidae,"Common Raven, Northern Raven",Common
Lassen Volcanic National Park,Bird,Passeriformes,Corvidae,Fish Crow,nan
Lassen Volcanic National Park,Bird,Passeriformes,Corvidae,Steller's Jay,Common
Lassen Volcanic National Park,Bird,Passeriformes,Corvidae,Clark's Nutcracker,Common
Lassen Volcanic National Park,Bird,Passeriformes,Corvidae,"Gray Jay, Grey Jay",Common
Lassen Volcanic National Park,Bird,Passeriformes,Emberizidae,Rufous-Crowned Sparrow,nan
Lassen Volcanic National Park,Bird,Passeriformes,Emberizidae,Sage Sparrow,nan
Lassen Volcanic National Park,Bird,Passeriformes,Emberizidae,Lark Sparrow,nan
Lassen Volcanic National Park,Bird,Passeriformes,Emberizidae,Dark-Eyed Junco,Common
Lassen Volcanic National Park,Bird,Passeriformes,Emberizidae,Lincoln's Sparrow,Common
Lassen Volcanic National Park,Bird,Passeriformes,Emberizidae,Song Sparrow,Common
Lassen Volcanic National Park,Bird,Passeriformes,Emberizidae,Savannah Sparrow,Occasional
Lassen Volcanic National Park,Bird,Passeriformes,Emberizidae,"Fox Sparrow, Red Fox Sparrow",Common
Lassen Volcanic National Park,Bird,Passeriformes,Emberizidae,Green-Tailed Towhee,Occasional
Lassen Volcanic National Park,Bird,Passeriformes,Emberizidae,California Towhee,nan
Lassen Volcanic National Park,Bird,Passeriformes,Emberizidae,"Brown Towhee, Canyon Towhee",nan
Lassen Volcanic National Park,Bird,Passeriformes,Emberizidae,Spotted Towhee,Uncommon
Lassen Volcanic National Park,Bird,Passeriformes,Emberizidae,Vesper Sparrow,Occasional
Lassen Volcanic National Park,Bird,Passeriformes,Emberizidae,Brewer's Sparrow,Occasional
Lassen Volcanic National Park,Bird,Passeriformes,Emberizidae,Chipping Sparrow,Common
Lassen Volcanic National Park,Bird,Passeriformes,Emberizidae,Golden-Crowned Sparrow,Occasional
Lassen Volcanic National Park,Bird,Passeriformes,Emberizidae,White-Crowned Sparrow,Uncommon
Lassen Volcanic National Park,Bird,Passeriformes,Fringillidae,Common Redpoll,nan
Lassen Volcanic National Park,Bird,Passeriformes,Fringillidae,Lawrence's Goldfinch,nan
Lassen Volcanic National Park,Bird,Passeriformes,Fringillidae,Pine Siskin,Common
Lassen Volcanic National Park,Bird,Passeriformes,Fringillidae,Lesser Goldfinch,nan
Lassen Volcanic National Park,Bird,Passeriformes,Fringillidae,American Goldfinch,nan
Lassen Volcanic National Park,Bird,Passeriformes,Fringillidae,Cassin's Finch,Common
Lassen Volcanic National Park,Bird,Passeriformes,Fringillidae,House Finch,nan
Lassen Volcanic National Park,Bird,Passeriformes,Fringillidae,Purple Finch,nan
Lassen Volcanic National Park,Bird,Passeriformes,Fringillidae,Evening Grosbeak,Abundant
Lassen Volcanic National Park,Bird,Passeriformes,Fringillidae,Gray-Crowned Rosy-Finch,Rare
Lassen Volcanic National Park,Bird,Passeriformes,Fringillidae,Red Crossbill,Common
Lassen Volcanic National Park,Bird,Passeriformes,Fringillidae,Pine Grosbeak,Occasional
Lassen Volcanic National Park,Bird,Passeriformes,Hirundinidae,Cliff Swallow,Rare
Lassen Volcanic National Park,Bird,Passeriformes,Hirundinidae,Barn Swallow,Common
Lassen Volcanic National Park,Bird,Passeriformes,Hirundinidae,Tree Swallow,Common
Lassen Volcanic National Park,Bird,Passeriformes,Hirundinidae,Cliff Swallow,nan
Lassen Volcanic National Park,Bird,Passeriformes,Hirundinidae,Purple Martin,Occasional
Lassen Volcanic National Park,Bird,Passeriformes,Hirundinidae,Northern Rough-Winged Swallow,Rare
Lassen Volcanic National Park,Bird,Passeriformes,Hirundinidae,Tree Swallow,Common
Lassen Volcanic National Park,Bird,Passeriformes,Hirundinidae,Violet-Green Swallow,Rare
Lassen Volcanic National Park,Bird,Passeriformes,Icteridae,Red-Winged Blackbird,Common
Lassen Volcanic National Park,Bird,Passeriformes,Icteridae,Tricolored Blackbird,nan
Lassen Volcanic National Park,Bird,Passeriformes,Icteridae,Bobolink,nan
Lassen Volcanic National Park,Bird,Passeriformes,Icteridae,Brewer's Blackbird,Common
Lassen Volcanic National Park,Bird,Passeriformes,Icteridae,Bullock's Oriole,Occasional
Lassen Volcanic National Park,Bird,Passeriformes,Icteridae,Brown-Headed Cowbird,Common
Lassen Volcanic National Park,Bird,Passeriformes,Icteridae,Great-Tailed Grackle,nan
Lassen Volcanic National Park,Bird,Passeriformes,Icteridae,Western Meadowlark,Rare
Lassen Volcanic National Park,Bird,Passeriformes,Icteridae,Yellow-Headed Blackbird,Occasional
Lassen Volcanic National Park,Bird,Passeriformes,Laniidae,"Great Grey Shrike, Northern Shrike",nan
Lassen Volcanic National Park,Bird,Passeriformes,Motacillidae,American Pipet,Rare
Lassen Volcanic National Park,Bird,Passeriformes,Paridae,"Oak Titmouse, Plain Titmouse",nan
Lassen Volcanic National Park,Bird,Passeriformes,Paridae,Mountain Chickadee,Common
Lassen Volcanic National Park,Bird,Passeriformes,Paridae,Mountain Chickadee,Common
Lassen Volcanic National Park,Bird,Passeriformes,Parulidae,Yellow-Rumped Warbler,Common
Lassen Volcanic National Park,Bird,Passeriformes,Parulidae,Magnolia Warbler,nan
Lassen Volcanic National Park,Bird,Passeriformes,Parulidae,"Black-Throated Gray Warbler, Black-Throated Grey Warbler",Uncommon
Lassen Volcanic National Park,Bird,Passeriformes,Parulidae,Hermit Warbler,Common
Lassen Volcanic National Park,Bird,Passeriformes,Parulidae,"American Yellow Warbler, Yellow Warbler",Common
Lassen Volcanic National Park,Bird,Passeriformes,Parulidae,Townsend's Warbler,Uncommon
Lassen Volcanic National Park,Bird,Passeriformes,Parulidae,Common Yellowthroat,Rare
Lassen Volcanic National Park,Bird,Passeriformes,Parulidae,Yellow-Breasted Chat,nan
Lassen Volcanic National Park,Bird,Passeriformes,Parulidae,Macgillivray's Warbler,Common
Lassen Volcanic National Park,Bird,Passeriformes,Parulidae,Northern Waterthrush,nan
Lassen Volcanic National Park,Bird,Passeriformes,Parulidae,Orange-Crowned Warbler,Common
Lassen Volcanic National Park,Bird,Passeriformes,Parulidae,Nashville Warbler,Common
Lassen Volcanic National Park,Bird,Passeriformes,Parulidae,Wilson's Warbler,Common
Lassen Volcanic National Park,Bird,Passeriformes,Polioptilidae,"Blue-Gray Gnatcatcher, Blue-Grey Gnatcatcher",nan
Lassen Volcanic National Park,Bird,Passeriformes,Ptilogonatidae,Phainopepla,nan
Lassen Volcanic National Park,Bird,Passeriformes,Regulidae,Ruby-Crowned Kinglet,Rare
Lassen Volcanic National Park,Bird,Passeriformes,Regulidae,Golden-Crowned Kinglet,Common
Lassen Volcanic National Park,Bird,Passeriformes,Sittidae,Red-Breasted Nuthatch,Common
Lassen Volcanic National Park,Bird,Passeriformes,Sittidae,White-Breasted Nuthatch,Common
Lassen Volcanic National Park,Bird,Passeriformes,Sittidae,Pygmy Nuthatch,Common
Lassen Volcanic National Park,Bird,Passeriformes,Sturnidae,"Common Starling, European Starling",Rare
Lassen Volcanic National Park,Bird,Passeriformes,Sylviidae,Wrentit,nan
Lassen Volcanic National Park,Bird,Passeriformes,Troglodytidae,Canyon Wren,Occasional
Lassen Volcanic National Park,Bird,Passeriformes,Troglodytidae,Marsh Wren,nan
Lassen Volcanic National Park,Bird,Passeriformes,Troglodytidae,Rock Wren,Uncommon
Lassen Volcanic National Park,Bird,Passeriformes,Troglodytidae,Bewick's Wren,Occasional
Lassen Volcanic National Park,Bird,Passeriformes,Troglodytidae,House Wren,Uncommon
Lassen Volcanic National Park,Bird,Passeriformes,Troglodytidae,Winter Wren,Uncommon
Lassen Volcanic National Park,Bird,Passeriformes,Turdidae,Hermit Thrush,Common
Lassen Volcanic National Park,Bird,Passeriformes,Turdidae,Swainson's Thrush,nan
Lassen Volcanic National Park,Bird,Passeriformes,Turdidae,Varied Thrush,Occasional
Lassen Volcanic National Park,Bird,Passeriformes,Turdidae,Townsend's Solitaire,Common
Lassen Volcanic National Park,Bird,Passeriformes,Turdidae,Mountain Bluebird,Uncommon
Lassen Volcanic National Park,Bird,Passeriformes,Turdidae,Western Bluebird,Uncommon
Lassen Volcanic National Park,Bird,Passeriformes,Turdidae,American Robin,Common
Lassen Volcanic National Park,Bird,Passeriformes,Tyrannidae,Olive Sided Flycatcher,Common
Lassen Volcanic National Park,Bird,Passeriformes,Tyrannidae,"Western Wood Pewee, Western Wood-Pewee",Common
Lassen Volcanic National Park,Bird,Passeriformes,Tyrannidae,Pacific-Slope Flycatcher,Rare
Lassen Volcanic National Park,Bird,Passeriformes,Tyrannidae,Hammond's Flycatcher,Common
Lassen Volcanic National Park,Bird,Passeriformes,Tyrannidae,Dusky Flycatcher,Common
Lassen Volcanic National Park,Bird,Passeriformes,Tyrannidae,Willow Flycatcher,Uncommon
Lassen Volcanic National Park,Bird,Passeriformes,Tyrannidae,"Gray Flycatcher, Grey Flycatcher",Rare
Lassen Volcanic National Park,Bird,Passeriformes,Tyrannidae,Ash-Throated Flycatcher,Occasional
Lassen Volcanic National Park,Bird,Passeriformes,Tyrannidae,Black Phoebe,Occasional
Lassen Volcanic National Park,Bird,Passeriformes,Tyrannidae,Say's Phoebe,nan
Lassen Volcanic National Park,Bird,Passeriformes,Tyrannidae,Western Kingbird,nan
Lassen Volcanic National Park,Bird,Passeriformes,Vireonidae,Cassin's Vireo,Common
Lassen Volcanic National Park,Bird,Passeriformes,Vireonidae,Warbling Vireo,Common
Lassen Volcanic National Park,Bird,Passeriformes,Vireonidae,Hutton's Vireo,nan
Lassen Volcanic National Park,Bird,Pelecaniformes,Ardeidae,Great Egret,nan
Lassen Volcanic National Park,Bird,Pelecaniformes,Ardeidae,Great Blue Heron,Rare
Lassen Volcanic National Park,Bird,Pelecaniformes,Ardeidae,American Bittern,nan
Lassen Volcanic National Park,Bird,Pelecaniformes,Ardeidae,Green-Backed Heron,nan
Lassen Volcanic National Park,Bird,Pelecaniformes,Ardeidae,Green Heron,nan
Lassen Volcanic National Park,Bird,Pelecaniformes,Ardeidae,Great Egret,nan
Lassen Volcanic National Park,Bird,Pelecaniformes,Ardeidae,Snowy Egret,nan
Lassen Volcanic National Park,Bird,Pelecaniformes,Ardeidae,"Black-Crowned Night Heron, Black-Crowned Night-Heron",Rare
Lassen Volcanic National Park,Bird,Pelecaniformes,Pelecanidae,White Pelican,Uncommon
Lassen Volcanic National Park,Bird,Piciformes,Picidae,Northern Flicker,Common
Lassen Volcanic National Park,Bird,Piciformes,Picidae,Pileated Woodpecker,Uncommon
Lassen Volcanic National Park,Bird,Piciformes,Picidae,Acorn Woodpecker,Occasional
Lassen Volcanic National Park,Bird,Piciformes,Picidae,"Lewis' Woodpecker, Lewis's Woodpecker",Rare
Lassen Volcanic National Park,Bird,Piciformes,Picidae,White-Headed Woodpecker,Common
Lassen Volcanic National Park,Bird,Piciformes,Picidae,Black-Backed Woodpecker,Uncommon
Lassen Volcanic National Park,Bird,Piciformes,Picidae,Downy Woodpecker,Uncommon
Lassen Volcanic National Park,Bird,Piciformes,Picidae,"Eurasian Three-Toed Woodpecker, Three-Toed Woodpecker",nan
Lassen Volcanic National Park,Bird,Piciformes,Picidae,Hairy Woodpecker,Uncommon
Lassen Volcanic National Park,Bird,Piciformes,Picidae,Red-Naped Sapsucker,nan
Lassen Volcanic National Park,Bird,Piciformes,Picidae,Red-Breasted Sapsucker,Common
Lassen Volcanic National Park,Bird,Piciformes,Picidae,Williamson's Sapsucker,Uncommon
Lassen Volcanic National Park,Bird,Piciformes,Picidae,Sierra Nevada Red-Breasted Sapsucker,Common
Lassen Volcanic National Park,Bird,Podicipediformes,Podicipedidae,Clark's Grebe,Rare
Lassen Volcanic National Park,Bird,Podicipediformes,Podicipedidae,Western Grebe,Rare
Lassen Volcanic National Park,Bird,Podicipediformes,Podicipedidae,"Black-Necked Grebe, Eared Grebe",Rare
Lassen Volcanic National Park,Bird,Podicipediformes,Podicipedidae,Pied-Billed Grebe,Common
Lassen Volcanic National Park,Bird,Strigiformes,Strigidae,Northern Saw-Whet Owl,Uncommon
Lassen Volcanic National Park,Bird,Strigiformes,Strigidae,Short-Eared Owl,nan
Lassen Volcanic National Park,Bird,Strigiformes,Strigidae,Long-Eared Owl,nan
Lassen Volcanic National Park,Bird,Strigiformes,Strigidae,Great Horned Owl,Uncommon
Lassen Volcanic National Park,Bird,Strigiformes,Strigidae,"Mountain Pygmy Owl, Northern Pygmy-Owl",Rare
Lassen Volcanic National Park,Bird,Strigiformes,Strigidae,Flammulated Owl,nan
Lassen Volcanic National Park,Bird,Strigiformes,Strigidae,Western Screech-Owl,nan
Lassen Volcanic National Park,Bird,Strigiformes,Strigidae,"Great Gray Owl, Great Grey Owl",nan
Lassen Volcanic National Park,Bird,Strigiformes,Strigidae,California Spotted Owl,Uncommon
Lassen Volcanic National Park,Bird,Strigiformes,Tytonidae,"Barn Owl, Common Barn-Owl",nan
Lassen Volcanic National Park,Bird,Suliformes,Phalacrocoracidae,Double-Crested Cormorant,Uncommon
Lassen Volcanic National Park,Reptile,Squamata,Anguidae,Northern Alligator Lizard,Uncommon
Lassen Volcanic National Park,Reptile,Squamata,Anguidae,Southern Alligator Lizard,nan
Lassen Volcanic National Park,Reptile,Squamata,Charinidae,Rubber Boa,Occasional
Lassen Volcanic National Park,Reptile,Squamata,Colubridae,Racer,nan
Lassen Volcanic National Park,Reptile,Squamata,Colubridae,Sharp-Tailed Snake,nan
Lassen Volcanic National Park,Reptile,Squamata,Colubridae,"Ringneck Snake, Ring-Necked Snake",nan
Lassen Volcanic National Park,Reptile,Squamata,Colubridae,Common Kingsnake,nan
Lassen Volcanic National Park,Reptile,Squamata,Colubridae,California Mountain Kingsnake,nan
Lassen Volcanic National Park,Reptile,Squamata,Colubridae,Striped Racer,nan
Lassen Volcanic National Park,Reptile,Squamata,Colubridae,Striped Whipsnake,Unknown
Lassen Volcanic National Park,Reptile,Squamata,Colubridae,"Bullsnake, Gopher Snake",nan
Lassen Volcanic National Park,Reptile,Squamata,Colubridae,"Couch's Garter Snake, Sierra Garter Snake",nan
Lassen Volcanic National Park,Reptile,Squamata,Colubridae,Western Terrestrial Garter Snake,Uncommon
Lassen Volcanic National Park,Reptile,Squamata,Colubridae,Common Garter Snake,Uncommon
Lassen Volcanic National Park,Reptile,Squamata,Iguanidae,Spiny Lizards,nan
Lassen Volcanic National Park,Reptile,Squamata,Iguanidae,Sagebrush Lizard,Common
Lassen Volcanic National Park,Reptile,Squamata,Iguanidae,Western Fence Lizard,nan
Lassen Volcanic National Park,Reptile,Squamata,Scincidae,"Eumeces, Holarctic Skinks",nan
Lassen Volcanic National Park,Reptile,Squamata,Scincidae,Western Skink,Occasional
Lassen Volcanic National Park,Reptile,Squamata,Teiidae,Western Whiptail,nan
Lassen Volcanic National Park,Reptile,Squamata,Viperidae,"Prairie Rattlesnake, Western Rattlesnake",nan
Lassen Volcanic National Park,Reptile,Testudines,Emydidae,Western Pond Turtle,Occasional
Lassen Volcanic National Park,Amphibian,Anura,Bufonidae,Toads,nan
Lassen Volcanic National Park,Amphibian,Anura,Bufonidae,Western Toad,Common
Lassen Volcanic National Park,Amphibian,Anura,Bufonidae,Yosemite Toad,nan
Lassen Volcanic National Park,Amphibian,Anura,Hylidae,"Chorus Frogs, Spring Peepers",nan
Lassen Volcanic National Park,Amphibian,Anura,Hylidae,"Northern Pacific Treefrog, Pacific Chorus Frog, Pacific Treefrog",Abundant
Lassen Volcanic National Park,Amphibian,Anura,Ranidae,"Brown Frogs, True Frogs",nan
Lassen Volcanic National Park,Amphibian,Anura,Ranidae,California Red-Legged Frog,nan
Lassen Volcanic National Park,Amphibian,Anura,Ranidae,Foothill Yellow-Legged Frog,nan
Lassen Volcanic National Park,Amphibian,Anura,Ranidae,Cascades Frog,Rare
Lassen Volcanic National Park,Amphibian,Anura,Ranidae,"American Bullfrog, Bullfrog",nan
Lassen Volcanic National Park,Amphibian,Anura,Ranidae,Oregon Spotted Frog,nan
Lassen Volcanic National Park,Amphibian,Caudata,Ambystomatidae,Mole Salamanders,nan
Lassen Volcanic National Park,Amphibian,Caudata,Ambystomatidae,Southern Long-Toed Salamander,Uncommon
Lassen Volcanic National Park,Amphibian,Caudata,Plethodontidae,Ensatinas,nan
Lassen Volcanic National Park,Amphibian,Caudata,Plethodontidae,Sierra Nevada Ensatina,nan
Lassen Volcanic National Park,Amphibian,Caudata,Salamandridae,Rough-Skinned Newt,Rare
Lassen Volcanic National Park,Amphibian,Caudata,Salamandridae,California Newt,nan
Lassen Volcanic National Park,Fish,Cypriniformes,Catostomidae,Modoc Sucker,nan
Lassen Volcanic National Park,Fish,Cypriniformes,Catostomidae,Tahoe Sucker,Uncommon
Lassen Volcanic National Park,Fish,Cypriniformes,Cyprinidae,Tui Chub,Uncommon
Lassen Volcanic National Park,Fish,Cypriniformes,Cyprinidae,Golden Shiner,Uncommon
Lassen Volcanic National Park,Fish,Cypriniformes,Cyprinidae,Fathead Minnow,Rare
Lassen Volcanic National Park,Fish,Cypriniformes,Cyprinidae,Speckled Dace,Unknown
Lassen Volcanic National Park,Fish,Cypriniformes,Cyprinidae,"Lahontan Redside, Lahontan Shiner",Uncommon
Lassen Volcanic National Park,Fish,Cypriniformes,Cyprinidae,Lahontan Tui Chub,nan
Lassen Volcanic National Park,Fish,Cypriniformes,Cyprinidae,Lahontan Tui Chub,nan
Lassen Volcanic National Park,Fish,Cypriniformes,Cyprinidae,Lake Chub,nan
Lassen Volcanic National Park,Fish,Salmoniformes,Salmonidae,"Coho Salmon, Silver Salmon",nan
Lassen Volcanic National Park,Fish,Salmoniformes,Salmonidae,"Rainbow Trout, Redband Trout, Steelhead",Uncommon
Lassen Volcanic National Park,Fish,Salmoniformes,Salmonidae,"Chinook Salmon, King Salmon",nan
Lassen Volcanic National Park,Fish,Salmoniformes,Salmonidae,Atlantic Salmon,nan
Lassen Volcanic National Park,Fish,Salmoniformes,Salmonidae,Brown Trout,Uncommon
Lassen Volcanic National Park,Fish,Salmoniformes,Salmonidae,"Aurora Trout, Brook Trout, Charr, Coaster Brook Trout, Salter, Sea Trout",Common
Lassen Volcanic National Park,Fish,Scorpaeniformes,Cottidae,Rough Sculpin,nan
Lassen Volcanic National Park,Fish,Scorpaeniformes,Cottidae,Mottled Sculpin,nan
Lassen Volcanic National Park,Fish,Scorpaeniformes,Cottidae,Riffle Sculpin,nan
Lassen Volcanic National Park,Fish,Siluriformes,Ictaluridae,Brown Bullhead,nan
Lassen Volcanic National Park,Vascular Plant,nan,nan,Small-Flowered Alyssum,nan
Lassen Volcanic National Park,Vascular Plant,nan,nan,Spanish Lotus,Common
Lassen Volcanic National Park,Vascular Plant,nan,nan,Western Panicgrass,Uncommon
Lassen Volcanic National Park,Vascular Plant,nan,nan,Western Tofieldia,Common
Lassen Volcanic National Park,Vascular Plant,Alismatales,Alismataceae,Arrowhead,nan
Lassen Volcanic National Park,Vascular Plant,Alismatales,Alismataceae,Arum-Leaved Arrowhead,Uncommon
Lassen Volcanic National Park,Vascular Plant,Alismatales,Araceae,Duckweed,nan
Lassen Volcanic National Park,Vascular Plant,Alismatales,Araceae,Lesser Duckweed,nan
Lassen Volcanic National Park,Vascular Plant,Alismatales,Araceae,Ivy-Leaved Duckweed,Rare
Lassen Volcanic National Park,Vascular Plant,Alismatales,Araceae,Turion Duckweed,Common
Lassen Volcanic National Park,Vascular Plant,Alismatales,Araceae,Dotted Duckmeat,Rare
Lassen Volcanic National Park,Vascular Plant,Alismatales,Hydrocharitaceae,"Water Weed, Waterweed",nan
Lassen Volcanic National Park,Vascular Plant,Alismatales,Hydrocharitaceae,Canadian Waterweed,nan
Lassen Volcanic National Park,Vascular Plant,Alismatales,Hydrocharitaceae,Slender Water-Nymph,Rare
Lassen Volcanic National Park,Vascular Plant,Alismatales,Juncaginaceae,Seaside Arrow-Grass,nan
Lassen Volcanic National Park,Vascular Plant,Alismatales,Potamogetonaceae,Pondweed,nan
Lassen Volcanic National Park,Vascular Plant,Alismatales,Potamogetonaceae,Large-Leaved Pondweed,Rare
Lassen Volcanic National Park,Vascular Plant,Alismatales,Potamogetonaceae,Leafy Pondweed,Rare
Lassen Volcanic National Park,Vascular Plant,Alismatales,Potamogetonaceae,Grass-Leaved Pondweed,Abundant
Lassen Volcanic National Park,Vascular Plant,Alismatales,Potamogetonaceae,Shining Pondweed,nan
Lassen Volcanic National Park,Vascular Plant,Alismatales,Potamogetonaceae,Floating-Leaved Pondweed,Common
Lassen Volcanic National Park,Vascular Plant,Alismatales,Potamogetonaceae,Long-Leaved Pondweed,nan
Lassen Volcanic National Park,Vascular Plant,Alismatales,Potamogetonaceae,White-Stemmed Pondweed,Uncommon
Lassen Volcanic National Park,Vascular Plant,Alismatales,Potamogetonaceae,"Baby Pondweed, Small Pondweed",nan
Lassen Volcanic National Park,Vascular Plant,Alismatales,Potamogetonaceae,Narrow-Leaved Small Pondweed,nan
Lassen Volcanic National Park,Vascular Plant,Alismatales,Potamogetonaceae,Richardson's Pondweed,Uncommon
Lassen Volcanic National Park,Vascular Plant,Alismatales,Potamogetonaceae,Robbins' Pondweed,nan
Lassen Volcanic National Park,Vascular Plant,Alismatales,Scheuchzeriaceae,Rannoch-Rush,nan
Lassen Volcanic National Park,Vascular Plant,Alismatales,Scheuchzeriaceae,American Scheuchzeria,Rare
Lassen Volcanic National Park,Vascular Plant,Alismatales,Tofieldiaceae,None,nan
Lassen Volcanic National Park,Vascular Plant,Apiales,Apiaceae,Brewer's Angelica,Uncommon
Lassen Volcanic National Park,Vascular Plant,Apiales,Apiaceae,Western Water-Hemlock,Uncommon
Lassen Volcanic National Park,Vascular Plant,Apiales,Apiaceae,California Cymopterus,Common
Lassen Volcanic National Park,Vascular Plant,Apiales,Apiaceae,Alisma-Leaved Coyote-Thistle,nan
Lassen Volcanic National Park,Vascular Plant,Apiales,Apiaceae,Cow-Parsnip,Common
Lassen Volcanic National Park,Vascular Plant,Apiales,Apiaceae,Gray's Wild Lovage,Common
Lassen Volcanic National Park,Vascular Plant,Apiales,Apiaceae,Western Sweet-Cicely,Abundant
Lassen Volcanic National Park,Vascular Plant,Apiales,Apiaceae,Western Sweet-Cicely,Abundant
Lassen Volcanic National Park,Vascular Plant,Apiales,Apiaceae,Western Cowbane,Rare
Lassen Volcanic National Park,Vascular Plant,Apiales,Apiaceae,Yampah,nan
Lassen Volcanic National Park,Vascular Plant,Apiales,Apiaceae,Bolander's Yampah,Uncommon
Lassen Volcanic National Park,Vascular Plant,Apiales,Apiaceae,Howell's Yampah,Uncommon
Lassen Volcanic National Park,Vascular Plant,Apiales,Apiaceae,Lemmon's Yampah,Common
Lassen Volcanic National Park,Vascular Plant,Apiales,Apiaceae,"Parish's Yampah, Sierra Queen Anne's Lace",nan
Lassen Volcanic National Park,Vascular Plant,Apiales,Apiaceae,Parish's Yampah,Common
Lassen Volcanic National Park,Vascular Plant,Apiales,Apiaceae,Sierra Sanicle,Common
Lassen Volcanic National Park,Vascular Plant,Apiales,Apiaceae,Turkey-Pea,Abundant
Lassen Volcanic National Park,Vascular Plant,Apiales,Apiaceae,Hemlock Water-Parsnip,nan
Lassen Volcanic National Park,Vascular Plant,Apiales,Apiaceae,Swamp Whiteheads,Uncommon
Lassen Volcanic National Park,Vascular Plant,Asparagales,Amaryllidaceae,Sierra Onion,Abundant
Lassen Volcanic National Park,Vascular Plant,Asparagales,Amaryllidaceae,Dwarf Onion,Uncommon
Lassen Volcanic National Park,Vascular Plant,Asparagales,Amaryllidaceae,Flat-Stemmed Onion,Uncommon
Lassen Volcanic National Park,Vascular Plant,Asparagales,Amaryllidaceae,Swamp Onion,Rare
Lassen Volcanic National Park,Vascular Plant,Asparagales,Asparagaceae,Crown Brodiaea,nan
Lassen Volcanic National Park,Vascular Plant,Asparagales,Asparagaceae,Harvest Brodiaea,nan
Lassen Volcanic National Park,Vascular Plant,Asparagales,Asparagaceae,Indian Valley Brodiaea,nan
Lassen Volcanic National Park,Vascular Plant,Asparagales,Asparagaceae,"Common Camas, Small Camas",nan
Lassen Volcanic National Park,Vascular Plant,Asparagales,Asparagaceae,Common Camas,Uncommon
Lassen Volcanic National Park,Vascular Plant,Asparagales,Asparagaceae,Fork-Toothed Ookow,Rare
Lassen Volcanic National Park,Vascular Plant,Asparagales,Asparagaceae,White Hastingsia,nan
Lassen Volcanic National Park,Vascular Plant,Asparagales,Asparagaceae,Western False Solomon's-Seal,Uncommon
Lassen Volcanic National Park,Vascular Plant,Asparagales,Asparagaceae,Star-Flowered False Solomon's-Seal,Common
Lassen Volcanic National Park,Vascular Plant,Asparagales,Asparagaceae,Wild Hyacinth,Uncommon
Lassen Volcanic National Park,Vascular Plant,Asparagales,Asparagaceae,Mountain Triteleia,Uncommon
Lassen Volcanic National Park,Vascular Plant,Asparagales,Iridaceae,Slender-Tubed Iris,Rare
Lassen Volcanic National Park,Vascular Plant,Asparagales,Iridaceae,"Blueeyed Grass, Blue-Eyed Grass",nan
Lassen Volcanic National Park,Vascular Plant,Asparagales,Iridaceae,Blue-Eyed-Grass,Rare
Lassen Volcanic National Park,Vascular Plant,Asparagales,Iridaceae,"Elmer's Blueeyed Grass, Elmer's Blue-Eyed Grass, Elmer's Blue-Eyed-Grass",nan
Lassen Volcanic National Park,Vascular Plant,Asparagales,Iridaceae,Idaho Blue-Eyed-Grass,Uncommon
Lassen Volcanic National Park,Vascular Plant,Asparagales,Orchidaceae,Phantom Orchid,Uncommon
Lassen Volcanic National Park,Vascular Plant,Asparagales,Orchidaceae,Spotted Coralroot,Common
Lassen Volcanic National Park,Vascular Plant,Asparagales,Orchidaceae,Lady's Slipper,nan
Lassen Volcanic National Park,Vascular Plant,Asparagales,Orchidaceae,Rattlesnake-Plantain,Uncommon
Lassen Volcanic National Park,Vascular Plant,Asparagales,Orchidaceae,Broad-Leaved Twayblade,Uncommon
Lassen Volcanic National Park,Vascular Plant,Asparagales,Orchidaceae,Alaska Rein Orchid,Uncommon
Lassen Volcanic National Park,Vascular Plant,Asparagales,Orchidaceae,White Bog Orchid,Common
Lassen Volcanic National Park,Vascular Plant,Asparagales,Orchidaceae,Sparse-Flowered Bog Orchid,Uncommon
Lassen Volcanic National Park,Vascular Plant,Asparagales,Orchidaceae,Western Ladies-Tresses,Uncommon
Lassen Volcanic National Park,Vascular Plant,Asterales,Asteraceae,Yarrow,Abundant
Lassen Volcanic National Park,Vascular Plant,Asterales,Asteraceae,Trailplant,Common
Lassen Volcanic National Park,Vascular Plant,Asterales,Asteraceae,Western Eupatorium,Uncommon
Lassen Volcanic National Park,Vascular Plant,Asterales,Asteraceae,Orange-Flowered Agoseris,Uncommon
Lassen Volcanic National Park,Vascular Plant,Asterales,Asteraceae,Mountain Agoseris,Common
Lassen Volcanic National Park,Vascular Plant,Asterales,Asteraceae,Large-Flowered Agoseris,Uncommon
Lassen Volcanic National Park,Vascular Plant,Asterales,Asteraceae,Annual Agoseris,Rare
Lassen Volcanic National Park,Vascular Plant,Asterales,Asteraceae,Spear-Leaved Agoseris,Uncommon
Lassen Volcanic National Park,Vascular Plant,Asterales,Asteraceae,Western Ragweed,nan
Lassen Volcanic National Park,Vascular Plant,Asterales,Asteraceae,Pearly-Everlasting,Common
Lassen Volcanic National Park,Vascular Plant,Asterales,Asteraceae,Meadow Pussytoes,Rare
Lassen Volcanic National Park,Vascular Plant,Asterales,Asteraceae,Cushion Pussytoes,Rare
Lassen Volcanic National Park,Vascular Plant,Asterales,Asteraceae,Geyer's Pussytoes,Uncommon
Lassen Volcanic National Park,Vascular Plant,Asterales,Asteraceae,Alpine Pussytoes,Uncommon
Lassen Volcanic National Park,Vascular Plant,Asterales,Asteraceae,"Rosy Pussytoes, Rosy Pussy-Toes",nan
Lassen Volcanic National Park,Vascular Plant,Asterales,Asteraceae,Rosy Pussytoes,Uncommon
Lassen Volcanic National Park,Vascular Plant,Asterales,Asteraceae,Chamisso Arnica,nan
Lassen Volcanic National Park,Vascular Plant,Asterales,Asteraceae,Meadow Arnica,Uncommon
Lassen Volcanic National Park,Vascular Plant,Asterales,Asteraceae,Heart-Leaved Arnica,Rare
Lassen Volcanic National Park,Vascular Plant,Asterales,Asteraceae,Rayless Arnica,Rare
Lassen Volcanic National Park,Vascular Plant,Asterales,Asteraceae,Seep-Spring Arnica,Common
Lassen Volcanic National Park,Vascular Plant,Asterales,Asteraceae,Cordilleran Arnica,Uncommon
Lassen Volcanic National Park,Vascular Plant,Asterales,Asteraceae,Sierra Arnica,Uncommon
Lassen Volcanic National Park,Vascular Plant,Asterales,Asteraceae,Dwarf Sagebrush,Rare
Lassen Volcanic National Park,Vascular Plant,Asterales,Asteraceae,Mugwort,Common
Lassen Volcanic National Park,Vascular Plant,Asterales,Asteraceae,"Big Sagebrush, Big Sagebush",nan
Lassen Volcanic National Park,Vascular Plant,Asterales,Asteraceae,Big Sagebrush,Rare
Lassen Volcanic National Park,Vascular Plant,Asterales,Asteraceae,Aster,nan
Lassen Volcanic National Park,Vascular Plant,Asterales,Asteraceae,None,nan
Lassen Volcanic National Park,Vascular Plant,Asterales,Asteraceae,Alpine Aster,Common
Lassen Volcanic National Park,Vascular Plant,Asterales,Asteraceae,Brewer's Aster,Uncommon
Lassen Volcanic National Park,Vascular Plant,Asterales,Asteraceae,Eaton's Aster,Uncommon
Lassen Volcanic National Park,Vascular Plant,Asterales,Asteraceae,None,nan
Lassen Volcanic National Park,Vascular Plant,Asterales,Asteraceae,Parry's Aster,Uncommon
Lassen Volcanic National Park,Vascular Plant,Asterales,Asteraceae,Short-Rayed Alkali Aster,Rare
Lassen Volcanic National Park,Vascular Plant,Asterales,Asteraceae,Entire-Leaved Aster,Uncommon
Lassen Volcanic National Park,Vascular Plant,Asterales,Asteraceae,Western Aster,nan
Lassen Volcanic National Park,Vascular Plant,Asterales,Asteraceae,Western Aster,Abundant
Lassen Volcanic National Park,Vascular Plant,Asterales,Asteraceae,Yosemite Aster,Uncommon
Lassen Volcanic National Park,Vascular Plant,Asterales,Asteraceae,Sunflowers,nan
Lassen Volcanic National Park,Vascular Plant,Asterales,Asteraceae,Arrow-Leaved Balsamroot,Uncommon
Lassen Volcanic National Park,Vascular Plant,Asterales,Asteraceae,"Bur Marigold, Nodding Beggartick, Nodding Beggarticks, Nodding Bur Marigold, Nodding Burmarigold, Nodding Bur-Marigold, Nodding Burr-Marigold, Sticktight",nan
Lassen Volcanic National Park,Vascular Plant,Asterales,Asteraceae,Nodding Bur-Marigold,Rare
Lassen Volcanic National Park,Vascular Plant,Asterales,Asteraceae,Large-Flowered Brickellbush,Uncommon
Lassen Volcanic National Park,Vascular Plant,Asterales,Asteraceae,Greene's Brickellbush,Common
Lassen Volcanic National Park,Vascular Plant,Asterales,Asteraceae,"Chardon Penche, Musk Thistle, Nodding Plumeless Thistle, Nodding Plumeless-Thistle, Nodding Thistle, Plumeless Thistle",Unknown
Lassen Volcanic National Park,Vascular Plant,Asterales,Asteraceae,Yellow Star-Thistle,nan
Lassen Volcanic National Park,Vascular Plant,Asterales,Asteraceae,Dusty-Maidens,Uncommon
Lassen Volcanic National Park,Vascular Plant,Asterales,Asteraceae,Sierra Chaenactis,Uncommon
Lassen Volcanic National Park,Vascular Plant,Asterales,Asteraceae,Common Pineapple-Weed,Uncommon
Lassen Volcanic National Park,Vascular Plant,Asterales,Asteraceae,Rabbitbrush,nan
Lassen Volcanic National Park,Vascular Plant,Asterales,Asteraceae,White-Stemmed Rabbitbrush,Common
Lassen Volcanic National Park,Vascular Plant,Asterales,Asteraceae,None,nan
Lassen Volcanic National Park,Vascular Plant,Asterales,Asteraceae,Parry's Rabbitbrush,Uncommon
Lassen Volcanic National Park,Vascular Plant,Asterales,Asteraceae,Yellow Rabbitbrush,nan
Lassen Volcanic National Park,Vascular Plant,Asterales,Asteraceae,Chicory,nan
Lassen Volcanic National Park,Vascular Plant,Asterales,Asteraceae,Thistle,nan
Lassen Volcanic National Park,Vascular Plant,Asterales,Asteraceae,Anderson's Thistle,Common
Lassen Volcanic National Park,Vascular Plant,Asterales,Asteraceae,Douglas' Thistle,nan
Lassen Volcanic National Park,Vascular Plant,Asterales,Asteraceae,Swamp Thistle,Uncommon
Lassen Volcanic National Park,Vascular Plant,Asterales,Asteraceae,Dwarf Thistle,Uncommon
Lassen Volcanic National Park,Vascular Plant,Asterales,Asteraceae,Bull Thistle,Uncommon
Lassen Volcanic National Park,Vascular Plant,Asterales,Asteraceae,Canadian Horseweed,Uncommon
Lassen Volcanic National Park,Vascular Plant,Asterales,Asteraceae,Long-Leaved Hawk's-Beard,Rare
Lassen Volcanic National Park,Vascular Plant,Asterales,Asteraceae,Smooth Hawk's-Beard,Uncommon
Lassen Volcanic National Park,Vascular Plant,Asterales,Asteraceae,Mountain Hawk's-Beard,Uncommon
Lassen Volcanic National Park,Vascular Plant,Asterales,Asteraceae,"Dwarf Alpine Hawksbeard, Small Hawksbeard, Tiny Hawksbeard",Rare
Lassen Volcanic National Park,Vascular Plant,Asterales,Asteraceae,Western Hawk's-Beard,Uncommon
Lassen Volcanic National Park,Vascular Plant,Asterales,Asteraceae,Naked-Stemmed Hawk's-Beard,nan
Lassen Volcanic National Park,Vascular Plant,Asterales,Asteraceae,Bloomer's Goldenbush,Uncommon
Lassen Volcanic National Park,Vascular Plant,Asterales,Asteraceae,Greene's Goldenbush,Uncommon
Lassen Volcanic National Park,Vascular Plant,Asterales,Asteraceae,"Daisy, Fleabane",nan
Lassen Volcanic National Park,Vascular Plant,Asterales,Asteraceae,"Bitter Daisy, Bitter Fleabane, Blue Fleabane",nan
Lassen Volcanic National Park,Vascular Plant,Asterales,Asteraceae,Shining Daisy,nan
Lassen Volcanic National Park,Vascular Plant,Asterales,Asteraceae,Brewer's Daisy,nan
Lassen Volcanic National Park,Vascular Plant,Asterales,Asteraceae,Cut-Leaved Daisy,Uncommon
Lassen Volcanic National Park,Vascular Plant,Asterales,Asteraceae,Coulter's Daisy,Uncommon
Lassen Volcanic National Park,Vascular Plant,Asterales,Asteraceae,Volcanic Daisy,Rare
Lassen Volcanic National Park,Vascular Plant,Asterales,Asteraceae,California Rayless Daisy,Uncommon
Lassen Volcanic National Park,Vascular Plant,Asterales,Asteraceae,Mt. Lassen Fleabane,Rare
Lassen Volcanic National Park,Vascular Plant,Asterales,Asteraceae,Wandering Daisy,Common
Lassen Volcanic National Park,Vascular Plant,Asterales,Asteraceae,Yarrow-Leaved Woolly-Sunflower,Uncommon
Lassen Volcanic National Park,Vascular Plant,Asterales,Asteraceae,Fort Tejon Woolly Sunflower,nan
Lassen Volcanic National Park,Vascular Plant,Asterales,Asteraceae,Oregon Sunshine,Uncommon
Lassen Volcanic National Park,Vascular Plant,Asterales,Asteraceae,Small-Headed Cudweed,Uncommon
Lassen Volcanic National Park,Vascular Plant,Asterales,Asteraceae,Weedy Cudweed,nan
Lassen Volcanic National Park,Vascular Plant,Asterales,Asteraceae,Western Marsh Cudweed,Uncommon
Lassen Volcanic National Park,Vascular Plant,Asterales,Asteraceae,Whitney's Hazardia,nan
Lassen Volcanic National Park,Vascular Plant,Asterales,Asteraceae,Bigelow's Sneezeweed,Common
Lassen Volcanic National Park,Vascular Plant,Asterales,Asteraceae,California Helianthella,Uncommon
Lassen Volcanic National Park,Vascular Plant,Asterales,Asteraceae,Bolander's Sunflower,nan
Lassen Volcanic National Park,Vascular Plant,Asterales,Asteraceae,White-Flowered Hawkweed,Abundant
Lassen Volcanic National Park,Vascular Plant,Asterales,Asteraceae,Bolander's Hawkweed,Rare
Lassen Volcanic National Park,Vascular Plant,Asterales,Asteraceae,Alpine Hawkweed,Uncommon
Lassen Volcanic National Park,Vascular Plant,Asterales,Asteraceae,Greene's Hawkweed,nan
Lassen Volcanic National Park,Vascular Plant,Asterales,Asteraceae,Shaggy Hawkweed,Uncommon
Lassen Volcanic National Park,Vascular Plant,Asterales,Asteraceae,Hawkweed,Uncommon
Lassen Volcanic National Park,Vascular Plant,Asterales,Asteraceae,Bare-Stemmed Hawkweed,Uncommon
Lassen Volcanic National Park,Vascular Plant,Asterales,Asteraceae,Scouler's Hawkweed,Uncommon
Lassen Volcanic National Park,Vascular Plant,Asterales,Asteraceae,Pacific Hulsea,nan
Lassen Volcanic National Park,Vascular Plant,Asterales,Asteraceae,Dwarf Hulsea,Rare
Lassen Volcanic National Park,Vascular Plant,Asterales,Asteraceae,Prickly Lettuce,Uncommon
Lassen Volcanic National Park,Vascular Plant,Asterales,Asteraceae,Oxeye-Daisy,Uncommon
Lassen Volcanic National Park,Vascular Plant,Asterales,Asteraceae,Shasta Tansy-Aster,Common
Lassen Volcanic National Park,Vascular Plant,Asterales,Asteraceae,Bolander's Tarweed,Uncommon
Lassen Volcanic National Park,Vascular Plant,Asterales,Asteraceae,Shasta Tarweed,Uncommon
Lassen Volcanic National Park,Vascular Plant,Asterales,Asteraceae,Common Media,nan
Lassen Volcanic National Park,Vascular Plant,Asterales,Asteraceae,Mountain Tarweed,Uncommon
Lassen Volcanic National Park,Vascular Plant,Asterales,Asteraceae,Slender Tarweed,Uncommon
Lassen Volcanic National Park,Vascular Plant,Asterales,Asteraceae,Dwarf Media,Uncommon
Lassen Volcanic National Park,Vascular Plant,Asterales,Asteraceae,Nodding Microceris,Abundant
Lassen Volcanic National Park,Vascular Plant,Asterales,Asteraceae,Silky Raillardella,Uncommon
Lassen Volcanic National Park,Vascular Plant,Asterales,Asteraceae,Green-Leaved Raillardella,Rare
Lassen Volcanic National Park,Vascular Plant,Asterales,Asteraceae,"Groundsel, Ragwort",nan
Lassen Volcanic National Park,Vascular Plant,Asterales,Asteraceae,Rayless Ragwort,Abundant
Lassen Volcanic National Park,Vascular Plant,Asterales,Asteraceae,Woolly Ragwort,Uncommon
Lassen Volcanic National Park,Vascular Plant,Asterales,Asteraceae,Dwarf Mountain Ragwort,Uncommon
Lassen Volcanic National Park,Vascular Plant,Asterales,Asteraceae,Alkali-Marsh Ragwort,Rare
Lassen Volcanic National Park,Vascular Plant,Asterales,Asteraceae,Ragwort,nan
Lassen Volcanic National Park,Vascular Plant,Asterales,Asteraceae,Rayless Alpine Ragwort,Rare
Lassen Volcanic National Park,Vascular Plant,Asterales,Asteraceae,Sierra Ragwort,Common
Lassen Volcanic National Park,Vascular Plant,Asterales,Asteraceae,Arrow-Leaved Ragwort,Abundant
Lassen Volcanic National Park,Vascular Plant,Asterales,Asteraceae,"Canada Goldenrod, Canadian Goldenrod, Common Goldenrod",nan
Lassen Volcanic National Park,Vascular Plant,Asterales,Asteraceae,Canadian Goldenrod,Uncommon
Lassen Volcanic National Park,Vascular Plant,Asterales,Asteraceae,Prickly Sow-Thistle,Rare
Lassen Volcanic National Park,Vascular Plant,Asterales,Asteraceae,Common Sow-Thistle,nan
Lassen Volcanic National Park,Vascular Plant,Asterales,Asteraceae,Large-Flowered Stephanomeria,Abundant
Lassen Volcanic National Park,Vascular Plant,Asterales,Asteraceae,Wire-Lettuce,Rare
Lassen Volcanic National Park,Vascular Plant,Asterales,Asteraceae,Common Dandelion,Abundant
Lassen Volcanic National Park,Vascular Plant,Asterales,Asteraceae,Yellow Salisify,Uncommon
Lassen Volcanic National Park,Vascular Plant,Asterales,Asteraceae,Bitter Boreal Daisy,nan
Lassen Volcanic National Park,Vascular Plant,Asterales,Asteraceae,Northern-Daisy,Uncommon
Lassen Volcanic National Park,Vascular Plant,Asterales,Asteraceae,Whitneya,Common
Lassen Volcanic National Park,Vascular Plant,Asterales,Asteraceae,Woolly Mule's-Ears,Common
Lassen Volcanic National Park,Vascular Plant,Asterales,Campanulaceae,Rough Harebell,Uncommon
Lassen Volcanic National Park,Vascular Plant,Asterales,Campanulaceae,Scouler's Harebell,nan
Lassen Volcanic National Park,Vascular Plant,Asterales,Campanulaceae,Cascade Downingia,Rare
Lassen Volcanic National Park,Vascular Plant,Asterales,Campanulaceae,Heterocodon,Rare
Lassen Volcanic National Park,Vascular Plant,Asterales,Campanulaceae,Porterella,Uncommon
Lassen Volcanic National Park,Vascular Plant,Asterales,Menyanthaceae,Buck-Bean,Common
Lassen Volcanic National Park,Vascular Plant,Boraginales,Boraginaceae,Small-Flowered Fiddleneck,nan
Lassen Volcanic National Park,Vascular Plant,Boraginales,Boraginaceae,None,nan
Lassen Volcanic National Park,Vascular Plant,Boraginales,Boraginaceae,Side-Grooved Cryptantha,Common
Lassen Volcanic National Park,Vascular Plant,Boraginales,Boraginaceae,"Basin Catseye, Wilkes' Cryptantha",Uncommon
Lassen Volcanic National Park,Vascular Plant,Boraginales,Boraginaceae,Pine Cryptantha,Common
Lassen Volcanic National Park,Vascular Plant,Boraginales,Boraginaceae,Sierra Perennial Cryptantha,Uncommon
Lassen Volcanic National Park,Vascular Plant,Boraginales,Boraginaceae,Torrey's Cryptantha,Common
Lassen Volcanic National Park,Vascular Plant,Boraginales,Boraginaceae,Western Hound's-Tongue,Uncommon
Lassen Volcanic National Park,Vascular Plant,Boraginales,Boraginaceae,Stickseed,nan
Lassen Volcanic National Park,Vascular Plant,Boraginales,Boraginaceae,California Stickseed,Abundant
Lassen Volcanic National Park,Vascular Plant,Boraginales,Boraginaceae,Small-Flowered Stickseed,Abundant
Lassen Volcanic National Park,Vascular Plant,Boraginales,Boraginaceae,Sierra Stickseed,Uncommon
Lassen Volcanic National Park,Vascular Plant,Boraginales,Boraginaceae,Velvet Stickseed,nan
Lassen Volcanic National Park,Vascular Plant,Boraginales,Boraginaceae,Sagebrush Bluebells,nan
Lassen Volcanic National Park,Vascular Plant,Boraginales,Boraginaceae,Lobb's Nama,Common
Lassen Volcanic National Park,Vascular Plant,Boraginales,Boraginaceae,Coginate Popcorn-Flower,Uncommon
Lassen Volcanic National Park,Vascular Plant,Boraginales,Boraginaceae,Harsh Popcorn-Flower,Common
Lassen Volcanic National Park,Vascular Plant,Boraginales,Boraginaceae,Cascade Popcorn-Flower,Uncommon
Lassen Volcanic National Park,Vascular Plant,Boraginales,Hydrophyllaceae,Dwarf Hesperochiron,nan
Lassen Volcanic National Park,Vascular Plant,Boraginales,Hydrophyllaceae,California Waterleaf,Common
Lassen Volcanic National Park,Vascular Plant,Boraginales,Hydrophyllaceae,Austin's Nemophila,nan
Lassen Volcanic National Park,Vascular Plant,Boraginales,Hydrophyllaceae,Meadow Nemophila,Common
Lassen Volcanic National Park,Vascular Plant,Boraginales,Hydrophyllaceae,Sierran Nemophila,Uncommon
Lassen Volcanic National Park,Vascular Plant,Boraginales,Hydrophyllaceae,Scorpion-Weed,nan
Lassen Volcanic National Park,Vascular Plant,Boraginales,Hydrophyllaceae,Timberline Phacelia,Uncommon
Lassen Volcanic National Park,Vascular Plant,Boraginales,Hydrophyllaceae,Waterleaf Phacelia,Uncommon
Lassen Volcanic National Park,Vascular Plant,Boraginales,Hydrophyllaceae,Lthread-Leaved Phacelia,nan
Lassen Volcanic National Park,Vascular Plant,Boraginales,Hydrophyllaceae,Changeable Scorpionweed,Abundant
Lassen Volcanic National Park,Vascular Plant,Boraginales,Hydrophyllaceae,Tall Phacelia,Uncommon
Lassen Volcanic National Park,Vascular Plant,Boraginales,Hydrophyllaceae,Racemose Scorpionweed,Uncommon
Lassen Volcanic National Park,Vascular Plant,Brassicales,Brassicaceae,Brewer's Rockcress,nan
Lassen Volcanic National Park,Vascular Plant,Brassicales,Brassicaceae,Brewer's Rockcress,Rare
Lassen Volcanic National Park,Vascular Plant,Brassicales,Brassicaceae,San Bernardino Rock Cress,nan
Lassen Volcanic National Park,Vascular Plant,Brassicales,Brassicaceae,"Tower Rockcress, Tower-Mustard",nan
Lassen Volcanic National Park,Vascular Plant,Brassicales,Brassicaceae,Tower-Mustard,Uncommon
Lassen Volcanic National Park,Vascular Plant,Brassicales,Brassicaceae,Pine Rockcress,Common
Lassen Volcanic National Park,Vascular Plant,Brassicales,Brassicaceae,Holboell's Rockcress,Uncommon
Lassen Volcanic National Park,Vascular Plant,Brassicales,Brassicaceae,"Lemmon Rockcress, Lemmon's Rockcress",nan
Lassen Volcanic National Park,Vascular Plant,Brassicales,Brassicaceae,Depauperate Rockcress,Uncommon
Lassen Volcanic National Park,Vascular Plant,Brassicales,Brassicaceae,Lemmon's Rockcress,Uncommon
Lassen Volcanic National Park,Vascular Plant,Brassicales,Brassicaceae,Lyall's Rockcress,Uncommon
Lassen Volcanic National Park,Vascular Plant,Brassicales,Brassicaceae,Rockcress,Uncommon
Lassen Volcanic National Park,Vascular Plant,Brassicales,Brassicaceae,Howell's Rockcress,Uncommon
Lassen Volcanic National Park,Vascular Plant,Brassicales,Brassicaceae,Broad-Seeded Rockcress,Uncommon
Lassen Volcanic National Park,Vascular Plant,Brassicales,Brassicaceae,Bristly-Leaved Rockcress,Uncommon
Lassen Volcanic National Park,Vascular Plant,Brassicales,Brassicaceae,Elegant Rockcress,Uncommon
Lassen Volcanic National Park,Vascular Plant,Brassicales,Brassicaceae,Woody Rockcress,Uncommon
Lassen Volcanic National Park,Vascular Plant,Brassicales,Brassicaceae,American Wintercress,Common
Lassen Volcanic National Park,Vascular Plant,Brassicales,Brassicaceae,Shepherd's-Purse,Uncommon
Lassen Volcanic National Park,Vascular Plant,Brassicales,Brassicaceae,Alpine Bittercress,Uncommon
Lassen Volcanic National Park,Vascular Plant,Brassicales,Brassicaceae,"Brewer Bittercress, Brewer's Bittercress",nan
Lassen Volcanic National Park,Vascular Plant,Brassicales,Brassicaceae,Brewer's Bittercress,Uncommon
Lassen Volcanic National Park,Vascular Plant,Brassicales,Brassicaceae,Tansy-Mustard,nan
Lassen Volcanic National Park,Vascular Plant,Brassicales,Brassicaceae,Alberta Whitlow-Grass,Uncommon
Lassen Volcanic National Park,Vascular Plant,Brassicales,Brassicaceae,Golden Draba,Rare
Lassen Volcanic National Park,Vascular Plant,Brassicales,Brassicaceae,Brewer's Whitlow-Grass,Rare
Lassen Volcanic National Park,Vascular Plant,Brassicales,Brassicaceae,Contra Costa Wallflower,nan
Lassen Volcanic National Park,Vascular Plant,Brassicales,Brassicaceae,Western Wallflower,Common
Lassen Volcanic National Park,Vascular Plant,Brassicales,Brassicaceae,Wallflower,nan
Lassen Volcanic National Park,Vascular Plant,Brassicales,Brassicaceae,Mediterranean Hoary-Mustard,nan
Lassen Volcanic National Park,Vascular Plant,Brassicales,Brassicaceae,Variable-Leaved Pepperwort,Rare
Lassen Volcanic National Park,Vascular Plant,Brassicales,Brassicaceae,Western Bladderpod,Uncommon
Lassen Volcanic National Park,Vascular Plant,Brassicales,Brassicaceae,Common Phoenicaulis,Rare
Lassen Volcanic National Park,Vascular Plant,Brassicales,Brassicaceae,Western Yellowcress,Common
Lassen Volcanic National Park,Vascular Plant,Brassicales,Brassicaceae,Oriental Hedgemustard,nan
Lassen Volcanic National Park,Vascular Plant,Brassicales,Brassicaceae,Lassen Peak Smelowskia,Rare
Lassen Volcanic National Park,Vascular Plant,Brassicales,Brassicaceae,Mountain Jewelflower,Common
Lassen Volcanic National Park,Vascular Plant,Brassicales,Brassicaceae,"American Awlwort, Waterawlwort",nan
Lassen Volcanic National Park,Vascular Plant,Brassicales,Brassicaceae,American Awlwort,Rare
Lassen Volcanic National Park,Vascular Plant,Brassicales,Limnanthaceae,False Mermaid,Common
Lassen Volcanic National Park,Vascular Plant,Caryophyllales,Amaranthaceae,Mat Amaranth,nan
Lassen Volcanic National Park,Vascular Plant,Caryophyllales,Amaranthaceae,Goosefoot,nan
Lassen Volcanic National Park,Vascular Plant,Caryophyllales,Amaranthaceae,Lamb's-Quarters,nan
Lassen Volcanic National Park,Vascular Plant,Caryophyllales,Amaranthaceae,Dark-Green Goosefoot,Uncommon
Lassen Volcanic National Park,Vascular Plant,Caryophyllales,Amaranthaceae,Jerusalem-Oak,Uncommon
Lassen Volcanic National Park,Vascular Plant,Caryophyllales,Amaranthaceae,Masked Goosefoot,Rare
Lassen Volcanic National Park,Vascular Plant,Caryophyllales,Amaranthaceae,Thin-Leaved Goosefoot,nan
Lassen Volcanic National Park,Vascular Plant,Caryophyllales,Amaranthaceae,Tasmanian Goosefoot,Rare
Lassen Volcanic National Park,Vascular Plant,Caryophyllales,Amaranthaceae,Nuttall's Poverty-Weed,Rare
Lassen Volcanic National Park,Vascular Plant,Caryophyllales,Caryophyllaceae,Ball-Headed Sandwort,Rare
Lassen Volcanic National Park,Vascular Plant,Caryophyllales,Caryophyllaceae,King's Sandwort,Uncommon
Lassen Volcanic National Park,Vascular Plant,Caryophyllales,Caryophyllaceae,Pinks,nan
Lassen Volcanic National Park,Vascular Plant,Caryophyllales,Caryophyllaceae,"Common Chickweed, Common Mouse-Ear Chickweed, Mouse-Ear Chickweed",nan
Lassen Volcanic National Park,Vascular Plant,Caryophyllales,Caryophyllaceae,Common Mouse-Eared Chickweed,Uncommon
Lassen Volcanic National Park,Vascular Plant,Caryophyllales,Caryophyllaceae,Herniaria,nan
Lassen Volcanic National Park,Vascular Plant,Caryophyllales,Caryophyllaceae,Nuttall's Sandwort,Common
Lassen Volcanic National Park,Vascular Plant,Caryophyllales,Caryophyllaceae,Sticky-Starwort,nan
Lassen Volcanic National Park,Vascular Plant,Caryophyllales,Caryophyllaceae,Alpine Pearlwort,Abundant
Lassen Volcanic National Park,Vascular Plant,Caryophyllales,Caryophyllaceae,Palmer's Catchfly,Common
Lassen Volcanic National Park,Vascular Plant,Caryophyllales,Caryophyllaceae,Douglas' Campion,Common
Lassen Volcanic National Park,Vascular Plant,Caryophyllales,Caryophyllaceae,Short-Petalled Campion,Common
Lassen Volcanic National Park,Vascular Plant,Caryophyllales,Caryophyllaceae,Lemmon's Catchfly,Abundant
Lassen Volcanic National Park,Vascular Plant,Caryophyllales,Caryophyllaceae,Western Catchfly,Uncommon
Lassen Volcanic National Park,Vascular Plant,Caryophyllales,Caryophyllaceae,Cascade Alpine Catchfly,Uncommon
Lassen Volcanic National Park,Vascular Plant,Caryophyllales,Caryophyllaceae,Ruby Sandspurry,Common
Lassen Volcanic National Park,Vascular Plant,Caryophyllales,Caryophyllaceae,Starwort,nan
Lassen Volcanic National Park,Vascular Plant,Caryophyllales,Caryophyllaceae,Boreal Starwort,nan
Lassen Volcanic National Park,Vascular Plant,Caryophyllales,Caryophyllaceae,Boreal Starwort,Uncommon
Lassen Volcanic National Park,Vascular Plant,Caryophyllales,Caryophyllaceae,Northern Bog Starwort,Rare
Lassen Volcanic National Park,Vascular Plant,Caryophyllales,Caryophyllaceae,Ruffled Starwort,Uncommon
Lassen Volcanic National Park,Vascular Plant,Caryophyllales,Caryophyllaceae,"Longstalk Starwort, Long-Stalk Starwort",nan
Lassen Volcanic National Park,Vascular Plant,Caryophyllales,Caryophyllaceae,Long-Stalked Starwort,Abundant
Lassen Volcanic National Park,Vascular Plant,Caryophyllales,Caryophyllaceae,Common Chickweed,nan
Lassen Volcanic National Park,Vascular Plant,Caryophyllales,Caryophyllaceae,Obtuse Starwort,Common
Lassen Volcanic National Park,Vascular Plant,Caryophyllales,Droseraceae,Long-Leaved Sundew,Uncommon
Lassen Volcanic National Park,Vascular Plant,Caryophyllales,Droseraceae,Round-Leafed Sundew,Uncommon
Lassen Volcanic National Park,Vascular Plant,Caryophyllales,Montiaceae,Redmaids,Rare
Lassen Volcanic National Park,Vascular Plant,Caryophyllales,Montiaceae,One-Seeded Pussypaws,Uncommon
Lassen Volcanic National Park,Vascular Plant,Caryophyllales,Montiaceae,Pussypaws,Abundant
Lassen Volcanic National Park,Vascular Plant,Caryophyllales,Montiaceae,Western Springbeauty,Abundant
Lassen Volcanic National Park,Vascular Plant,Caryophyllales,Montiaceae,Sierra Springbeauty,Rare
Lassen Volcanic National Park,Vascular Plant,Caryophyllales,Montiaceae,Red-Stemmed Miner's-Lettuce,Abundant
Lassen Volcanic National Park,Vascular Plant,Caryophyllales,Montiaceae,Bitterroot,nan
Lassen Volcanic National Park,Vascular Plant,Caryophyllales,Montiaceae,Sierra Lewisia,Common
Lassen Volcanic National Park,Vascular Plant,Caryophyllales,Montiaceae,Three-Leaved Lewisia,Abundant
Lassen Volcanic National Park,Vascular Plant,Caryophyllales,Montiaceae,Toad-Lily,Common
Lassen Volcanic National Park,Vascular Plant,Caryophyllales,Montiaceae,Water Montia,Common
Lassen Volcanic National Park,Vascular Plant,Caryophyllales,Montiaceae,Linear-Leaved Montia,Uncommon
Lassen Volcanic National Park,Vascular Plant,Caryophyllales,Polygonaceae,"Buckwheat, Wild Buckwheat",nan
Lassen Volcanic National Park,Vascular Plant,Caryophyllales,Polygonaceae,Marum-Leaved Buckwheat,Abundant
Lassen Volcanic National Park,Vascular Plant,Caryophyllales,Polygonaceae,Mouse Buckwheat,nan
Lassen Volcanic National Park,Vascular Plant,Caryophyllales,Polygonaceae,Hairy-Flowered Buckwheat,Common
Lassen Volcanic National Park,Vascular Plant,Caryophyllales,Polygonaceae,Cushion Buckwheat,Uncommon
Lassen Volcanic National Park,Vascular Plant,Caryophyllales,Polygonaceae,Wintergreen-Leaved Buckwheat,Uncommon
Lassen Volcanic National Park,Vascular Plant,Caryophyllales,Polygonaceae,Mt. Rose Buckwheat,Uncommon
Lassen Volcanic National Park,Vascular Plant,Caryophyllales,Polygonaceae,Spurry Buckwheat,Common
Lassen Volcanic National Park,Vascular Plant,Caryophyllales,Polygonaceae,Sulfur-Flower,Common
Lassen Volcanic National Park,Vascular Plant,Caryophyllales,Polygonaceae,Sierra Sulfur-Flower,Common
Lassen Volcanic National Park,Vascular Plant,Caryophyllales,Polygonaceae,Many-Flowered Sulfur-Flower,Common
Lassen Volcanic National Park,Vascular Plant,Caryophyllales,Polygonaceae,Bear Valley Buckwheat,Uncommon
Lassen Volcanic National Park,Vascular Plant,Caryophyllales,Polygonaceae,Mountain-Sorrel,Uncommon
Lassen Volcanic National Park,Vascular Plant,Caryophyllales,Polygonaceae,"Buckwheat, Knotweed",nan
Lassen Volcanic National Park,Vascular Plant,Caryophyllales,Polygonaceae,Water Smartweed,Common
Lassen Volcanic National Park,Vascular Plant,Caryophyllales,Polygonaceae,Common Knotweed,Uncommon
Lassen Volcanic National Park,Vascular Plant,Caryophyllales,Polygonaceae,Western Bistort,Common
Lassen Volcanic National Park,Vascular Plant,Caryophyllales,Polygonaceae,Davis' Knotweed,Common
Lassen Volcanic National Park,Vascular Plant,Caryophyllales,Polygonaceae,Douglas' Knotweed,nan
Lassen Volcanic National Park,Vascular Plant,Caryophyllales,Polygonaceae,Douglas' Knotweed,Common
Lassen Volcanic National Park,Vascular Plant,Caryophyllales,Polygonaceae,Johnston's Knotweed,Common
Lassen Volcanic National Park,Vascular Plant,Caryophyllales,Polygonaceae,Spurry Knotweed,nan
Lassen Volcanic National Park,Vascular Plant,Caryophyllales,Polygonaceae,Willow-Weed,Uncommon
Lassen Volcanic National Park,Vascular Plant,Caryophyllales,Polygonaceae,Leafy Dwarf Knotweed,Common
Lassen Volcanic National Park,Vascular Plant,Caryophyllales,Polygonaceae,Alpine Knotweed,Uncommon
Lassen Volcanic National Park,Vascular Plant,Caryophyllales,Polygonaceae,"Milkwort Knotweed, Polygala Knotweed, White-Margin Knotweed",nan
Lassen Volcanic National Park,Vascular Plant,Caryophyllales,Polygonaceae,Dense-Flowered Milkweed,Uncommon
Lassen Volcanic National Park,Vascular Plant,Caryophyllales,Polygonaceae,Kellogg's Knotweed,Abundant
Lassen Volcanic National Park,Vascular Plant,Caryophyllales,Polygonaceae,Shasta Knotweed,Uncommon
Lassen Volcanic National Park,Vascular Plant,Caryophyllales,Polygonaceae,Common Sheep Sorrel,Common
Lassen Volcanic National Park,Vascular Plant,Caryophyllales,Polygonaceae,Curly Dock,Uncommon
Lassen Volcanic National Park,Vascular Plant,Caryophyllales,Polygonaceae,Western Dock,Rare
Lassen Volcanic National Park,Vascular Plant,Caryophyllales,Polygonaceae,Willow Dock,nan
Lassen Volcanic National Park,Vascular Plant,Caryophyllales,Polygonaceae,Smooth-Valved Willow Dock,Uncommon
Lassen Volcanic National Park,Vascular Plant,Caryophyllales,Polygonaceae,Callose-Valved Willow Dock,Uncommon
Lassen Volcanic National Park,Vascular Plant,Celastrales,Celastraceae,California Grass-Of-Parnassus,Abundant
Lassen Volcanic National Park,Vascular Plant,Ceratophyllales,Ceratophyllaceae,Hornwort,nan
Lassen Volcanic National Park,Vascular Plant,Ceratophyllales,Ceratophyllaceae,Hornwort,nan
Lassen Volcanic National Park,Vascular Plant,Cornales,Cornaceae,Mountain Dogwood,nan
Lassen Volcanic National Park,Vascular Plant,Cornales,Cornaceae,"Redosier, Redosier Dogwood",nan
Lassen Volcanic National Park,Vascular Plant,Cornales,Cornaceae,American Dogwood,Uncommon
Lassen Volcanic National Park,Vascular Plant,Cornales,Loasaceae,Nada Stickleaf,Common
Lassen Volcanic National Park,Vascular Plant,Cornales,Loasaceae,Giant Blazingstar,nan
Lassen Volcanic National Park,Vascular Plant,Dipsacales,Adoxaceae,"Blue Elder, Blue Elderberry, Blueberry Elder, Mexican Elder",nan
Lassen Volcanic National Park,Vascular Plant,Dipsacales,Adoxaceae,Blue Elderberry,Uncommon
Lassen Volcanic National Park,Vascular Plant,Dipsacales,Adoxaceae,"European Red Elder, Red Elderberry, Scarlet Elderberry",nan
Lassen Volcanic National Park,Vascular Plant,Dipsacales,Adoxaceae,None,nan
Lassen Volcanic National Park,Vascular Plant,Dipsacales,Adoxaceae,Red Elderberry,Common
Lassen Volcanic National Park,Vascular Plant,Dipsacales,Adoxaceae,Red Elderberry,nan
Lassen Volcanic National Park,Vascular Plant,Dipsacales,Caprifoliaceae,Sweet-Berry Honeysuckle,Uncommon
Lassen Volcanic National Park,Vascular Plant,Dipsacales,Caprifoliaceae,Double Honeysuckle,Common
Lassen Volcanic National Park,Vascular Plant,Dipsacales,Caprifoliaceae,Twinberry,Uncommon
Lassen Volcanic National Park,Vascular Plant,Dipsacales,Caprifoliaceae,Creeping Snowberry,Common
Lassen Volcanic National Park,Vascular Plant,Dipsacales,Caprifoliaceae,Round-Leaved Snowberry,Common
Lassen Volcanic National Park,Vascular Plant,Dipsacales,Valerianaceae,California Valerian,Common
Lassen Volcanic National Park,Vascular Plant,Equisetales,Equisetaceae,Common Horsetail,Common
Lassen Volcanic National Park,Vascular Plant,Equisetales,Equisetaceae,Smooth Scouring-Rush,Rare
Lassen Volcanic National Park,Vascular Plant,Ericales,Ericaceae,Sugarstick,Rare
Lassen Volcanic National Park,Vascular Plant,Ericales,Ericaceae,"Bearberry, Manzanitas",nan
Lassen Volcanic National Park,Vascular Plant,Ericales,Ericaceae,Pinemat Manzanita,Abundant
Lassen Volcanic National Park,Vascular Plant,Ericales,Ericaceae,Green-Leaf Manzanita,Abundant
Lassen Volcanic National Park,Vascular Plant,Ericales,Ericaceae,Western Moss-Heather,Uncommon
Lassen Volcanic National Park,Vascular Plant,Ericales,Ericaceae,Little Prince's-Pine,Common
Lassen Volcanic National Park,Vascular Plant,Ericales,Ericaceae,Pipsissewa,Uncommon
Lassen Volcanic National Park,Vascular Plant,Ericales,Ericaceae,Alpine Wintergreen,Rare
Lassen Volcanic National Park,Vascular Plant,Ericales,Ericaceae,Bog-Laurel,Common
Lassen Volcanic National Park,Vascular Plant,Ericales,Ericaceae,Western Labrador-Tea,Common
Lassen Volcanic National Park,Vascular Plant,Ericales,Ericaceae,Sierra Laurel,nan
Lassen Volcanic National Park,Vascular Plant,Ericales,Ericaceae,One-Sided Wintergreen,Uncommon
Lassen Volcanic National Park,Vascular Plant,Ericales,Ericaceae,Brewer's Mountain-Heather,Common
Lassen Volcanic National Park,Vascular Plant,Ericales,Ericaceae,Fringed Pinesap,nan
Lassen Volcanic National Park,Vascular Plant,Ericales,Ericaceae,Pinedrops,Uncommon
Lassen Volcanic National Park,Vascular Plant,Ericales,Ericaceae,"Bog Wintergreen, Liverleaf Wintergreen, Pink Wintergreen",nan
Lassen Volcanic National Park,Vascular Plant,Ericales,Ericaceae,Bog Wintergreen,Uncommon
Lassen Volcanic National Park,Vascular Plant,Ericales,Ericaceae,White-Veined Wintergreen,Abundant
Lassen Volcanic National Park,Vascular Plant,Ericales,Ericaceae,Snowplant,Uncommon
Lassen Volcanic National Park,Vascular Plant,Ericales,Ericaceae,Dwarf Bilberry,Common
Lassen Volcanic National Park,Vascular Plant,Ericales,Ericaceae,Bog Blueberry,nan
Lassen Volcanic National Park,Vascular Plant,Ericales,Ericaceae,Western Blueberry,Common
Lassen Volcanic National Park,Vascular Plant,Ericales,Polemoniaceae,White Allophyllum,Uncommon
Lassen Volcanic National Park,Vascular Plant,Ericales,Polemoniaceae,Large-Flowered Collomia,Common
Lassen Volcanic National Park,Vascular Plant,Ericales,Polemoniaceae,Talus Collomia,Rare
Lassen Volcanic National Park,Vascular Plant,Ericales,Polemoniaceae,Narrow-Leaved Collomia,Common
Lassen Volcanic National Park,Vascular Plant,Ericales,Polemoniaceae,Yellow-Staining Collomia,Abundant
Lassen Volcanic National Park,Vascular Plant,Ericales,Polemoniaceae,Smooth-Leaved Gilia,Common
Lassen Volcanic National Park,Vascular Plant,Ericales,Polemoniaceae,Bridges' Gilia,Common
Lassen Volcanic National Park,Vascular Plant,Ericales,Polemoniaceae,Scarlet-Gilia,Common
Lassen Volcanic National Park,Vascular Plant,Ericales,Polemoniaceae,Ball-Headed Ipomopsis,Uncommon
Lassen Volcanic National Park,Vascular Plant,Ericales,Polemoniaceae,Prickly-Phlox,Common
Lassen Volcanic National Park,Vascular Plant,Ericales,Polemoniaceae,Whiskerbrush,Uncommon
Lassen Volcanic National Park,Vascular Plant,Ericales,Polemoniaceae,Harkness' Linanthus,Common
Lassen Volcanic National Park,Vascular Plant,Ericales,Polemoniaceae,Mountain Navarretia,Common
Lassen Volcanic National Park,Vascular Plant,Ericales,Polemoniaceae,Needle-Leaved Navarretia,Uncommon
Lassen Volcanic National Park,Vascular Plant,Ericales,Polemoniaceae,Great Basin Navarretia,nan
Lassen Volcanic National Park,Vascular Plant,Ericales,Polemoniaceae,"White-Flower Pincushion-Plant, Whitehead Navarretia",nan
Lassen Volcanic National Park,Vascular Plant,Ericales,Polemoniaceae,Least Navarretia,Rare
Lassen Volcanic National Park,Vascular Plant,Ericales,Polemoniaceae,Spreading Phlox,Abundant
Lassen Volcanic National Park,Vascular Plant,Ericales,Polemoniaceae,Slender Phlox,Common
Lassen Volcanic National Park,Vascular Plant,Ericales,Polemoniaceae,Moss Phlox,Rare
Lassen Volcanic National Park,Vascular Plant,Ericales,Polemoniaceae,Jacob's-Ladder,nan
Lassen Volcanic National Park,Vascular Plant,Ericales,Polemoniaceae,California Polemonium,Uncommon
Lassen Volcanic National Park,Vascular Plant,Ericales,Polemoniaceae,Sky Pilot,nan
Lassen Volcanic National Park,Vascular Plant,Ericales,Polemoniaceae,White-Flowered Polemonium,Uncommon
Lassen Volcanic National Park,Vascular Plant,Ericales,Primulaceae,Alpine Shootingstar,Abundant
Lassen Volcanic National Park,Vascular Plant,Ericales,Primulaceae,Tufted Yellow-Loosestrife,nan
Lassen Volcanic National Park,Vascular Plant,Ericales,Primulaceae,Pacific Starflower,nan
Lassen Volcanic National Park,Vascular Plant,Fabales,Fabaceae,Scotch Broom,nan
Lassen Volcanic National Park,Vascular Plant,Fabales,Fabaceae,Sierra Pea,Rare
Lassen Volcanic National Park,Vascular Plant,Fabales,Fabaceae,Bird's-Foot-Trefoil,nan
Lassen Volcanic National Park,Vascular Plant,Fabales,Fabaceae,Buck Lotus,Uncommon
Lassen Volcanic National Park,Vascular Plant,Fabales,Fabaceae,Sierra Lotus,Uncommon
Lassen Volcanic National Park,Vascular Plant,Fabales,Fabaceae,"Narrowleaf Trefoil, Streambank Bird's-Foot Trefoil, Streambank Bird's-Foot-Trefoil",nan
Lassen Volcanic National Park,Vascular Plant,Fabales,Fabaceae,Streambank Lotus,Common
Lassen Volcanic National Park,Vascular Plant,Fabales,Fabaceae,Lupine,nan
Lassen Volcanic National Park,Vascular Plant,Fabales,Fabaceae,Shasta Sickle-Keeled Lupine,nan
Lassen Volcanic National Park,Vascular Plant,Fabales,Fabaceae,Narrow-Leaved Lupine,Common
Lassen Volcanic National Park,Vascular Plant,Fabales,Fabaceae,Long-Spurred Lupine,Abundant
Lassen Volcanic National Park,Vascular Plant,Fabales,Fabaceae,Gray's Lupine,nan
Lassen Volcanic National Park,Vascular Plant,Fabales,Fabaceae,Pacific Lupine,nan
Lassen Volcanic National Park,Vascular Plant,Fabales,Fabaceae,Lobb's Lupine,Uncommon
Lassen Volcanic National Park,Vascular Plant,Fabales,Fabaceae,Stool Lupine,Uncommon
Lassen Volcanic National Park,Vascular Plant,Fabales,Fabaceae,Satin Lupine,Common
Lassen Volcanic National Park,Vascular Plant,Fabales,Fabaceae,Meadow Lupine,Common
Lassen Volcanic National Park,Vascular Plant,Fabales,Fabaceae,White Sweet-Clover,Uncommon
Lassen Volcanic National Park,Vascular Plant,Fabales,Fabaceae,Indian Sweet-Clover,Rare
Lassen Volcanic National Park,Vascular Plant,Fabales,Fabaceae,Clover,nan
Lassen Volcanic National Park,Vascular Plant,Fabales,Fabaceae,Bowl Clover,Common
Lassen Volcanic National Park,Vascular Plant,Fabales,Fabaceae,Few-Flowered White-Tipped Clover,Uncommon
Lassen Volcanic National Park,Vascular Plant,Fabales,Fabaceae,Alsike Clover,Rare
Lassen Volcanic National Park,Vascular Plant,Fabales,Fabaceae,King's Clover,nan
Lassen Volcanic National Park,Vascular Plant,Fabales,Fabaceae,Shasta Clover,Abundant
Lassen Volcanic National Park,Vascular Plant,Fabales,Fabaceae,Lemmon's Clover,nan
Lassen Volcanic National Park,Vascular Plant,Fabales,Fabaceae,Long-Stalked Clover,Abundant
Lassen Volcanic National Park,Vascular Plant,Fabales,Fabaceae,Small -Headed Clover,Uncommon
Lassen Volcanic National Park,Vascular Plant,Fabales,Fabaceae,"Carpet Clover, Mountain Carpet Clover",nan
Lassen Volcanic National Park,Vascular Plant,Fabales,Fabaceae,Carpet Clover,Common
Lassen Volcanic National Park,Vascular Plant,Fabales,Fabaceae,Red Clover,nan
Lassen Volcanic National Park,Vascular Plant,Fabales,Fabaceae,White Clover,Common
Lassen Volcanic National Park,Vascular Plant,Fabales,Fabaceae,White-Tiped Clover,Uncommon
Lassen Volcanic National Park,Vascular Plant,Fabales,Fabaceae,Springbank Clover,Uncommon
Lassen Volcanic National Park,Vascular Plant,Fabales,Fabaceae,"American Deervetch, American Purple Vetch, American Vetch",nan
Lassen Volcanic National Park,Vascular Plant,Fabales,Fabaceae,American Vetch,Rare
Lassen Volcanic National Park,Vascular Plant,Fabales,Fabaceae,Red-Flowered Vetch,nan
Lassen Volcanic National Park,Vascular Plant,Fagales,Betulaceae,Mountain Alder,Abundant
Lassen Volcanic National Park,Vascular Plant,Fagales,Betulaceae,Red Alder,nan
Lassen Volcanic National Park,Vascular Plant,Fagales,Betulaceae,Resin Birch,nan
Lassen Volcanic National Park,Vascular Plant,Fagales,Fagaceae,Chinkapin,nan
Lassen Volcanic National Park,Vascular Plant,Fagales,Fagaceae,Bush Chinquapin,Abundant
Lassen Volcanic National Park,Vascular Plant,Fagales,Fagaceae,Common Tan-Oak,nan
Lassen Volcanic National Park,Vascular Plant,Fagales,Fagaceae,California Black Oak,Rare
Lassen Volcanic National Park,Vascular Plant,Fagales,Fagaceae,Huckleberry Oak,Common
Lassen Volcanic National Park,Vascular Plant,Gentianales,Apocynaceae,Mountain Dogbane,Uncommon
Lassen Volcanic National Park,Vascular Plant,Gentianales,Apocynaceae,Purple Milkweed,Uncommon
Lassen Volcanic National Park,Vascular Plant,Gentianales,Apocynaceae,Showy Milkweed,Uncommon
Lassen Volcanic National Park,Vascular Plant,Gentianales,Apocynaceae,Cycladenia,Uncommon
Lassen Volcanic National Park,Vascular Plant,Gentianales,Gentianaceae,Sierra Alpine Gentian,Common
Lassen Volcanic National Park,Vascular Plant,Gentianales,Gentianaceae,"Annual Gentian, Autumn Dwarf Gentian, Autumn Dwarfgentian, Autumn Dwarf-Gentian",nan
Lassen Volcanic National Park,Vascular Plant,Gentianales,Gentianaceae,Autumn Dwarf-Gentian,Rare
Lassen Volcanic National Park,Vascular Plant,Gentianales,Gentianaceae,Hiker's Fringed-Gentian,Uncommon
Lassen Volcanic National Park,Vascular Plant,Gentianales,Rubiaceae,Bedstraw,nan
Lassen Volcanic National Park,Vascular Plant,Gentianales,Rubiaceae,Cleavers,Uncommon
Lassen Volcanic National Park,Vascular Plant,Gentianales,Rubiaceae,Low Mountain Bedstraw,Common
Lassen Volcanic National Park,Vascular Plant,Gentianales,Rubiaceae,Bolander's Bedstraw,Rare
Lassen Volcanic National Park,Vascular Plant,Gentianales,Rubiaceae,Gray's Bedstraw,Uncommon
Lassen Volcanic National Park,Vascular Plant,Gentianales,Rubiaceae,"Small Bedstraw, Threepetal Bedstraw, Three-Petal Bedstraw",nan
Lassen Volcanic National Park,Vascular Plant,Gentianales,Rubiaceae,Pacific Bedstraw,Uncommon
Lassen Volcanic National Park,Vascular Plant,Gentianales,Rubiaceae,Small Bedstraw,Common
Lassen Volcanic National Park,Vascular Plant,Gentianales,Rubiaceae,Sweet-Scented Bedstraw,Common
Lassen Volcanic National Park,Vascular Plant,Gentianales,Rubiaceae,Kelloggia,Common
Lassen Volcanic National Park,Vascular Plant,Geraniales,Geraniaceae,Red-Stemmed Filaree,Rare
Lassen Volcanic National Park,Vascular Plant,Isoetales,Isoetaceae,Bolander's Quillwort,Common
Lassen Volcanic National Park,Vascular Plant,Isoetales,Isoetaceae,Spiny Quillwort,nan
Lassen Volcanic National Park,Vascular Plant,Isoetales,Isoetaceae,Nuttall's Quillwort,Rare
Lassen Volcanic National Park,Vascular Plant,Lamiales,Lamiaceae,Small-Leaved Horseming,Rare
Lassen Volcanic National Park,Vascular Plant,Lamiales,Lamiaceae,Northern Bugleweed,Rare
Lassen Volcanic National Park,Vascular Plant,Lamiales,Lamiaceae,American Wild Mint,Common
Lassen Volcanic National Park,Vascular Plant,Lamiales,Lamiaceae,Glaucous Monardella,nan
Lassen Volcanic National Park,Vascular Plant,Lamiales,Lamiaceae,Pallid Mountain Monardella,Abundant
Lassen Volcanic National Park,Vascular Plant,Lamiales,Lamiaceae,"Common Selfheal, Heal All, Healall, Selfheal",nan
Lassen Volcanic National Park,Vascular Plant,Lamiales,Lamiaceae,Mountain Selfheal,Uncommon
Lassen Volcanic National Park,Vascular Plant,Lamiales,Lamiaceae,Snapdragon Skullcap,nan
Lassen Volcanic National Park,Vascular Plant,Lamiales,Lamiaceae,Dwarf Skullcap,Rare
Lassen Volcanic National Park,Vascular Plant,Lamiales,Lamiaceae,Gray-Leaved Skullcap,nan
Lassen Volcanic National Park,Vascular Plant,Lamiales,Lamiaceae,"Hedge Nettle, Hedgenettle",nan
Lassen Volcanic National Park,Vascular Plant,Lamiales,Lamiaceae,Bugle Hedgenettle,nan
Lassen Volcanic National Park,Vascular Plant,Lamiales,Lamiaceae,Rigid Hedge-Nettle,Uncommon
Lassen Volcanic National Park,Vascular Plant,Lamiales,Lamiaceae,Vinegar-Weed,Rare
Lassen Volcanic National Park,Vascular Plant,Lamiales,Lamiaceae,Mountain Bluecurls,Rare
Lassen Volcanic National Park,Vascular Plant,Lamiales,Lentibulariaceae,Flat-Leaved Bladderwort,Common
Lassen Volcanic National Park,Vascular Plant,Lamiales,Lentibulariaceae,Lesser Bladderwort,Uncommon
Lassen Volcanic National Park,Vascular Plant,Lamiales,Lentibulariaceae,Common Bladderwort,Common
Lassen Volcanic National Park,Vascular Plant,Lamiales,Orobanchaceae,California Groundcone,Uncommon
Lassen Volcanic National Park,Vascular Plant,Lamiales,Orobanchaceae,Indian Paintbrush,nan
Lassen Volcanic National Park,Vascular Plant,Lamiales,Orobanchaceae,Brewer's Indian-Paintbrush,Rare
Lassen Volcanic National Park,Vascular Plant,Lamiales,Orobanchaceae,Wavy-Leaved Indian-Paintbrush,Common
Lassen Volcanic National Park,Vascular Plant,Lamiales,Orobanchaceae,Cobwebby Indian-Paintbrush,Common
Lassen Volcanic National Park,Vascular Plant,Lamiales,Orobanchaceae,Field Owl-Clover,nan
Lassen Volcanic National Park,Vascular Plant,Lamiales,Orobanchaceae,Lemmon's Indian-Paintbrush,Common
Lassen Volcanic National Park,Vascular Plant,Lamiales,Orobanchaceae,Siskiyou Indian Paintbrush,nan
Lassen Volcanic National Park,Vascular Plant,Lamiales,Orobanchaceae,Scarlet Indian-Paintbrush,Common
Lassen Volcanic National Park,Vascular Plant,Lamiales,Orobanchaceae,Hairy Owl-Clover,Uncommon
Lassen Volcanic National Park,Vascular Plant,Lamiales,Orobanchaceae,Slender Bird's-Beak,nan
Lassen Volcanic National Park,Vascular Plant,Lamiales,Orobanchaceae,Clustered Broom-Rape,Common
Lassen Volcanic National Park,Vascular Plant,Lamiales,Orobanchaceae,Pine Woods Broom-Rape,Uncommon
Lassen Volcanic National Park,Vascular Plant,Lamiales,Orobanchaceae,Naked Broom-Rape,Rare
Lassen Volcanic National Park,Vascular Plant,Lamiales,Orobanchaceae,Short-Flowered Owl-Clover,Uncommon
Lassen Volcanic National Park,Vascular Plant,Lamiales,Orobanchaceae,Little Elephant's-Head,Common
Lassen Volcanic National Park,Vascular Plant,Lamiales,Orobanchaceae,Indian-Warrior,Uncommon
Lassen Volcanic National Park,Vascular Plant,Lamiales,Orobanchaceae,Elephant's-Head,Common
Lassen Volcanic National Park,Vascular Plant,Lamiales,Orobanchaceae,Pinewoods Lousewort,Abundant
Lassen Volcanic National Park,Vascular Plant,Lamiales,Phrymaceae,None,nan
Lassen Volcanic National Park,Vascular Plant,Lamiales,Phrymaceae,Brewer's Monkey-Flower,Common
Lassen Volcanic National Park,Vascular Plant,Lamiales,Phrymaceae,Coastal Monkeyflower,nan
Lassen Volcanic National Park,Vascular Plant,Lamiales,Phrymaceae,Seep Monkey-Flower,Abundant
Lassen Volcanic National Park,Vascular Plant,Lamiales,Phrymaceae,Jepson's Monkey-Flower,Common
Lassen Volcanic National Park,Vascular Plant,Lamiales,Phrymaceae,Layne's Monkey-Flower,nan
Lassen Volcanic National Park,Vascular Plant,Lamiales,Phrymaceae,Least-Flowered Monkey-Flower,nan
Lassen Volcanic National Park,Vascular Plant,Lamiales,Phrymaceae,Lewis' Monkey-Flower,Uncommon
Lassen Volcanic National Park,Vascular Plant,Lamiales,Phrymaceae,Skunky Monkey-Flower,Rare
Lassen Volcanic National Park,Vascular Plant,Lamiales,Phrymaceae,Musk Monkey-Flower,Common
Lassen Volcanic National Park,Vascular Plant,Lamiales,Phrymaceae,Primrose Monkey-Flower,Abundant
Lassen Volcanic National Park,Vascular Plant,Lamiales,Phrymaceae,Candelabrum Monkey-Flower,Rare
Lassen Volcanic National Park,Vascular Plant,Lamiales,Phrymaceae,Tiling's Monkey-Flower,Common
Lassen Volcanic National Park,Vascular Plant,Lamiales,Phrymaceae,Torrey's Monkey-Flower,Common
Lassen Volcanic National Park,Vascular Plant,Lamiales,Plantaginaceae,Vernal Water-Starwort,Uncommon
Lassen Volcanic National Park,Vascular Plant,Lamiales,Plantaginaceae,Small-Flowered Collinsia,Uncommon
Lassen Volcanic National Park,Vascular Plant,Lamiales,Plantaginaceae,"Torrey's Blue Eyed Mary, Torrey's Blue-Eyed Mary",nan
Lassen Volcanic National Park,Vascular Plant,Lamiales,Plantaginaceae,Broad-Leaved Collinsia,Uncommon
Lassen Volcanic National Park,Vascular Plant,Lamiales,Plantaginaceae,Wright's Collinsia,Abundant
Lassen Volcanic National Park,Vascular Plant,Lamiales,Plantaginaceae,Purple Foxglove,nan
Lassen Volcanic National Park,Vascular Plant,Lamiales,Plantaginaceae,Bractless Hedge-Hyssop,Rare
Lassen Volcanic National Park,Vascular Plant,Lamiales,Plantaginaceae,Mare's-Tail,nan
Lassen Volcanic National Park,Vascular Plant,Lamiales,Plantaginaceae,Broad-Leaved Mudwort,Rare
Lassen Volcanic National Park,Vascular Plant,Lamiales,Plantaginaceae,Dalmatian Toadflax,nan
Lassen Volcanic National Park,Vascular Plant,Lamiales,Plantaginaceae,Beardtongue,nan
Lassen Volcanic National Park,Vascular Plant,Lamiales,Plantaginaceae,Ash Beardtongue,Uncommon
Lassen Volcanic National Park,Vascular Plant,Lamiales,Plantaginaceae,Davidson's Beardtongue,Uncommon
Lassen Volcanic National Park,Vascular Plant,Lamiales,Plantaginaceae,Hot-Rock Beardtongue,Common
Lassen Volcanic National Park,Vascular Plant,Lamiales,Plantaginaceae,Hot-Rock Beardtongue,nan
Lassen Volcanic National Park,Vascular Plant,Lamiales,Plantaginaceae,Slender Beardtongue,Common
Lassen Volcanic National Park,Vascular Plant,Lamiales,Plantaginaceae,"Sierra Beardtongue, Sierra Penstemon",nan
Lassen Volcanic National Park,Vascular Plant,Lamiales,Plantaginaceae,Shasta Beardtongue,Uncommon
Lassen Volcanic National Park,Vascular Plant,Lamiales,Plantaginaceae,Western Gray Beardtongue,nan
Lassen Volcanic National Park,Vascular Plant,Lamiales,Plantaginaceae,Plumas County Beardtongue,Common
Lassen Volcanic National Park,Vascular Plant,Lamiales,Plantaginaceae,Mountain-Pride,Abundant
Lassen Volcanic National Park,Vascular Plant,Lamiales,Plantaginaceae,"Meadow Beardtongue, Rydberg's Penstemon",nan
Lassen Volcanic National Park,Vascular Plant,Lamiales,Plantaginaceae,Meadow Beardtongue,Common
Lassen Volcanic National Park,Vascular Plant,Lamiales,Plantaginaceae,Royal Beardtongue,Uncommon
Lassen Volcanic National Park,Vascular Plant,Lamiales,Plantaginaceae,English Plantain,Uncommon
Lassen Volcanic National Park,Vascular Plant,Lamiales,Plantaginaceae,Common Plantain,Common
Lassen Volcanic National Park,Vascular Plant,Lamiales,Plantaginaceae,American Brooklime,Common
Lassen Volcanic National Park,Vascular Plant,Lamiales,Plantaginaceae,"Neckweed, Purslane Speedwell",nan
Lassen Volcanic National Park,Vascular Plant,Lamiales,Plantaginaceae,Purslane Speedwell,Uncommon
Lassen Volcanic National Park,Vascular Plant,Lamiales,Plantaginaceae,Marsh Speedwell,Rare
Lassen Volcanic National Park,Vascular Plant,Lamiales,Plantaginaceae,"Thymeleaf Speedwell, Thyme-Leaf Speedwell",nan
Lassen Volcanic National Park,Vascular Plant,Lamiales,Plantaginaceae,Sprawling Speedwell,Abundant
Lassen Volcanic National Park,Vascular Plant,Lamiales,Plantaginaceae,American Alpine Speedwell,Uncommon
Lassen Volcanic National Park,Vascular Plant,Lamiales,Scrophulariaceae,Moth Mullein,nan
Lassen Volcanic National Park,Vascular Plant,Lamiales,Scrophulariaceae,Woolly Mullein,Common
Lassen Volcanic National Park,Vascular Plant,Liliales,Liliaceae,Leichtlin's Mariposa-Lily,Common
Lassen Volcanic National Park,Vascular Plant,Liliales,Liliaceae,Naked Mariposa-Lily,Common
Lassen Volcanic National Park,Vascular Plant,Liliales,Liliaceae,Purple Fawn-Lily,Common
Lassen Volcanic National Park,Vascular Plant,Liliales,Liliaceae,Purple Fritillary,Abundant
Lassen Volcanic National Park,Vascular Plant,Liliales,Liliaceae,Leopard Lily,nan
Lassen Volcanic National Park,Vascular Plant,Liliales,Liliaceae,Shasta Lily,Common
Lassen Volcanic National Park,Vascular Plant,Liliales,Liliaceae,Washington Lily,Uncommon
Lassen Volcanic National Park,Vascular Plant,Liliales,Liliaceae,"Clasping Twistedstalk, Claspleaf Twistedstalk, Twisted Stalk",nan
Lassen Volcanic National Park,Vascular Plant,Liliales,Liliaceae,Twisted-Stalk,Rare
Lassen Volcanic National Park,Vascular Plant,Liliales,Melanthiaceae,California Corn-Lily,Common
Lassen Volcanic National Park,Vascular Plant,Liliales,Melanthiaceae,Panicled Zigadene,nan
Lassen Volcanic National Park,Vascular Plant,Liliales,Melanthiaceae,Deathcamas,Uncommon
Lassen Volcanic National Park,Vascular Plant,Malpighiales,Euphorbiaceae,Spotted Spurge,Common
Lassen Volcanic National Park,Vascular Plant,Malpighiales,Euphorbiaceae,Thyme-Leaved Spurge,Uncommon
Lassen Volcanic National Park,Vascular Plant,Malpighiales,Euphorbiaceae,Turkey-Mullein,Rare
Lassen Volcanic National Park,Vascular Plant,Malpighiales,Euphorbiaceae,Chinesecaps,Uncommon
Lassen Volcanic National Park,Vascular Plant,Malpighiales,Hypericaceae,"Tinker's-Penny, Trailing St. Johnswort",Abundant
Lassen Volcanic National Park,Vascular Plant,Malpighiales,Hypericaceae,None,nan
Lassen Volcanic National Park,Vascular Plant,Malpighiales,Hypericaceae,Scouler's St. John's-Wort,Uncommon
Lassen Volcanic National Park,Vascular Plant,Malpighiales,Hypericaceae,Klamathweed,Rare
Lassen Volcanic National Park,Vascular Plant,Malpighiales,Linaceae,Small-Flowered Western-Flax,nan
Lassen Volcanic National Park,Vascular Plant,Malpighiales,Linaceae,Western Blue Flax,Common
Lassen Volcanic National Park,Vascular Plant,Malpighiales,Salicaceae,Balsam Poplar,nan
Lassen Volcanic National Park,Vascular Plant,Malpighiales,Salicaceae,Black Cottonwood,Common
Lassen Volcanic National Park,Vascular Plant,Malpighiales,Salicaceae,None,nan
Lassen Volcanic National Park,Vascular Plant,Malpighiales,Salicaceae,Quaking Aspen,Common
Lassen Volcanic National Park,Vascular Plant,Malpighiales,Salicaceae,Willow,nan
Lassen Volcanic National Park,Vascular Plant,Malpighiales,Salicaceae,Arctic Willow,Rare
Lassen Volcanic National Park,Vascular Plant,Malpighiales,Salicaceae,Booth's Willow,Common
Lassen Volcanic National Park,Vascular Plant,Malpighiales,Salicaceae,Jepson's Willow,Uncommon
Lassen Volcanic National Park,Vascular Plant,Malpighiales,Salicaceae,Lemmon's Willow,Abundant
Lassen Volcanic National Park,Vascular Plant,Malpighiales,Salicaceae,Yellow Willow,Common
Lassen Volcanic National Park,Vascular Plant,Malpighiales,Salicaceae,Dusky Willow,nan
Lassen Volcanic National Park,Vascular Plant,Malpighiales,Salicaceae,Scouler's Willow,Uncommon
Lassen Volcanic National Park,Vascular Plant,Malpighiales,Violaceae,Violet,nan
Lassen Volcanic National Park,Vascular Plant,Malpighiales,Violaceae,Western Dog Violet,Common
Lassen Volcanic National Park,Vascular Plant,Malpighiales,Violaceae,Baker's Violet,Common
Lassen Volcanic National Park,Vascular Plant,Malpighiales,Violaceae,Stream Violet,Common
Lassen Volcanic National Park,Vascular Plant,Malpighiales,Violaceae,Violet,nan
Lassen Volcanic National Park,Vascular Plant,Malpighiales,Violaceae,Pine Violet,nan
Lassen Volcanic National Park,Vascular Plant,Malpighiales,Violaceae,Macloskey's Violet,Common
Lassen Volcanic National Park,Vascular Plant,Malpighiales,Violaceae,Violet,Common
Lassen Volcanic National Park,Vascular Plant,Malpighiales,Violaceae,Dimorphic Violet,Abundant
Lassen Volcanic National Park,Vascular Plant,Malpighiales,Violaceae,Smooth-Leaved Violet,Common
Lassen Volcanic National Park,Vascular Plant,Malpighiales,Violaceae,Leconte's Violet,nan
Lassen Volcanic National Park,Vascular Plant,Malvales,Malvaceae,Common Mallow,Uncommon
Lassen Volcanic National Park,Vascular Plant,Malvales,Malvaceae,Glaucous Checker-Mallow,Uncommon
Lassen Volcanic National Park,Vascular Plant,Malvales,Malvaceae,Harsh Checker-Mallow,nan
Lassen Volcanic National Park,Vascular Plant,Malvales,Malvaceae,Oregon Checker-Mallow,Rare
Lassen Volcanic National Park,Vascular Plant,Malvales,Malvaceae,Spicate Checker-Mallow,Common
Lassen Volcanic National Park,Vascular Plant,Myrtales,Lythraceae,Hyssop Loosestrife,nan
Lassen Volcanic National Park,Vascular Plant,Myrtales,Onagraceae,Long-Leaved Suncup,Rare
Lassen Volcanic National Park,Vascular Plant,Myrtales,Onagraceae,Tansy-Leaved Suncup,Rare
Lassen Volcanic National Park,Vascular Plant,Myrtales,Onagraceae,"Alpine Circaea, Small Enchanter's Nightshade, Small Enchanter's-Nightshade",nan
Lassen Volcanic National Park,Vascular Plant,Myrtales,Onagraceae,Enchanter's-Nightshade,Uncommon
Lassen Volcanic National Park,Vascular Plant,Myrtales,Onagraceae,Diamond Clarkia,nan
Lassen Volcanic National Park,Vascular Plant,Myrtales,Onagraceae,"Willow Weed, Willowherb, Willowweed",nan
Lassen Volcanic National Park,Vascular Plant,Myrtales,Onagraceae,Pimpernel Willowherb,Rare
Lassen Volcanic National Park,Vascular Plant,Myrtales,Onagraceae,Fireweed,Uncommon
Lassen Volcanic National Park,Vascular Plant,Myrtales,Onagraceae,Tall Annual Willowherb,Rare
Lassen Volcanic National Park,Vascular Plant,Myrtales,Onagraceae,"Hummingbird Trumpet, Hummingbird-Trumpet",nan
Lassen Volcanic National Park,Vascular Plant,Myrtales,Onagraceae,California-Fuchsia,Rare
Lassen Volcanic National Park,Vascular Plant,Myrtales,Onagraceae,"Fringed Willowherb, Hairy Willowherb, Hairy Willowweed",nan
Lassen Volcanic National Park,Vascular Plant,Myrtales,Onagraceae,Fringed Willowherb,Uncommon
Lassen Volcanic National Park,Vascular Plant,Myrtales,Onagraceae,Glandular Willowherb,Common
Lassen Volcanic National Park,Vascular Plant,Myrtales,Onagraceae,Dense-Flowered Spike-Primrose,Uncommon
Lassen Volcanic National Park,Vascular Plant,Myrtales,Onagraceae,"Glaucus Willowherb, Smooth Willowweed",nan
Lassen Volcanic National Park,Vascular Plant,Myrtales,Onagraceae,Cluster-Stemmed Willowhead,Uncommon
Lassen Volcanic National Park,Vascular Plant,Myrtales,Onagraceae,Glaucus Willowherb,Common
Lassen Volcanic National Park,Vascular Plant,Myrtales,Onagraceae,Slender Willowherb,Common
Lassen Volcanic National Park,Vascular Plant,Myrtales,Onagraceae,"Hornemann's Willowherb, Hornemann's Willowweed",nan
Lassen Volcanic National Park,Vascular Plant,Myrtales,Onagraceae,Hornemann's Willowhead,Uncommon
Lassen Volcanic National Park,Vascular Plant,Myrtales,Onagraceae,Minute Willowweed,Rare
Lassen Volcanic National Park,Vascular Plant,Myrtales,Onagraceae,Rockfringe,Uncommon
Lassen Volcanic National Park,Vascular Plant,Myrtales,Onagraceae,Oregon Willowherb,Common
Lassen Volcanic National Park,Vascular Plant,Myrtales,Onagraceae,Groundsmoke,nan
Lassen Volcanic National Park,Vascular Plant,Myrtales,Onagraceae,Groundsmoke,Uncommon
Lassen Volcanic National Park,Vascular Plant,Myrtales,Onagraceae,Spreading Groundsmoke,Abundant
Lassen Volcanic National Park,Vascular Plant,Myrtales,Onagraceae,Small-Flowered Groundsmoke,Common
Lassen Volcanic National Park,Vascular Plant,Myrtales,Onagraceae,Coville's Groundsmoke,nan
Lassen Volcanic National Park,Vascular Plant,Myrtales,Onagraceae,Zigzag Groundsmoke,Rare
Lassen Volcanic National Park,Vascular Plant,Myrtales,Onagraceae,Dwarf Groundsmoke,Uncommon
Lassen Volcanic National Park,Vascular Plant,Myrtales,Onagraceae,Black-Footed Groundsmoke,Uncommon
Lassen Volcanic National Park,Vascular Plant,Myrtales,Onagraceae,Marsh Puslane,Uncommon
Lassen Volcanic National Park,Vascular Plant,Myrtales,Onagraceae,"Hooker's Evening Primrose, Hooker's Eveningprimrose, Hooker's Evening-Primrose, Western Eveningprimrose",nan
Lassen Volcanic National Park,Vascular Plant,Myrtales,Onagraceae,Hairy Evening-Primrose,nan
Lassen Volcanic National Park,Vascular Plant,Nymphaeales,Cabombaceae,Watershield,nan
Lassen Volcanic National Park,Vascular Plant,Nymphaeales,Nymphaeaceae,Pond-Lily,nan
Lassen Volcanic National Park,Vascular Plant,Nymphaeales,Nymphaeaceae,"Yellow Cowlily, Yellow Pondlily, Yellow Pond-Lily",nan
Lassen Volcanic National Park,Vascular Plant,Nymphaeales,Nymphaeaceae,Yellow Pond-Lily,Common
Lassen Volcanic National Park,Vascular Plant,Nymphaeales,Nymphaeaceae,None,nan
Lassen Volcanic National Park,Vascular Plant,Ophioglossales,Ophioglossaceae,Leathery Grape Fern,Uncommon
Lassen Volcanic National Park,Vascular Plant,Ophioglossales,Ophioglossaceae,Yosemite Moonwort,Uncommon
Lassen Volcanic National Park,Vascular Plant,Pinales,Cupressaceae,Incense-Cedar,Abundant
Lassen Volcanic National Park,Vascular Plant,Pinales,Cupressaceae,California Juniper,nan
Lassen Volcanic National Park,Vascular Plant,Pinales,Cupressaceae,Common Juniper,nan
Lassen Volcanic National Park,Vascular Plant,Pinales,Cupressaceae,Western Juniper,Uncommon
Lassen Volcanic National Park,Vascular Plant,Pinales,Pinaceae,White Fir,Common
Lassen Volcanic National Park,Vascular Plant,Pinales,Pinaceae,"California Red Fir, Golden Fir, Shasta Fir, Shasta Red Fir, Silvertip Fir",nan
Lassen Volcanic National Park,Vascular Plant,Pinales,Pinaceae,Red Fir,Abundant
Lassen Volcanic National Park,Vascular Plant,Pinales,Pinaceae,Shasta Fir,nan
Lassen Volcanic National Park,Vascular Plant,Pinales,Pinaceae,White-Bark Pine,Uncommon
Lassen Volcanic National Park,Vascular Plant,Pinales,Pinaceae,Lodgepole Pine,Abundant
Lassen Volcanic National Park,Vascular Plant,Pinales,Pinaceae,Jeffery Pine,Abundant
Lassen Volcanic National Park,Vascular Plant,Pinales,Pinaceae,Sugar Pine,Common
Lassen Volcanic National Park,Vascular Plant,Pinales,Pinaceae,Western White Pine,Common
Lassen Volcanic National Park,Vascular Plant,Pinales,Pinaceae,Pacific Ponderosa Pine,Uncommon
Lassen Volcanic National Park,Vascular Plant,Pinales,Pinaceae,Washoe Pine,Rare
Lassen Volcanic National Park,Vascular Plant,Pinales,Pinaceae,Douglas-Fir,Rare
Lassen Volcanic National Park,Vascular Plant,Pinales,Pinaceae,Mountain Hemlock,Common
Lassen Volcanic National Park,Vascular Plant,Pinales,Taxaceae,Pacific Yew,nan
Lassen Volcanic National Park,Vascular Plant,Pinales,Taxaceae,California-Nutmeg,nan
Lassen Volcanic National Park,Vascular Plant,Piperales,Aristolochiaceae,Hartweg's Wild Ginger,Uncommon
Lassen Volcanic National Park,Vascular Plant,Poales,Cyperaceae,"Carex, Sedge, Sedge Species, Sedges",nan
Lassen Volcanic National Park,Vascular Plant,Poales,Cyperaceae,Abrupt-Beaked Sedge,Abundant
Lassen Volcanic National Park,Vascular Plant,Poales,Cyperaceae,Ample-Leaved Sedge,Uncommon
Lassen Volcanic National Park,Vascular Plant,Poales,Cyperaceae,Narrow-Spiked Sedge,Abundant
Lassen Volcanic National Park,Vascular Plant,Poales,Cyperaceae,Water Sedge,nan
Lassen Volcanic National Park,Vascular Plant,Poales,Cyperaceae,Slender-Beaked Sedge,Common
Lassen Volcanic National Park,Vascular Plant,Poales,Cyperaceae,Golden-Fruited Sedge,Uncommon
Lassen Volcanic National Park,Vascular Plant,Poales,Cyperaceae,Bolander's Sedge,nan
Lassen Volcanic National Park,Vascular Plant,Poales,Cyperaceae,Brainerd's Sedge,Uncommon
Lassen Volcanic National Park,Vascular Plant,Poales,Cyperaceae,Brewer's Sedge,Uncommon
Lassen Volcanic National Park,Vascular Plant,Poales,Cyperaceae,Hoary Sedge,Rare
Lassen Volcanic National Park,Vascular Plant,Poales,Cyperaceae,Capitate Sedge,Uncommon
Lassen Volcanic National Park,Vascular Plant,Poales,Cyperaceae,Cusick's Sedge,Uncommon
Lassen Volcanic National Park,Vascular Plant,Poales,Cyperaceae,"Douglas Sedge, Douglas' Sedge",nan
Lassen Volcanic National Park,Vascular Plant,Poales,Cyperaceae,"Prickly Sedge, Star Sedge",nan
Lassen Volcanic National Park,Vascular Plant,Poales,Cyperaceae,Stellate Sedge,Common
Lassen Volcanic National Park,Vascular Plant,Poales,Cyperaceae,Green-Sheathed Sedge,Uncommon
Lassen Volcanic National Park,Vascular Plant,Poales,Cyperaceae,Fragile-Sheathed Sedge,Uncommon
Lassen Volcanic National Park,Vascular Plant,Poales,Cyperaceae,Hasse's Sedge,nan
Lassen Volcanic National Park,Vascular Plant,Poales,Cyperaceae,Heller's Sedge,Uncommon
Lassen Volcanic National Park,Vascular Plant,Poales,Cyperaceae,Variable-Nerved Sedge,Uncommon
Lassen Volcanic National Park,Vascular Plant,Poales,Cyperaceae,Hood's Sedge,Uncommon
Lassen Volcanic National Park,Vascular Plant,Poales,Cyperaceae,Small-Headed Sedge,Uncommon
Lassen Volcanic National Park,Vascular Plant,Poales,Cyperaceae,Weak-Nerved Sedge,Unknown
Lassen Volcanic National Park,Vascular Plant,Poales,Cyperaceae,Smooth-Beaked Sedge,Common
Lassen Volcanic National Park,Vascular Plant,Poales,Cyperaceae,Jones' Sedge,Common
Lassen Volcanic National Park,Vascular Plant,Poales,Cyperaceae,Woolly Sedge,Uncommon
Lassen Volcanic National Park,Vascular Plant,Poales,Cyperaceae,Woolly-Fruited Sedge,Uncommon
Lassen Volcanic National Park,Vascular Plant,Poales,Cyperaceae,Lemmon's Sedge,Uncommon
Lassen Volcanic National Park,Vascular Plant,Poales,Cyperaceae,"Lakeshore Sedge, Shore Sedge, Tufted Sedge",nan
Lassen Volcanic National Park,Vascular Plant,Poales,Cyperaceae,Few-Ribbed Sedge,Uncommon
Lassen Volcanic National Park,Vascular Plant,Poales,Cyperaceae,Fat-Fruited Sedge,Common
Lassen Volcanic National Park,Vascular Plant,Poales,Cyperaceae,Sierra Hare Sedge,Uncommon
Lassen Volcanic National Park,Vascular Plant,Poales,Cyperaceae,Shore Sedge,Uncommon
Lassen Volcanic National Park,Vascular Plant,Poales,Cyperaceae,Luzula-Leaved Sedge,Uncommon
Lassen Volcanic National Park,Vascular Plant,Poales,Cyperaceae,Woodrush Sedge,nan
Lassen Volcanic National Park,Vascular Plant,Poales,Cyperaceae,American Cold-Loving Sedge,Common
Lassen Volcanic National Park,Vascular Plant,Poales,Cyperaceae,Mariposa Sedge,Uncommon
Lassen Volcanic National Park,Vascular Plant,Poales,Cyperaceae,Small-Winged Sedge,Common
Lassen Volcanic National Park,Vascular Plant,Poales,Cyperaceae,Many-Stemmed Sedge,Uncommon
Lassen Volcanic National Park,Vascular Plant,Poales,Cyperaceae,Many-Ribbed Sedge,Uncommon
Lassen Volcanic National Park,Vascular Plant,Poales,Cyperaceae,Nebraska Sedge,Common
Lassen Volcanic National Park,Vascular Plant,Poales,Cyperaceae,Sierra Nerved Sedge,Uncommon
Lassen Volcanic National Park,Vascular Plant,Poales,Cyperaceae,Black Alpine Sedge,Uncommon
Lassen Volcanic National Park,Vascular Plant,Poales,Cyperaceae,Thick-Headed Sedge,Common
Lassen Volcanic National Park,Vascular Plant,Poales,Cyperaceae,Mountain Hare Sedge,Uncommon
Lassen Volcanic National Park,Vascular Plant,Poales,Cyperaceae,Teacher's Sedge,Uncommon
Lassen Volcanic National Park,Vascular Plant,Poales,Cyperaceae,Clustered Field Sedge,nan
Lassen Volcanic National Park,Vascular Plant,Poales,Cyperaceae,Presl's Sedge,Uncommon
Lassen Volcanic National Park,Vascular Plant,Poales,Cyperaceae,Raynold's Sedge,Common
Lassen Volcanic National Park,Vascular Plant,Poales,Cyperaceae,Ross' Sedge,Common
Lassen Volcanic National Park,Vascular Plant,Poales,Cyperaceae,"Holm's Rocky Mountain Sedge, Mountain Sedge",nan
Lassen Volcanic National Park,Vascular Plant,Poales,Cyperaceae,Bracted Sedge,Common
Lassen Volcanic National Park,Vascular Plant,Poales,Cyperaceae,Swamp Sedge,nan
Lassen Volcanic National Park,Vascular Plant,Poales,Cyperaceae,Short-Beaked Sedge,Common
Lassen Volcanic National Park,Vascular Plant,Poales,Cyperaceae,Narrow-Fruited Sedge,Uncommon
Lassen Volcanic National Park,Vascular Plant,Poales,Cyperaceae,Showy Sedge,Common
Lassen Volcanic National Park,Vascular Plant,Poales,Cyperaceae,Straw-Like Sedge,Common
Lassen Volcanic National Park,Vascular Plant,Poales,Cyperaceae,Rusty Slender Sedge,Abundant
Lassen Volcanic National Park,Vascular Plant,Poales,Cyperaceae,Beaked Sedge,Common
Lassen Volcanic National Park,Vascular Plant,Poales,Cyperaceae,Native Sedge,Uncommon
Lassen Volcanic National Park,Vascular Plant,Poales,Cyperaceae,Inflated Sedge,Common
Lassen Volcanic National Park,Vascular Plant,Poales,Cyperaceae,Whitney's Sedge,Common
Lassen Volcanic National Park,Vascular Plant,Poales,Cyperaceae,Black Cyperus,Uncommon
Lassen Volcanic National Park,Vascular Plant,Poales,Cyperaceae,Awned Cyperus,Common
Lassen Volcanic National Park,Vascular Plant,Poales,Cyperaceae,Dulchium,Common
Lassen Volcanic National Park,Vascular Plant,Poales,Cyperaceae,"Spikerush, Spikesedge",nan
Lassen Volcanic National Park,Vascular Plant,Poales,Cyperaceae,Spike-Rush,Common
Lassen Volcanic National Park,Vascular Plant,Poales,Cyperaceae,Needle Spike Rush,Uncommon
Lassen Volcanic National Park,Vascular Plant,Poales,Cyperaceae,Beautiful Spike-Rush,Common
Lassen Volcanic National Park,Vascular Plant,Poales,Cyperaceae,Pale Spike-Rush,Abundant
Lassen Volcanic National Park,Vascular Plant,Poales,Cyperaceae,Few-Flowered Spike-Rush,Common
Lassen Volcanic National Park,Vascular Plant,Poales,Cyperaceae,Slender Cotton-Grass,Uncommon
Lassen Volcanic National Park,Vascular Plant,Poales,Cyperaceae,White Beaked-Rush,Rare
Lassen Volcanic National Park,Vascular Plant,Poales,Cyperaceae,"Bulrush, Bulrushes",nan
Lassen Volcanic National Park,Vascular Plant,Poales,Cyperaceae,Hardstem Bulrush,nan
Lassen Volcanic National Park,Vascular Plant,Poales,Cyperaceae,Hard-Stemmed Tule,Common
Lassen Volcanic National Park,Vascular Plant,Poales,Cyperaceae,American Tule,Rare
Lassen Volcanic National Park,Vascular Plant,Poales,Cyperaceae,Congdon's Bulrush,Common
Lassen Volcanic National Park,Vascular Plant,Poales,Cyperaceae,Small-Fruited Bulrush,Common
Lassen Volcanic National Park,Vascular Plant,Poales,Cyperaceae,Water Bulrush,Rare
Lassen Volcanic National Park,Vascular Plant,Poales,Juncaceae,Rush,nan
Lassen Volcanic National Park,Vascular Plant,Poales,Juncaceae,Baltic Rush,Common
Lassen Volcanic National Park,Vascular Plant,Poales,Juncaceae,Toad Rush,nan
Lassen Volcanic National Park,Vascular Plant,Poales,Juncaceae,Common Toad Rush,Uncommon
Lassen Volcanic National Park,Vascular Plant,Poales,Juncaceae,Round-Fruited Toad Rush,Uncommon
Lassen Volcanic National Park,Vascular Plant,Poales,Juncaceae,Drummond's Rush,Uncommon
Lassen Volcanic National Park,Vascular Plant,Poales,Juncaceae,"Common Rush, Lamp Rush",nan
Lassen Volcanic National Park,Vascular Plant,Poales,Juncaceae,Pacific Rush,Uncommon
Lassen Volcanic National Park,Vascular Plant,Poales,Juncaceae,Sword-Leaved Rush,Common
Lassen Volcanic National Park,Vascular Plant,Poales,Juncaceae,"Blood Rush, Herman's Dwarf Rush",nan
Lassen Volcanic National Park,Vascular Plant,Poales,Juncaceae,Vernal-Pool Rush,Common
Lassen Volcanic National Park,Vascular Plant,Poales,Juncaceae,Howell's Rush,Common
Lassen Volcanic National Park,Vascular Plant,Poales,Juncaceae,Merten's Rush,Common
Lassen Volcanic National Park,Vascular Plant,Poales,Juncaceae,Sierra Rush,Abundant
Lassen Volcanic National Park,Vascular Plant,Poales,Juncaceae,Western Rush,Common
Lassen Volcanic National Park,Vascular Plant,Poales,Juncaceae,Straight-Leaved Rush,Uncommon
Lassen Volcanic National Park,Vascular Plant,Poales,Juncaceae,Parry's Rush,Common
Lassen Volcanic National Park,Vascular Plant,Poales,Juncaceae,Spreading Rush,nan
Lassen Volcanic National Park,Vascular Plant,Poales,Juncaceae,"Wood Rush, Woodrush",nan
Lassen Volcanic National Park,Vascular Plant,Poales,Juncaceae,Common Wood-Rush,Common
Lassen Volcanic National Park,Vascular Plant,Poales,Juncaceae,Spreading Wood-Rush,Uncommon
Lassen Volcanic National Park,Vascular Plant,Poales,Juncaceae,Donner Wood-Rush,Uncommon
Lassen Volcanic National Park,Vascular Plant,Poales,Poaceae,Lemmon's Needlegrass,Uncommon
Lassen Volcanic National Park,Vascular Plant,Poales,Poaceae,Dore's Needlegrass,Uncommon
Lassen Volcanic National Park,Vascular Plant,Poales,Poaceae,Needlegrass,Common
Lassen Volcanic National Park,Vascular Plant,Poales,Poaceae,California Needlegrass,Common
Lassen Volcanic National Park,Vascular Plant,Poales,Poaceae,Western Needlegrass,Common
Lassen Volcanic National Park,Vascular Plant,Poales,Poaceae,Hairy Needlegrass,Uncommon
Lassen Volcanic National Park,Vascular Plant,Poales,Poaceae,Spiked Bentgrass,Uncommon
Lassen Volcanic National Park,Vascular Plant,Poales,Poaceae,Giant Bentgrass,Uncommon
Lassen Volcanic National Park,Vascular Plant,Poales,Poaceae,Idaho Bentgrass,Uncommon
Lassen Volcanic National Park,Vascular Plant,Poales,Poaceae,Oregon Bentgrass,Rare
Lassen Volcanic National Park,Vascular Plant,Poales,Poaceae,Rough Bentgrass,Abundant
Lassen Volcanic National Park,Vascular Plant,Poales,Poaceae,"Carpet Bentgrass, Creeping Bent, Creeping Bentgrass, Redtop, Redtop Bent, Seaside Bentgrass, Spreading Bent",nan
Lassen Volcanic National Park,Vascular Plant,Poales,Poaceae,Thurber's Bentgrass,Uncommon
Lassen Volcanic National Park,Vascular Plant,Poales,Poaceae,Mountain Bentgrass,Common
Lassen Volcanic National Park,Vascular Plant,Poales,Poaceae,Short-Awned Foxtail,Uncommon
Lassen Volcanic National Park,Vascular Plant,Poales,Poaceae,Marsh Foxtail,Rare
Lassen Volcanic National Park,Vascular Plant,Poales,Poaceae,Meadow Foxtail,nan
Lassen Volcanic National Park,Vascular Plant,Poales,Poaceae,"Brome, Brome Spp.",nan
Lassen Volcanic National Park,Vascular Plant,Poales,Poaceae,California Brome,Common
Lassen Volcanic National Park,Vascular Plant,Poales,Poaceae,Fringed Brome,Uncommon
Lassen Volcanic National Park,Vascular Plant,Poales,Poaceae,"Awnless Brome, Smooth Brome",nan
Lassen Volcanic National Park,Vascular Plant,Poales,Poaceae,Smooth Brome,Uncommon
Lassen Volcanic National Park,Vascular Plant,Poales,Poaceae,Orcutt's Brome,Uncommon
Lassen Volcanic National Park,Vascular Plant,Poales,Poaceae,Suksdorf's Brome,Common
Lassen Volcanic National Park,Vascular Plant,Poales,Poaceae,Cheatgrass,Uncommon
Lassen Volcanic National Park,Vascular Plant,Poales,Poaceae,Bluejoint,Common
Lassen Volcanic National Park,Vascular Plant,Poales,Poaceae,Drooping Wood-Reed,Uncommon
Lassen Volcanic National Park,Vascular Plant,Poales,Poaceae,Swamp Pricklegrass,nan
Lassen Volcanic National Park,Vascular Plant,Poales,Poaceae,Orchardgrass,nan
Lassen Volcanic National Park,Vascular Plant,Poales,Poaceae,California Oatgrass,Uncommon
Lassen Volcanic National Park,Vascular Plant,Poales,Poaceae,Timber Oatgrass,nan
Lassen Volcanic National Park,Vascular Plant,Poales,Poaceae,One-Spiked Oatgrass,Rare
Lassen Volcanic National Park,Vascular Plant,Poales,Poaceae,Tufted Hairgrass,Common
Lassen Volcanic National Park,Vascular Plant,Poales,Poaceae,Annual Hairgrass,Uncommon
Lassen Volcanic National Park,Vascular Plant,Poales,Poaceae,Slender Hairgrass,Common
Lassen Volcanic National Park,Vascular Plant,Poales,Poaceae,"Hotsprings Panicum, Hotsprings Rosette Grass, Tapered Rosette Grass",nan
Lassen Volcanic National Park,Vascular Plant,Poales,Poaceae,Saltgrass,nan
Lassen Volcanic National Park,Vascular Plant,Poales,Poaceae,Wildrye,nan
Lassen Volcanic National Park,Vascular Plant,Poales,Poaceae,Squirreltail,Abundant
Lassen Volcanic National Park,Vascular Plant,Poales,Poaceae,Blue Wild-Rye,Common
Lassen Volcanic National Park,Vascular Plant,Poales,Poaceae,Bearded Wheatgrass,Rare
Lassen Volcanic National Park,Vascular Plant,Poales,Poaceae,Slender Wheatgrass,Common
Lassen Volcanic National Park,Vascular Plant,Poales,Poaceae,Hansen's Squirreltail,Rare
Lassen Volcanic National Park,Vascular Plant,Poales,Poaceae,Saunders' Wheatgrass,Rare
Lassen Volcanic National Park,Vascular Plant,Poales,Poaceae,Intermediate Wheatgrass,nan
Lassen Volcanic National Park,Vascular Plant,Poales,Poaceae,Intermediate Wheatgrass,Uncommon
Lassen Volcanic National Park,Vascular Plant,Poales,Poaceae,Fescue,nan
Lassen Volcanic National Park,Vascular Plant,Poales,Poaceae,Short-Leaved Fescue,Rare
Lassen Volcanic National Park,Vascular Plant,Poales,Poaceae,Blue Fescue,Uncommon
Lassen Volcanic National Park,Vascular Plant,Poales,Poaceae,Western Fescue,Rare
Lassen Volcanic National Park,Vascular Plant,Poales,Poaceae,Meadow Fescue,Uncommon
Lassen Volcanic National Park,Vascular Plant,Poales,Poaceae,Red Fescue,Uncommon
Lassen Volcanic National Park,Vascular Plant,Poales,Poaceae,Bearded Fescue,Uncommon
Lassen Volcanic National Park,Vascular Plant,Poales,Poaceae,Northern Mannagrass,Abundant
Lassen Volcanic National Park,Vascular Plant,Poales,Poaceae,Tall Mannagrass,Common
Lassen Volcanic National Park,Vascular Plant,Poales,Poaceae,Common Velvetgrass,Uncommon
Lassen Volcanic National Park,Vascular Plant,Poales,Poaceae,Meadow Barley,Abundant
Lassen Volcanic National Park,Vascular Plant,Poales,Poaceae,Fox-Tail Barley,Uncommon
Lassen Volcanic National Park,Vascular Plant,Poales,Poaceae,Bristly Koehler's-Grass,nan
Lassen Volcanic National Park,Vascular Plant,Poales,Poaceae,Annual Ryegrass,nan
Lassen Volcanic National Park,Vascular Plant,Poales,Poaceae,Perennial Ryegrass,Uncommon
Lassen Volcanic National Park,Vascular Plant,Poales,Poaceae,Awned Melic,Uncommon
Lassen Volcanic National Park,Vascular Plant,Poales,Poaceae,Oniongrass,Uncommon
Lassen Volcanic National Park,Vascular Plant,Poales,Poaceae,Small Melic,Common
Lassen Volcanic National Park,Vascular Plant,Poales,Poaceae,Nodding Melic,Rare
Lassen Volcanic National Park,Vascular Plant,Poales,Poaceae,Alaska Melic,Uncommon
Lassen Volcanic National Park,Vascular Plant,Poales,Poaceae,Fox-Tail Muhly,Common
Lassen Volcanic National Park,Vascular Plant,Poales,Poaceae,Pullup Muhly,Abundant
Lassen Volcanic National Park,Vascular Plant,Poales,Poaceae,Jones' Muhly,Rare
Lassen Volcanic National Park,Vascular Plant,Poales,Poaceae,Matted Muhly,Common
Lassen Volcanic National Park,Vascular Plant,Poales,Poaceae,None,nan
Lassen Volcanic National Park,Vascular Plant,Poales,Poaceae,Witchgrass,Rare
Lassen Volcanic National Park,Vascular Plant,Poales,Poaceae,"Reed Canary Grass, Reed Canarygrass",nan
Lassen Volcanic National Park,Vascular Plant,Poales,Poaceae,Mountain Timothy,Uncommon
Lassen Volcanic National Park,Vascular Plant,Poales,Poaceae,Common Timothy,Common
Lassen Volcanic National Park,Vascular Plant,Poales,Poaceae,Annual Bluegrass,Uncommon
Lassen Volcanic National Park,Vascular Plant,Poales,Poaceae,Bolander's Bluegrass,Common
Lassen Volcanic National Park,Vascular Plant,Poales,Poaceae,Bulbous Bluegrass,Common
Lassen Volcanic National Park,Vascular Plant,Poales,Poaceae,Skyline Bluegrass,Uncommon
Lassen Volcanic National Park,Vascular Plant,Poales,Poaceae,Fowl Bluegrass,Rare
Lassen Volcanic National Park,Vascular Plant,Poales,Poaceae,Kentucky Bluegrass,Common
Lassen Volcanic National Park,Vascular Plant,Poales,Poaceae,Pringle's Bluegrass,Uncommon
Lassen Volcanic National Park,Vascular Plant,Poales,Poaceae,Wheeler's Bluegrass,Uncommon
Lassen Volcanic National Park,Vascular Plant,Poales,Poaceae,Grasses,nan
Lassen Volcanic National Park,Vascular Plant,Poales,Poaceae,Spiked Mannagrass,Uncommon
Lassen Volcanic National Park,Vascular Plant,Poales,Poaceae,Pale False Mannagrass,nan
Lassen Volcanic National Park,Vascular Plant,Poales,Poaceae,Weak Mannagrass,Uncommon
Lassen Volcanic National Park,Vascular Plant,Poales,Poaceae,Nodding Oatgrass,Common
Lassen Volcanic National Park,Vascular Plant,Poales,Poaceae,Narrow Oatgrass,Common
Lassen Volcanic National Park,Vascular Plant,Poales,Poaceae,Beardless Oatgrass,Rare
Lassen Volcanic National Park,Vascular Plant,Poales,Poaceae,Few-Flowered Fescue,Uncommon
Lassen Volcanic National Park,Vascular Plant,Poales,Poaceae,Foxtail Fescue,Uncommon
Lassen Volcanic National Park,Vascular Plant,Poales,Typhaceae,"Burreed, Bur-Reed",nan
Lassen Volcanic National Park,Vascular Plant,Poales,Typhaceae,Narrow-Leaved Bur-Reed,Uncommon
Lassen Volcanic National Park,Vascular Plant,Poales,Typhaceae,Emersed Bur-Reed,Rare
Lassen Volcanic National Park,Vascular Plant,Poales,Typhaceae,Small Bur-Reed,Uncommon
Lassen Volcanic National Park,Vascular Plant,Poales,Typhaceae,Broad-Leaved Cattail,Uncommon
Lassen Volcanic National Park,Vascular Plant,Polypodiales,Aspleniaceae,Northern Spleennwort,Rare
Lassen Volcanic National Park,Vascular Plant,Polypodiales,Dennstaedtiaceae,Western Bracken,Common
Lassen Volcanic National Park,Vascular Plant,Polypodiales,Dryopteridaceae,Narrow-Leaved Sword Fern,Uncommon
Lassen Volcanic National Park,Vascular Plant,Polypodiales,Dryopteridaceae,Kruckeberg's Sword Fern,nan
Lassen Volcanic National Park,Vascular Plant,Polypodiales,Dryopteridaceae,Mountain Holly Fern,Rare
Lassen Volcanic National Park,Vascular Plant,Polypodiales,Pteridaceae,Five-Finger Fern,Rare
Lassen Volcanic National Park,Vascular Plant,Polypodiales,Pteridaceae,Indian's-Dream,Uncommon
Lassen Volcanic National Park,Vascular Plant,Polypodiales,Pteridaceae,Lace Lip Fern,Common
Lassen Volcanic National Park,Vascular Plant,Polypodiales,Pteridaceae,American Parsley Fern,Rare
Lassen Volcanic National Park,Vascular Plant,Polypodiales,Pteridaceae,Cascade Parsley Fern,Common
Lassen Volcanic National Park,Vascular Plant,Polypodiales,Pteridaceae,Sierra Cliffbrake,Rare
Lassen Volcanic National Park,Vascular Plant,Polypodiales,Woodsiaceae,American Alpine Lady Fern,Common
Lassen Volcanic National Park,Vascular Plant,Polypodiales,Woodsiaceae,None,nan
Lassen Volcanic National Park,Vascular Plant,Polypodiales,Woodsiaceae,Western Lady Fern,Common
Lassen Volcanic National Park,Vascular Plant,Polypodiales,Woodsiaceae,Fragile Fern,Common
Lassen Volcanic National Park,Vascular Plant,Polypodiales,Woodsiaceae,Mountain Cliff Fern,Uncommon
Lassen Volcanic National Park,Vascular Plant,Ranunculales,Papaveraceae,Sierra Corydalis,Uncommon
Lassen Volcanic National Park,Vascular Plant,Ranunculales,Papaveraceae,Pacific Bleedinghearts,Common
Lassen Volcanic National Park,Vascular Plant,Ranunculales,Papaveraceae,Oregon Bleedinghearts,nan
Lassen Volcanic National Park,Vascular Plant,Ranunculales,Papaveraceae,Tulare County Bleeding Heart,nan
Lassen Volcanic National Park,Vascular Plant,Ranunculales,Papaveraceae,Steer's-Head,Abundant
Lassen Volcanic National Park,Vascular Plant,Ranunculales,Ranunculaceae,Columbian Monkshood,Common
Lassen Volcanic National Park,Vascular Plant,Ranunculales,Ranunculaceae,Red Baneberry,Uncommon
Lassen Volcanic National Park,Vascular Plant,Ranunculales,Ranunculaceae,Drummond's Anemone,Common
Lassen Volcanic National Park,Vascular Plant,Ranunculales,Ranunculaceae,Western Pasque-Flower,Uncommon
Lassen Volcanic National Park,Vascular Plant,Ranunculales,Ranunculaceae,Oregon Anemone,Rare
Lassen Volcanic National Park,Vascular Plant,Ranunculales,Ranunculaceae,Crimson Columbine,Uncommon
Lassen Volcanic National Park,Vascular Plant,Ranunculales,Ranunculaceae,Marsh-Marigold,Abundant
Lassen Volcanic National Park,Vascular Plant,Ranunculales,Ranunculaceae,Dwarf Larkspur,Rare
Lassen Volcanic National Park,Vascular Plant,Ranunculales,Ranunculaceae,Nuttall's Larkspur,Common
Lassen Volcanic National Park,Vascular Plant,Ranunculales,Ranunculaceae,Buttercup,nan
Lassen Volcanic National Park,Vascular Plant,Ranunculales,Ranunculaceae,"Dwarf Buttercup, Plantainleaf Buttercup",nan
Lassen Volcanic National Park,Vascular Plant,Ranunculales,Ranunculaceae,Common Water-Plantain Buttercup,Uncommon
Lassen Volcanic National Park,Vascular Plant,Ranunculales,Ranunculaceae,Small Water-Plantain Buttercup,Common
Lassen Volcanic National Park,Vascular Plant,Ranunculales,Ranunculaceae,Water Buttercup,Abundant
Lassen Volcanic National Park,Vascular Plant,Ranunculales,Ranunculaceae,Creeping Buttercup,Common
Lassen Volcanic National Park,Vascular Plant,Ranunculales,Ranunculaceae,Western Buttercup,Common
Lassen Volcanic National Park,Vascular Plant,Ranunculales,Ranunculaceae,Straightbeak Buttercup,nan
Lassen Volcanic National Park,Vascular Plant,Ranunculales,Ranunculaceae,Straight-Beaked Buttercup,Common
Lassen Volcanic National Park,Vascular Plant,Ranunculales,Ranunculaceae,Swamp Buttercup,Rare
Lassen Volcanic National Park,Vascular Plant,Ranunculales,Ranunculaceae,Hook-Seeded Buttercup,Uncommon
Lassen Volcanic National Park,Vascular Plant,Ranunculales,Ranunculaceae,Fendler's Meadow-Rue,Common
Lassen Volcanic National Park,Vascular Plant,Ranunculales,Ranunculaceae,Few-Flowered Meadow-Rue,Uncommon
Lassen Volcanic National Park,Vascular Plant,Ranunculales,Ranunculaceae,"Carolina Bugbane, Carolina Tassel-Rue, Falsebugbane",nan
Lassen Volcanic National Park,Vascular Plant,Ranunculales,Ranunculaceae,Western Tassel-Rue,nan
Lassen Volcanic National Park,Vascular Plant,Rosales,Rhamnaceae,None,nan
Lassen Volcanic National Park,Vascular Plant,Rosales,Rhamnaceae,Mountain Whitethorn,Common
Lassen Volcanic National Park,Vascular Plant,Rosales,Rhamnaceae,Mahala-Mats,Uncommon
Lassen Volcanic National Park,Vascular Plant,Rosales,Rhamnaceae,Tobacco-Brush,Common
Lassen Volcanic National Park,Vascular Plant,Rosales,Rhamnaceae,Sierra Coffeberry,Uncommon
Lassen Volcanic National Park,Vascular Plant,Rosales,Rosaceae,Serviceberry,nan
Lassen Volcanic National Park,Vascular Plant,Rosales,Rosaceae,Service-Berry,Common
Lassen Volcanic National Park,Vascular Plant,Rosales,Rosaceae,"Curlleaf Cercocarpus, Curl-Leaf Mountain-Mahogany",nan
Lassen Volcanic National Park,Vascular Plant,Rosales,Rosaceae,Curl-Leaved Mountain-Mahogany,Rare
Lassen Volcanic National Park,Vascular Plant,Rosales,Rosaceae,Fernbush,Uncommon
Lassen Volcanic National Park,Vascular Plant,Rosales,Rosaceae,Woodland Strawberry,nan
Lassen Volcanic National Park,Vascular Plant,Rosales,Rosaceae,Mountain Strawberry,Abundant
Lassen Volcanic National Park,Vascular Plant,Rosales,Rosaceae,Large-Leaved Avens,Common
Lassen Volcanic National Park,Vascular Plant,Rosales,Rosaceae,Old-Man's-Whiskers,Rare
Lassen Volcanic National Park,Vascular Plant,Rosales,Rosaceae,Oceanspray,nan
Lassen Volcanic National Park,Vascular Plant,Rosales,Rosaceae,None,nan
Lassen Volcanic National Park,Vascular Plant,Rosales,Rosaceae,Rock-Spiraea,Common
Lassen Volcanic National Park,Vascular Plant,Rosales,Rosaceae,Delicate Horkelia,Common
Lassen Volcanic National Park,Vascular Plant,Rosales,Rosaceae,Three-Toothed Horkelia,nan
Lassen Volcanic National Park,Vascular Plant,Rosales,Rosaceae,Alpine Ivesia,Rare
Lassen Volcanic National Park,Vascular Plant,Rosales,Rosaceae,Cinquefoil,nan
Lassen Volcanic National Park,Vascular Plant,Rosales,Rosaceae,English Cinquefoil,nan
Lassen Volcanic National Park,Vascular Plant,Rosales,Rosaceae,Drummond's Cinquefoil,nan
Lassen Volcanic National Park,Vascular Plant,Rosales,Rosaceae,Brewer's Cinquefoil,Uncommon
Lassen Volcanic National Park,Vascular Plant,Rosales,Rosaceae,Drummond's Cinquefoil,Common
Lassen Volcanic National Park,Vascular Plant,Rosales,Rosaceae,Fan-Leaved Cinquefoil,Uncommon
Lassen Volcanic National Park,Vascular Plant,Rosales,Rosaceae,Cinquefoil,Common
Lassen Volcanic National Park,Vascular Plant,Rosales,Rosaceae,Mountain Cinquefoil,Common
Lassen Volcanic National Park,Vascular Plant,Rosales,Rosaceae,Sticky Cinquefoil,Uncommon
Lassen Volcanic National Park,Vascular Plant,Rosales,Rosaceae,False Rock-Loving Cinquefoil,Common
Lassen Volcanic National Park,Vascular Plant,Rosales,Rosaceae,"Graceful Cinquefoil, Northwest Cinquefoil, Slender Cinquefoil",nan
Lassen Volcanic National Park,Vascular Plant,Rosales,Rosaceae,Slender Cinquefoil,Common
Lassen Volcanic National Park,Vascular Plant,Rosales,Rosaceae,Cut-Leaved Cinquefoil,Uncommon
Lassen Volcanic National Park,Vascular Plant,Rosales,Rosaceae,Marsh Cinquefoil,Uncommon
Lassen Volcanic National Park,Vascular Plant,Rosales,Rosaceae,Bitter Cherry,Common
Lassen Volcanic National Park,Vascular Plant,Rosales,Rosaceae,Sierra Plum,nan
Lassen Volcanic National Park,Vascular Plant,Rosales,Rosaceae,"Chokecherry, Common Chokecherry, Virginia Chokecherry",nan
Lassen Volcanic National Park,Vascular Plant,Rosales,Rosaceae,Western Choke Cherry,nan
Lassen Volcanic National Park,Vascular Plant,Rosales,Rosaceae,Antelope-Bush,Uncommon
Lassen Volcanic National Park,Vascular Plant,Rosales,Rosaceae,Woods' Rose,Rare
Lassen Volcanic National Park,Vascular Plant,Rosales,Rosaceae,White-Stemmed Raspberry,Common
Lassen Volcanic National Park,Vascular Plant,Rosales,Rosaceae,Thimbleberry,Common
Lassen Volcanic National Park,Vascular Plant,Rosales,Rosaceae,Western Burnet,Uncommon
Lassen Volcanic National Park,Vascular Plant,Rosales,Rosaceae,Sibbaldia,Common
Lassen Volcanic National Park,Vascular Plant,Rosales,Rosaceae,California Mountain-Ash,Uncommon
Lassen Volcanic National Park,Vascular Plant,Rosales,Rosaceae,Dense-Flowered Spiraea,Common
Lassen Volcanic National Park,Vascular Plant,Rosales,Rosaceae,Douglas' Spirea,Common
Lassen Volcanic National Park,Vascular Plant,Rosales,Urticaceae,"California Nettle, Slender Nettle, Stinging Nettle, Tall Nettle",nan
Lassen Volcanic National Park,Vascular Plant,Rosales,Urticaceae,Stinging Nettle,Common
Lassen Volcanic National Park,Vascular Plant,Salviniales,Marsileaceae,Nelson's Pepperwort,nan
Lassen Volcanic National Park,Vascular Plant,Santalales,Santalaceae,Fir Dwarf-Mistletoe,Uncommon
Lassen Volcanic National Park,Vascular Plant,Santalales,Santalaceae,Lodgepole Pine Dwarf-Mistletoe,Common
Lassen Volcanic National Park,Vascular Plant,Santalales,Santalaceae,Sugar Pine Dwarf-Mistletoe,Rare
Lassen Volcanic National Park,Vascular Plant,Santalales,Santalaceae,Western Dwarf-Mistletoe,Uncommon
Lassen Volcanic National Park,Vascular Plant,Santalales,Santalaceae,Douglas-Fir Dwarf-Mistletoe,nan
Lassen Volcanic National Park,Vascular Plant,Santalales,Santalaceae,Incense-Cedar Mistletoe,Uncommon
Lassen Volcanic National Park,Vascular Plant,Sapindales,Anacardiaceae,Skunkbush,nan
Lassen Volcanic National Park,Vascular Plant,Sapindales,Sapindaceae,Maples,nan
Lassen Volcanic National Park,Vascular Plant,Sapindales,Sapindaceae,Mountain Maple,Uncommon
Lassen Volcanic National Park,Vascular Plant,Saxifragales,Grossulariaceae,Currant,nan
Lassen Volcanic National Park,Vascular Plant,Saxifragales,Grossulariaceae,Wax Currant,Common
Lassen Volcanic National Park,Vascular Plant,Saxifragales,Grossulariaceae,"Whitestem Gooseberries, Whitestem Gooseberry",nan
Lassen Volcanic National Park,Vascular Plant,Saxifragales,Grossulariaceae,White-Stemmed Gooseberry,Uncommon
Lassen Volcanic National Park,Vascular Plant,Saxifragales,Grossulariaceae,Mountain Gooseberry,Uncommon
Lassen Volcanic National Park,Vascular Plant,Saxifragales,Grossulariaceae,Mountain Pink Currant,Uncommon
Lassen Volcanic National Park,Vascular Plant,Saxifragales,Grossulariaceae,Sierra Gooseberry,Abundant
Lassen Volcanic National Park,Vascular Plant,Saxifragales,Grossulariaceae,Hall's Sticky Currant,Uncommon
Lassen Volcanic National Park,Vascular Plant,Saxifragales,Haloragaceae,"Water Milfoil, Watermilfoil",nan
Lassen Volcanic National Park,Vascular Plant,Saxifragales,Haloragaceae,Western Water-Milfoil,nan
Lassen Volcanic National Park,Vascular Plant,Saxifragales,Haloragaceae,Siberian Water-Milfoil,Uncommon
Lassen Volcanic National Park,Vascular Plant,Saxifragales,Paeoniaceae,Western Paeony,Uncommon
Lassen Volcanic National Park,Vascular Plant,Saxifragales,Saxifragaceae,Bulbous Woodlandstar,Common
Lassen Volcanic National Park,Vascular Plant,Saxifragales,Saxifragaceae,Slender Woodlandstar,Common
Lassen Volcanic National Park,Vascular Plant,Saxifragales,Saxifragaceae,Alpine Bishop's-Cap,Uncommon
Lassen Volcanic National Park,Vascular Plant,Saxifragales,Saxifragaceae,Saxifrage,nan
Lassen Volcanic National Park,Vascular Plant,Saxifragales,Saxifragaceae,Sierra Saxifrage,Uncommon
Lassen Volcanic National Park,Vascular Plant,Saxifragales,Saxifragaceae,Bud Saxifrage,Common
Lassen Volcanic National Park,Vascular Plant,Saxifragales,Saxifragaceae,Greene's Saxifrage,nan
Lassen Volcanic National Park,Vascular Plant,Saxifragales,Saxifragaceae,"Hooker's Saxifrage, Peak Saxifrage",nan
Lassen Volcanic National Park,Vascular Plant,Saxifragales,Saxifragaceae,Peak Saxifrage,Uncommon
Lassen Volcanic National Park,Vascular Plant,Saxifragales,Saxifragaceae,Streambank Saxifrage,Abundant
Lassen Volcanic National Park,Vascular Plant,Saxifragales,Saxifragaceae,Bog Saxifrage,Abundant
Lassen Volcanic National Park,Vascular Plant,Saxifragales,Saxifragaceae,Tolmie's Saxifrage,Common
Lassen Volcanic National Park,Vascular Plant,Solanales,Convolvulaceae,Sierra Morning-Glory,Uncommon
Lassen Volcanic National Park,Vascular Plant,Solanales,Convolvulaceae,Western Morning Glory,Uncommon
Lassen Volcanic National Park,Vascular Plant,Solanales,Convolvulaceae,Bindweed,Rare
Lassen Volcanic National Park,Vascular Plant,Solanales,Convolvulaceae,Short-Flowered Dodder,Common
Lassen Volcanic National Park,Vascular Plant,Solanales,Convolvulaceae,California Doddeer,Common
Lassen Volcanic National Park,Vascular Plant,Solanales,Convolvulaceae,Canyon Dodder,nan
Lassen Volcanic National Park,Vascular Plant,Solanales,Solanaceae,Dwarf Chamaesarachia,Rare
Lassen Volcanic National Park,Vascular Plant,Solanales,Solanaceae,Coyote Tobacco,Uncommon
Lassen Volcanic National Park,Vascular Plant,Solanales,Solanaceae,Indian Tobacco,Rare
Lassen Volcanic National Park,Vascular Plant,Solanales,Solanaceae,Hairy Nightshade,nan
Lassen Volcanic National Park,Nonvascular Plant,Andreaeales,Andreaeaceae,Andreaea Moss,nan
Lassen Volcanic National Park,Nonvascular Plant,Andreaeales,Andreaeaceae,Andreaea Moss,nan
Lassen Volcanic National Park,Nonvascular Plant,Bartramiales,Bartramiaceae,Menzies' Anacolia Moss,nan
Lassen Volcanic National Park,Nonvascular Plant,Bartramiales,Bartramiaceae,Bartramia Moss,nan
Lassen Volcanic National Park,Nonvascular Plant,Bartramiales,Bartramiaceae,Bartramia Moss,nan
Lassen Volcanic National Park,Nonvascular Plant,Bartramiales,Bartramiaceae,None,nan
Lassen Volcanic National Park,Nonvascular Plant,Bartramiales,Bartramiaceae,Philonotis Moss,nan
Lassen Volcanic National Park,Nonvascular Plant,Bartramiales,Bartramiaceae,American Philonotis Moss,nan
Lassen Volcanic National Park,Nonvascular Plant,Bryales,Bryaceae,Silvergreen Bryum Moss,nan
Lassen Volcanic National Park,Nonvascular Plant,Bryales,Bryaceae,Canary Bryum Moss,nan
Lassen Volcanic National Park,Nonvascular Plant,Bryales,Bryaceae,Bryum Moss,nan
Lassen Volcanic National Park,Nonvascular Plant,Bryales,Bryaceae,Glossy Red Bryum Moss,nan
Lassen Volcanic National Park,Nonvascular Plant,Bryales,Bryaceae,Muehlenbeck's Bryum Moss,nan
Lassen Volcanic National Park,Nonvascular Plant,Bryales,Bryaceae,Bryum Moss,nan
Lassen Volcanic National Park,Nonvascular Plant,Bryales,Bryaceae,Bryum Moss,nan
Lassen Volcanic National Park,Nonvascular Plant,Bryales,Bryaceae,Common Green Bryum Moss,nan
Lassen Volcanic National Park,Nonvascular Plant,Bryales,Bryaceae,Weigel's Bryum Moss,nan
Lassen Volcanic National Park,Nonvascular Plant,Bryales,Bryaceae,Leptobryum Moss,nan
Lassen Volcanic National Park,Nonvascular Plant,Bryales,Bryaceae,Tehama Copper Moss,nan
Lassen Volcanic National Park,Nonvascular Plant,Bryales,Bryaceae,Pohlia Moss,nan
Lassen Volcanic National Park,Nonvascular Plant,Bryales,Bryaceae,Pohlia Moss,nan
Lassen Volcanic National Park,Nonvascular Plant,Bryales,Bryaceae,Drummond's Pohlia Moss,nan
Lassen Volcanic National Park,Nonvascular Plant,Bryales,Bryaceae,Pohlia Moss,nan
Lassen Volcanic National Park,Nonvascular Plant,Bryales,Bryaceae,Pohlia Moss,nan
Lassen Volcanic National Park,Nonvascular Plant,Bryales,Bryaceae,Wahlenberg's Pohlia Moss,nan
Lassen Volcanic National Park,Nonvascular Plant,Bryales,Bryaceae,Roell's Moss,nan
Lassen Volcanic National Park,Nonvascular Plant,Bryales,Mniaceae,Blytt's Calcareous Moss,nan
Lassen Volcanic National Park,Nonvascular Plant,Bryales,Mniaceae,Olivegreen Calcareous Moss,nan
Lassen Volcanic National Park,Nonvascular Plant,Bryales,Mniaceae,None,nan
Lassen Volcanic National Park,Nonvascular Plant,Bryales,Mniaceae,None,nan
Lassen Volcanic National Park,Nonvascular Plant,Bryales,Mniaceae,None,nan
Lassen Volcanic National Park,Nonvascular Plant,Charales,Characeae,None,nan
Lassen Volcanic National Park,Nonvascular Plant,Chlamydomonadales,Chlamydomonadaceae,None,nan
Lassen Volcanic National Park,Nonvascular Plant,Chlamydomonadales,Volvocaceae,None,nan
Lassen Volcanic National Park,Nonvascular Plant,Dicranales,Bruchiaceae,Bolander's Bruchia Moss,nan
Lassen Volcanic National Park,Nonvascular Plant,Dicranales,Dicranaceae,Campylopus Moss,nan
Lassen Volcanic National Park,Nonvascular Plant,Dicranales,Dicranaceae,Dichodontium Moss,nan
Lassen Volcanic National Park,Nonvascular Plant,Dicranales,Dicranaceae,Dicranoweisia Moss,nan
Lassen Volcanic National Park,Nonvascular Plant,Dicranales,Dicranaceae,Dicranoweisia Moss,nan
Lassen Volcanic National Park,Nonvascular Plant,Dicranales,Dicranaceae,Dicranum Moss,nan
Lassen Volcanic National Park,Nonvascular Plant,Dicranales,Dicranaceae,Dicranum Moss,nan
Lassen Volcanic National Park,Nonvascular Plant,Dicranales,Dicranaceae,Blytt's Kiaeria Moss,nan
Lassen Volcanic National Park,Nonvascular Plant,Dicranales,Dicranaceae,Oncophorus Moss,nan
Lassen Volcanic National Park,Nonvascular Plant,Dicranales,Ditrichaceae,Ceratodon Moss,nan
Lassen Volcanic National Park,Nonvascular Plant,Dicranales,Ditrichaceae,Distichium Moss,nan
Lassen Volcanic National Park,Nonvascular Plant,Dicranales,Ditrichaceae,Incline Distichium Moss,nan
Lassen Volcanic National Park,Nonvascular Plant,Dicranales,Fissidentaceae,Bryoid Fissidens Moss,nan
Lassen Volcanic National Park,Nonvascular Plant,Encalyptales,Encalyptaceae,Fringed Candle Snuffer Moss,nan
Lassen Volcanic National Park,Nonvascular Plant,Encalyptales,Encalyptaceae,Common Candle Snuffer Moss,nan
Lassen Volcanic National Park,Nonvascular Plant,Funariales,Funariaceae,Funaria Moss,nan
Lassen Volcanic National Park,Nonvascular Plant,Grimmiales,Grimmiaceae,Dryptodon Moss,nan
Lassen Volcanic National Park,Nonvascular Plant,Grimmiales,Grimmiaceae,None,nan
Lassen Volcanic National Park,Nonvascular Plant,Grimmiales,Grimmiaceae,Grimmia Dry Rock Moss,nan
Lassen Volcanic National Park,Nonvascular Plant,Grimmiales,Grimmiaceae,None,nan
Lassen Volcanic National Park,Nonvascular Plant,Grimmiales,Grimmiaceae,None,nan
Lassen Volcanic National Park,Nonvascular Plant,Grimmiales,Grimmiaceae,None,nan
Lassen Volcanic National Park,Nonvascular Plant,Grimmiales,Grimmiaceae,Grimmia Dry Rock Moss,nan
Lassen Volcanic National Park,Nonvascular Plant,Grimmiales,Grimmiaceae,Hartman's Dry Rock Moss,nan
Lassen Volcanic National Park,Nonvascular Plant,Grimmiales,Grimmiaceae,Montane Dry Rock Moss,nan
Lassen Volcanic National Park,Nonvascular Plant,Grimmiales,Grimmiaceae,None,nan
Lassen Volcanic National Park,Nonvascular Plant,Grimmiales,Grimmiaceae,Grimmia Dry Rock Moss,nan
Lassen Volcanic National Park,Nonvascular Plant,Grimmiales,Grimmiaceae,Grimmia Dry Rock Moss,nan
Lassen Volcanic National Park,Nonvascular Plant,Grimmiales,Grimmiaceae,Grimmia Dry Rock Moss,nan
Lassen Volcanic National Park,Nonvascular Plant,Grimmiales,Grimmiaceae,Grimmia Dry Rock Moss,nan
Lassen Volcanic National Park,Nonvascular Plant,Grimmiales,Grimmiaceae,None,nan
Lassen Volcanic National Park,Nonvascular Plant,Grimmiales,Grimmiaceae,None,nan
Lassen Volcanic National Park,Nonvascular Plant,Grimmiales,Grimmiaceae,None,nan
Lassen Volcanic National Park,Nonvascular Plant,Grimmiales,Grimmiaceae,None,nan
Lassen Volcanic National Park,Nonvascular Plant,Grimmiales,Grimmiaceae,None,nan
Lassen Volcanic National Park,Nonvascular Plant,Grimmiales,Seligeriaceae,Acute Blindia Moss,nan
Lassen Volcanic National Park,Nonvascular Plant,Hypnales,Amblystegiaceae,None,nan
Lassen Volcanic National Park,Nonvascular Plant,Hypnales,Amblystegiaceae,Amblystegium Moss,nan
Lassen Volcanic National Park,Nonvascular Plant,Hypnales,Amblystegiaceae,Cratoneuron Moss,nan
Lassen Volcanic National Park,Nonvascular Plant,Hypnales,Amblystegiaceae,Drepanocladus Moss,nan
Lassen Volcanic National Park,Nonvascular Plant,Hypnales,Amblystegiaceae,Drepanocladus Moss,nan
Lassen Volcanic National Park,Nonvascular Plant,Hypnales,Amblystegiaceae,None,nan
Lassen Volcanic National Park,Nonvascular Plant,Hypnales,Amblystegiaceae,Hygroamblystegium Moss,nan
Lassen Volcanic National Park,Nonvascular Plant,Hypnales,Amblystegiaceae,Best's Hygrohypnum Moss,nan
Lassen Volcanic National Park,Nonvascular Plant,Hypnales,Amblystegiaceae,Hygrohypnum Moss,nan
Lassen Volcanic National Park,Nonvascular Plant,Hypnales,Amblystegiaceae,Hygrohypnum Moss,nan
Lassen Volcanic National Park,Nonvascular Plant,Hypnales,Amblystegiaceae,Hygrohypnum Moss,nan
Lassen Volcanic National Park,Nonvascular Plant,Hypnales,Amblystegiaceae,Smith's Hygrohypnum Moss,nan
Lassen Volcanic National Park,Nonvascular Plant,Hypnales,Amblystegiaceae,Streamside Leptodictyum Moss,nan
Lassen Volcanic National Park,Nonvascular Plant,Hypnales,Amblystegiaceae,None,nan
Lassen Volcanic National Park,Nonvascular Plant,Hypnales,Brachytheciaceae,Brachythecium Moss,nan
Lassen Volcanic National Park,Nonvascular Plant,Hypnales,Brachytheciaceae,Bolander's Brachythecium Moss,nan
Lassen Volcanic National Park,Nonvascular Plant,Hypnales,Brachytheciaceae,Brachythecium Moss,nan
Lassen Volcanic National Park,Nonvascular Plant,Hypnales,Brachytheciaceae,Cold Brachythecium Moss,nan
Lassen Volcanic National Park,Nonvascular Plant,Hypnales,Brachytheciaceae,Leiberg's Brachythecium Moss,nan
Lassen Volcanic National Park,Nonvascular Plant,Hypnales,Brachytheciaceae,Brachythecium Moss,nan
Lassen Volcanic National Park,Nonvascular Plant,Hypnales,Brachytheciaceae,Eurhynchium Moss,nan
Lassen Volcanic National Park,Nonvascular Plant,Hypnales,Brachytheciaceae,Nevada Homalothecium Moss,nan
Lassen Volcanic National Park,Nonvascular Plant,Hypnales,Brachytheciaceae,None,nan
Lassen Volcanic National Park,Nonvascular Plant,Hypnales,Brachytheciaceae,Obtuseleaf Scleropodium Moss,nan
Lassen Volcanic National Park,Nonvascular Plant,Hypnales,Brachytheciaceae,None,nan
Lassen Volcanic National Park,Nonvascular Plant,Hypnales,Calliergonaceae,Calliergon Moss,nan
Lassen Volcanic National Park,Nonvascular Plant,Hypnales,Calliergonaceae,None,nan
Lassen Volcanic National Park,Nonvascular Plant,Hypnales,Fontinalaceae,Fontinalis Moss,nan
Lassen Volcanic National Park,Nonvascular Plant,Hypnales,Fontinalaceae,Antifever Fontinalis Moss,nan
Lassen Volcanic National Park,Nonvascular Plant,Hypnales,Fontinalaceae,New Mexican Fontinalis Moss,nan
Lassen Volcanic National Park,Nonvascular Plant,Hypnales,Hypnaceae,Revolute Hypnum Moss,nan
Lassen Volcanic National Park,Nonvascular Plant,Hypnales,Hypnaceae,None,nan
Lassen Volcanic National Park,Nonvascular Plant,Hypnales,Hypnaceae,None,nan
Lassen Volcanic National Park,Nonvascular Plant,Hypnales,Hypnaceae,Jungermann's Platydictya Moss,nan
Lassen Volcanic National Park,Nonvascular Plant,Hypnales,Hypnaceae,Elegant Pseudotaxiphyllum Moss,nan
Lassen Volcanic National Park,Nonvascular Plant,Hypnales,Leskeaceae,Bolander's Claopodium Moss,nan
Lassen Volcanic National Park,Nonvascular Plant,Hypnales,Leskeaceae,Whipple's Claopodium Moss,nan
Lassen Volcanic National Park,Nonvascular Plant,Hypnales,Leskeaceae,Pseudoleskea Moss,nan
Lassen Volcanic National Park,Nonvascular Plant,Hypnales,Leskeaceae,Pseudoleskea Moss,nan
Lassen Volcanic National Park,Nonvascular Plant,Hypnales,Leucodontaceae,California Antitrichia Moss,nan
Lassen Volcanic National Park,Nonvascular Plant,Hypnales,Leucodontaceae,Dendroalsia Moss,nan
Lassen Volcanic National Park,Nonvascular Plant,Hypnales,Neckeraceae,Menzies' Metaneckera Moss,nan
Lassen Volcanic National Park,Nonvascular Plant,Hypnales,Neckeraceae,Bigelow's Porotrichum Moss,nan
Lassen Volcanic National Park,Nonvascular Plant,Hypnales,Plagiotheciaceae,Toothed Plagiothecium Moss,nan
Lassen Volcanic National Park,Nonvascular Plant,Hypnales,Pterigynandraceae,Pterigynandrum Moss,nan
Lassen Volcanic National Park,Nonvascular Plant,Jungermanniales,Lophocoleaceae,Chiloscyphus,nan
Lassen Volcanic National Park,Nonvascular Plant,Marchantiales,Marchantiaceae,Marchantia,nan
Lassen Volcanic National Park,Nonvascular Plant,Orthotrichales,Orthotrichaceae,Lapland Amphidium Moss,nan
Lassen Volcanic National Park,Nonvascular Plant,Orthotrichales,Orthotrichaceae,Orthotrichum Moss,nan
Lassen Volcanic National Park,Nonvascular Plant,Orthotrichales,Orthotrichaceae,Orthotrichum Moss,nan
Lassen Volcanic National Park,Nonvascular Plant,Orthotrichales,Orthotrichaceae,Orthotrichum Moss,nan
Lassen Volcanic National Park,Nonvascular Plant,Orthotrichales,Orthotrichaceae,Lyell's Orthotrichum Moss,nan
Lassen Volcanic National Park,Nonvascular Plant,Orthotrichales,Orthotrichaceae,Pylais' Orthotrichum Moss,nan
Lassen Volcanic National Park,Nonvascular Plant,Orthotrichales,Orthotrichaceae,Orthotrichum Moss,nan
Lassen Volcanic National Park,Nonvascular Plant,Polytrichales,Polytrichaceae,None,nan
Lassen Volcanic National Park,Nonvascular Plant,Polytrichales,Polytrichaceae,None,nan
Lassen Volcanic National Park,Nonvascular Plant,Polytrichales,Polytrichaceae,Alpine Polytrichastrum Moss,nan
Lassen Volcanic National Park,Nonvascular Plant,Polytrichales,Polytrichaceae,Polytrichum Moss,nan
Lassen Volcanic National Park,Nonvascular Plant,Polytrichales,Polytrichaceae,Polytrichum Moss,nan
Lassen Volcanic National Park,Nonvascular Plant,Polytrichales,Polytrichaceae,Juniper Polytrichum Moss,nan
Lassen Volcanic National Park,Nonvascular Plant,Polytrichales,Polytrichaceae,Lyall's Polytrichum Moss,nan
Lassen Volcanic National Park,Nonvascular Plant,Polytrichales,Polytrichaceae,Polytrichum Moss,nan
Lassen Volcanic National Park,Nonvascular Plant,Polytrichales,Polytrichaceae,Polytrichum Moss,nan
Lassen Volcanic National Park,Nonvascular Plant,Pottiales,Pottiaceae,Convoluted Barbula Moss,nan
Lassen Volcanic National Park,Nonvascular Plant,Pottiales,Pottiaceae,None,nan
Lassen Volcanic National Park,Nonvascular Plant,Pottiales,Pottiaceae,Wideleaf Desmatodon Moss,nan
Lassen Volcanic National Park,Nonvascular Plant,Pottiales,Pottiaceae,Obtuseleaf Desmatodon Moss,nan
Lassen Volcanic National Park,Nonvascular Plant,Pottiales,Pottiaceae,Didymodon Moss,nan
Lassen Volcanic National Park,Nonvascular Plant,Pottiales,Pottiaceae,Nicholson's Didymodon Moss,nan
Lassen Volcanic National Park,Nonvascular Plant,Pottiales,Pottiaceae,Gymnostomum Moss,nan
Lassen Volcanic National Park,Nonvascular Plant,Pottiales,Pottiaceae,Hymenostylium Moss,nan
Lassen Volcanic National Park,Nonvascular Plant,Pottiales,Pottiaceae,Timmiella Moss,nan
Lassen Volcanic National Park,Nonvascular Plant,Pottiales,Pottiaceae,Mucronleaf Tortula Moss,nan
Lassen Volcanic National Park,Nonvascular Plant,Pottiales,Pottiaceae,Tortula Moss,nan
Lassen Volcanic National Park,Nonvascular Plant,Pottiales,Pottiaceae,Norwegian Tortula Moss,nan
Lassen Volcanic National Park,Nonvascular Plant,Pottiales,Pottiaceae,Tortula Moss,nan
Lassen Volcanic National Park,Nonvascular Plant,Pottiales,Pottiaceae,Tortula Moss,nan
Lassen Volcanic National Park,Nonvascular Plant,Pottiales,Pottiaceae,Tortula Moss,nan
Lassen Volcanic National Park,Nonvascular Plant,Pottiales,Pottiaceae,Controverial Weissia Moss,nan
Lassen Volcanic National Park,Nonvascular Plant,Rhizogoniales,Aulacomniaceae,None,nan
Lassen Volcanic National Park,Nonvascular Plant,Rhizogoniales,Aulacomniaceae,Aulacomnium Moss,nan
Lassen Volcanic National Park,Nonvascular Plant,Rhizogoniales,Aulacomniaceae,Aulacomnium Moss,nan
Lassen Volcanic National Park,Nonvascular Plant,Scouleriales,Scouleriaceae,Blackmat Splashzone Moss,nan
Lassen Volcanic National Park,Nonvascular Plant,Sphagnales,Sphagnaceae,Sphagnum,nan
Lassen Volcanic National Park,Nonvascular Plant,Sphagnales,Sphagnaceae,Sphagnum,nan
Lassen Volcanic National Park,Nonvascular Plant,Sphagnales,Sphagnaceae,Sphagnum,nan
Lassen Volcanic National Park,Nonvascular Plant,Sphagnales,Sphagnaceae,Sphagnum,nan
Lassen Volcanic National Park,Nonvascular Plant,Sphagnales,Sphagnaceae,Sphagnum,nan
Lassen Volcanic National Park,Nonvascular Plant,Sphagnales,Sphagnaceae,Sphagnum,nan
Lassen Volcanic National Park,Nonvascular Plant,Timmiales,Timmiaceae,Austria Timmia Moss,nan
Lassen Volcanic National Park,Crab/Lobster/Shrimp,nan,nan,Copepods,nan
Lassen Volcanic National Park,Crab/Lobster/Shrimp,Amphipoda,Hyalellidae,None,nan
Lassen Volcanic National Park,Crab/Lobster/Shrimp,Amphipoda,Hyalidae,None,nan
Lassen Volcanic National Park,Crab/Lobster/Shrimp,Amphipoda,Hyalidae,None,nan
Lassen Volcanic National Park,Crab/Lobster/Shrimp,Anostraca,Branchinectidae,Alkali Fairy Shrimp,nan
Lassen Volcanic National Park,Crab/Lobster/Shrimp,Anostraca,Streptocephalidae,None,nan
Lassen Volcanic National Park,Crab/Lobster/Shrimp,Anostraca,Streptocephalidae,None,nan
Lassen Volcanic National Park,Crab/Lobster/Shrimp,Calanoida,Diaptomidae,Red Copepod,nan
Lassen Volcanic National Park,Crab/Lobster/Shrimp,Calanoida,Temoridae,None,nan
Lassen Volcanic National Park,Crab/Lobster/Shrimp,Diplostraca,nan,Water Fleas,nan
Lassen Volcanic National Park,Crab/Lobster/Shrimp,Diplostraca,Bosminidae,None,nan
Lassen Volcanic National Park,Crab/Lobster/Shrimp,Diplostraca,Daphniidae,None,nan
Lassen Volcanic National Park,Crab/Lobster/Shrimp,Diplostraca,Holopediidae,None,nan
Lassen Volcanic National Park,Crab/Lobster/Shrimp,Diplostraca,Holopediidae,None,nan
Lassen Volcanic National Park,Crab/Lobster/Shrimp,Notostraca,Triopsidae,None,nan
Lassen Volcanic National Park,Slug/Snail,Basommatophora,Ancylidae,None,nan
Lassen Volcanic National Park,Slug/Snail,Basommatophora,Lymnaeidae,None,nan
Lassen Volcanic National Park,Slug/Snail,Basommatophora,Lymnaeidae,Big-Eared Radix,nan
Lassen Volcanic National Park,Slug/Snail,Basommatophora,Planorbidae,None,nan
Lassen Volcanic National Park,Slug/Snail,Basommatophora,Planorbidae,Ash Gyro,nan
Lassen Volcanic National Park,Slug/Snail,Basommatophora,Planorbidae,None,nan
Lassen Volcanic National Park,Insect,nan,nan,None,nan
Lassen Volcanic National Park,Insect,nan,nan,None,nan
Lassen Volcanic National Park,Insect,nan,nan,None,nan
Lassen Volcanic National Park,Insect,nan,nan,None,nan
Lassen Volcanic National Park,Insect,nan,nan,None,nan
Lassen Volcanic National Park,Insect,Coleoptera,Curculionidae,None,nan
Lassen Volcanic National Park,Insect,Coleoptera,Curculionidae,Western Pine Beetle,nan
Lassen Volcanic National Park,Insect,Coleoptera,Curculionidae,Jeffrey Pine Beetle,nan
Lassen Volcanic National Park,Insect,Coleoptera,Curculionidae,Red Turpentine Beetle,nan
Lassen Volcanic National Park,Insect,Coleoptera,Curculionidae,None,nan
Lassen Volcanic National Park,Insect,Coleoptera,Curculionidae,None,nan
Lassen Volcanic National Park,Insect,Coleoptera,Curculionidae,California Fivespined Ips,nan
Lassen Volcanic National Park,Insect,Coleoptera,Curculionidae,None,nan
Lassen Volcanic National Park,Insect,Diptera,Chaoboridae,None,nan
Lassen Volcanic National Park,Insect,Diptera,Stratiomyidae,None,nan
Lassen Volcanic National Park,Insect,Ephemeroptera,nan,Mayflies,nan
Lassen Volcanic National Park,Insect,Hemiptera,Aradidae,None,nan
Lassen Volcanic National Park,Insect,Hemiptera,Belostomatidae,None,nan
Lassen Volcanic National Park,Insect,Hemiptera,Gerridae,None,nan
Lassen Volcanic National Park,Insect,Hymenoptera,Apidae,Honey Bee,nan
Lassen Volcanic National Park,Insect,Hymenoptera,Formicidae,None,nan
Lassen Volcanic National Park,Insect,Hymenoptera,Formicidae,None,nan
Lassen Volcanic National Park,Insect,Hymenoptera,Formicidae,Little Black Ant,nan
Lassen Volcanic National Park,Insect,Hymenoptera,Siricidae,None,nan
Lassen Volcanic National Park,Insect,Lepidoptera,Hesperiidae,Propertius Duskywing,nan
Lassen Volcanic National Park,Insect,Lepidoptera,Hesperiidae,None,nan
Lassen Volcanic National Park,Insect,Lepidoptera,Hesperiidae,Common Branded Skipper,nan
Lassen Volcanic National Park,Insect,Lepidoptera,Hesperiidae,Juba Skipper,nan
Lassen Volcanic National Park,Insect,Lepidoptera,Hesperiidae,"Eufala Skipper, Rice Leaffolder",nan
Lassen Volcanic National Park,Insect,Lepidoptera,Hesperiidae,None,nan
Lassen Volcanic National Park,Insect,Lepidoptera,Hesperiidae,None,nan
Lassen Volcanic National Park,Insect,Lepidoptera,Hesperiidae,Common Checkered-Skipper,nan
Lassen Volcanic National Park,Insect,Lepidoptera,Hesperiidae,Two-Banded Checkered-Skipper,nan
Lassen Volcanic National Park,Insect,Lepidoptera,Hesperiidae,None,nan
Lassen Volcanic National Park,Insect,Lepidoptera,Lycaenidae,None,nan
Lassen Volcanic National Park,Insect,Lepidoptera,Lycaenidae,None,nan
Lassen Volcanic National Park,Insect,Lepidoptera,Lycaenidae,None,nan
Lassen Volcanic National Park,Insect,Lepidoptera,Lycaenidae,None,nan
Lassen Volcanic National Park,Insect,Lepidoptera,Lycaenidae,None,nan
Lassen Volcanic National Park,Insect,Lepidoptera,Lycaenidae,None,nan
Lassen Volcanic National Park,Insect,Lepidoptera,Lycaenidae,None,nan
Lassen Volcanic National Park,Insect,Lepidoptera,Lycaenidae,None,nan
Lassen Volcanic National Park,Insect,Lepidoptera,Lycaenidae,None,nan
Lassen Volcanic National Park,Insect,Lepidoptera,Lycaenidae,None,nan
Lassen Volcanic National Park,Insect,Lepidoptera,Lycaenidae,None,nan
Lassen Volcanic National Park,Insect,Lepidoptera,Lycaenidae,None,nan
Lassen Volcanic National Park,Insect,Lepidoptera,Lycaenidae,None,nan
Lassen Volcanic National Park,Insect,Lepidoptera,Lycaenidae,None,nan
Lassen Volcanic National Park,Insect,Lepidoptera,Lycaenidae,None,nan
Lassen Volcanic National Park,Insect,Lepidoptera,Lycaenidae,None,nan
Lassen Volcanic National Park,Insect,Lepidoptera,Lycaenidae,None,nan
Lassen Volcanic National Park,Insect,Lepidoptera,Lycaenidae,None,nan
Lassen Volcanic National Park,Insect,Lepidoptera,Nymphalidae,None,nan
Lassen Volcanic National Park,Insect,Lepidoptera,Nymphalidae,None,nan
Lassen Volcanic National Park,Insect,Lepidoptera,Nymphalidae,None,nan
Lassen Volcanic National Park,Insect,Lepidoptera,Nymphalidae,None,nan
Lassen Volcanic National Park,Insect,Lepidoptera,Nymphalidae,None,nan
Lassen Volcanic National Park,Insect,Lepidoptera,Nymphalidae,None,nan
Lassen Volcanic National Park,Insect,Lepidoptera,Nymphalidae,"Monarch, Monarch Butterfly",nan
Lassen Volcanic National Park,Insect,Lepidoptera,Nymphalidae,Common Buckeye,nan
Lassen Volcanic National Park,Insect,Lepidoptera,Nymphalidae,None,nan
Lassen Volcanic National Park,Insect,Lepidoptera,Nymphalidae,None,nan
Lassen Volcanic National Park,Insect,Lepidoptera,Nymphalidae,None,nan
Lassen Volcanic National Park,Insect,Lepidoptera,Nymphalidae,None,nan
Lassen Volcanic National Park,Insect,Lepidoptera,Nymphalidae,None,nan
Lassen Volcanic National Park,Insect,Lepidoptera,Nymphalidae,None,nan
Lassen Volcanic National Park,Insect,Lepidoptera,Nymphalidae,None,nan
Lassen Volcanic National Park,Insect,Lepidoptera,Nymphalidae,None,nan
Lassen Volcanic National Park,Insect,Lepidoptera,Nymphalidae,None,nan
Lassen Volcanic National Park,Insect,Lepidoptera,Nymphalidae,None,nan
Lassen Volcanic National Park,Insect,Lepidoptera,Nymphalidae,None,nan
Lassen Volcanic National Park,Insect,Lepidoptera,Nymphalidae,None,nan
Lassen Volcanic National Park,Insect,Lepidoptera,Nymphalidae,None,nan
Lassen Volcanic National Park,Insect,Lepidoptera,Nymphalidae,None,nan
Lassen Volcanic National Park,Insect,Lepidoptera,Nymphalidae,None,nan
Lassen Volcanic National Park,Insect,Lepidoptera,Nymphalidae,"Painted Lady, Painted Lady",nan
Lassen Volcanic National Park,Insect,Lepidoptera,Nymphalidae,"American Lady, American Painted Lady, Painted Beauty",nan
Lassen Volcanic National Park,Insect,Lepidoptera,Papilionidae,None,nan
Lassen Volcanic National Park,Insect,Lepidoptera,Papilionidae,Anise Swallowtail,nan
Lassen Volcanic National Park,Insect,Lepidoptera,Papilionidae,None,nan
Lassen Volcanic National Park,Insect,Lepidoptera,Papilionidae,None,nan
Lassen Volcanic National Park,Insect,Lepidoptera,Papilionidae,None,nan
Lassen Volcanic National Park,Insect,Lepidoptera,Pieridae,None,nan
Lassen Volcanic National Park,Insect,Lepidoptera,Pieridae,None,nan
Lassen Volcanic National Park,Insect,Lepidoptera,Pieridae,None,nan
Lassen Volcanic National Park,Insect,Lepidoptera,Pieridae,"Alfalfa Caterpillar, Orange Sulphur",nan
Lassen Volcanic National Park,Insect,Lepidoptera,Pieridae,None,nan
Lassen Volcanic National Park,Insect,Lepidoptera,Pieridae,None,nan
Lassen Volcanic National Park,Insect,Lepidoptera,Pieridae,None,nan
Lassen Volcanic National Park,Insect,Lepidoptera,Pieridae,None,nan
Lassen Volcanic National Park,Insect,Lepidoptera,Pieridae,None,nan
Lassen Volcanic National Park,Insect,Odonata,nan,Dragonflies,nan
Lassen Volcanic National Park,Insect,Odonata,nan,Damselflies,nan
Lassen Volcanic National Park,Insect,Odonata,Coenagrionidae,None,nan
Lassen Volcanic National Park,Insect,Orthoptera,Acrididae,Differential Grasshopper,nan
Lassen Volcanic National Park,Invertebrate,Anthoathecatae,Hydridae,None,nan
Lassen Volcanic National Park,Invertebrate,Flosculariaceae,Conochilidae,Rotifer,nan
Lassen Volcanic National Park,Invertebrate,Flosculariaceae,Flosculariidae,Rotifer,nan
Lassen Volcanic National Park,Invertebrate,Flosculariaceae,Flosculariidae,None,nan
Lassen Volcanic National Park,Invertebrate,Haplosclerida,Spongillidae,Lake Sponge,nan
Lassen Volcanic National Park,Invertebrate,Neoophora,Planariidae,None,nan
Lassen Volcanic National Park,Invertebrate,Ploima,Asplanchnidae,None,Unknown
Lassen Volcanic National Park,Invertebrate,Ploima,Brachionidae,None,Unknown
Lassen Volcanic National Park,Invertebrate,Ploima,Brachionidae,None,Unknown
Lassen Volcanic National Park,Invertebrate,Ploima,Brachionidae,None,Unknown
Lassen Volcanic National Park,Invertebrate,Ploima,Gastropodidae,None,Unknown
Lassen Volcanic National Park,Invertebrate,Ploima,Lecanidae,None,Unknown
Lassen Volcanic National Park,Invertebrate,Ploima,Synchaetidae,None,Abundant
Lassen Volcanic National Park,Invertebrate,Ploima,Synchaetidae,None,Unknown
Lassen Volcanic National Park,Invertebrate,Plumatellida,Cristatellidae,None,nan
Lassen Volcanic National Park,Invertebrate,Rhynchobdellida,Glossiphoniidae,None,nan
Lassen Volcanic National Park,Invertebrate,Rhynchobdellida,Glossiphoniidae,None,nan
Lassen Volcanic National Park,Invertebrate,Veneroida,Pisidiidae,Pea Clam,nan
Lassen Volcanic National Park,Fungi,nan,nan,None,nan
Lassen Volcanic National Park,Fungi,nan,Astraeaceae,None,nan
Lassen Volcanic National Park,Fungi,nan,Melanogastraceae,None,nan
Lassen Volcanic National Park,Fungi,nan,Terfeziaceae,None,nan
Lassen Volcanic National Park,Fungi,Acarosporales,Acarosporaceae,None,nan
Lassen Volcanic National Park,Fungi,Agaricales,Strophariaceae,None,nan
Lassen Volcanic National Park,Fungi,Agaricales,Tricholomataceae,None,nan
Lassen Volcanic National Park,Fungi,Boletales,Boletaceae,None,nan
Lassen Volcanic National Park,Fungi,Boletales,Boletaceae,None,nan
Lassen Volcanic National Park,Fungi,Boletales,Boletaceae,None,nan
Lassen Volcanic National Park,Fungi,Boletales,Boletaceae,None,nan
Lassen Volcanic National Park,Fungi,Boletales,Melanogastraceae,None,nan
Lassen Volcanic National Park,Fungi,Candelariales,Candelariaceae,None,nan
Lassen Volcanic National Park,Fungi,Ceratiomyxales,Ceratiomyxaceae,None,nan
Lassen Volcanic National Park,Fungi,Endogonales,Endogonaceae,None,nan
Lassen Volcanic National Park,Fungi,Gomphales,Hysterangiaceae,None,nan
Lassen Volcanic National Park,Fungi,Lecanorales,Lecanoraceae,None,nan
Lassen Volcanic National Park,Fungi,Lecanorales,Lecanoraceae,None,nan
Lassen Volcanic National Park,Fungi,Lecanorales,Lecanoraceae,None,nan
Lassen Volcanic National Park,Fungi,Lecanorales,Lecanoraceae,None,nan
Lassen Volcanic National Park,Fungi,Lecanorales,Lecanoraceae,None,nan
Lassen Volcanic National Park,Fungi,Lecanorales,Lecanoraceae,None,nan
Lassen Volcanic National Park,Fungi,Lecanorales,Lecanoraceae,None,nan
Lassen Volcanic National Park,Fungi,Lecanorales,Parmeliaceae,None,nan
Lassen Volcanic National Park,Fungi,Lecanorales,Parmeliaceae,None,nan
Lassen Volcanic National Park,Fungi,Lecanorales,Parmeliaceae,None,nan
Lassen Volcanic National Park,Fungi,Lecanorales,Parmeliaceae,None,nan
Lassen Volcanic National Park,Fungi,Lecanorales,Parmeliaceae,None,nan
Lassen Volcanic National Park,Fungi,Lecanorales,Parmeliaceae,None,nan
Lassen Volcanic National Park,Fungi,Lecanorales,Parmeliaceae,None,nan
Lassen Volcanic National Park,Fungi,Lecanorales,Parmeliaceae,None,nan
Lassen Volcanic National Park,Fungi,Lecideales,Lecideaceae,None,nan
Lassen Volcanic National Park,Fungi,Lecideales,Lecideaceae,None,nan
Lassen Volcanic National Park,Fungi,Lecideales,Lecideaceae,None,nan
Lassen Volcanic National Park,Fungi,Lycoperdales,Lycoperdaceae,None,nan
Lassen Volcanic National Park,Fungi,Pezizales,Helvellaceae,None,nan
Lassen Volcanic National Park,Fungi,Pezizales,Pyronemataceae,None,nan
Lassen Volcanic National Park,Fungi,Phallales,Gomphaceae,None,nan
Lassen Volcanic National Park,Fungi,Physarales,Didymiaceae,None,nan
Lassen Volcanic National Park,Fungi,Physarales,Physaraceae,None,nan
Lassen Volcanic National Park,Fungi,Polyporales,Polyporaceae,None,nan
Lassen Volcanic National Park,Fungi,Rhizocarpales,Rhizocarpaceae,None,nan
Lassen Volcanic National Park,Fungi,Rhizocarpales,Rhizocarpaceae,World Map Lichen,nan
Lassen Volcanic National Park,Fungi,Rhytismatales,Rhytismataceae,None,nan
Lassen Volcanic National Park,Fungi,Russulales,Russulaceae,None,nan
Lassen Volcanic National Park,Fungi,Russulales,Russulaceae,None,nan
Lassen Volcanic National Park,Fungi,Russulales,Russulaceae,None,nan
Lassen Volcanic National Park,Fungi,Russulales,Russulaceae,None,nan
Lassen Volcanic National Park,Fungi,Teloschistales,Teloschistaceae,None,nan
Lassen Volcanic National Park,Fungi,Umbilicariales,Umbilicariaceae,None,nan
Lassen Volcanic National Park,Fungi,Verrucariales,Verrucariaceae,None,nan
Lassen Volcanic National Park,Algae,Gonyaulacales,Ceratiaceae,None,nan
Lassen Volcanic National Park,Algae,Naviculales,Pinnulariaceae,None,nan
Pinnacles National Park,Mammal,Artiodactyla,Bovidae,"Aurochs, Aurochs, Domestic Cattle (Feral), Domesticated Cattle",Occasional
Pinnacles National Park,Mammal,Artiodactyla,Bovidae,"Domestic Goat, Goat, Goat (Feral)",Occasional
Pinnacles National Park,Mammal,Artiodactyla,Cervidae,"Black-Tailed Deer, Mule Deer",Abundant
Pinnacles National Park,Mammal,Artiodactyla,Suidae,"Wild Boar, Pig, Hog",Abundant
Pinnacles National Park,Mammal,Carnivora,Canidae,Coyote,Abundant
Pinnacles National Park,Mammal,Carnivora,Canidae,"Common Gray Fox, Gray Fox",Uncommon
Pinnacles National Park,Mammal,Carnivora,Felidae,"Wild Cat, Wildcat",Occasional
Pinnacles National Park,Mammal,Carnivora,Felidae,Bobcat,Uncommon
Pinnacles National Park,Mammal,Carnivora,Felidae,"Cougar, Puma, Mountain Lion,",Uncommon
Pinnacles National Park,Mammal,Carnivora,Mephitidae,Striped Skunk,Common
Pinnacles National Park,Mammal,Carnivora,Mustelidae,Long-Tailed Weasel,Rare
Pinnacles National Park,Mammal,Carnivora,Mustelidae,North American Badger,Rare
Pinnacles National Park,Mammal,Carnivora,Procyonidae,"Cacomistle, Ring-Tail",nan
Pinnacles National Park,Mammal,Carnivora,Procyonidae,"Common Raccoon, Northern Raccoon, Raccoon",Common
Pinnacles National Park,Mammal,Chiroptera,Molossidae,"Greater Bonneted Bat, Western Bonneted Bat, Western Mastiff-Bat",Common
Pinnacles National Park,Mammal,Chiroptera,Molossidae,"Pocketed Free-Tailed Bat, Pocketed Free-Tailed Bat",nan
Pinnacles National Park,Mammal,Chiroptera,Molossidae,"Big Free-Tailed Bat, Big Free-Tailed Bat",nan
Pinnacles National Park,Mammal,Chiroptera,Molossidae,"Brazilian Free-Tailed Bat, Brazilian Free-Tailed Bat, Mexican Free-Tailed Bat",Abundant
Pinnacles National Park,Mammal,Chiroptera,Vespertilionidae,"Pallid Bat, Pallid Bat",Common
Pinnacles National Park,Mammal,Chiroptera,Vespertilionidae,Townsends' Big-Eared Bat,Common
Pinnacles National Park,Mammal,Chiroptera,Vespertilionidae,"Big Brown Bat, Big Brown Bat",Abundant
Pinnacles National Park,Mammal,Chiroptera,Vespertilionidae,"Spotted Bat, Spotted Bat",nan
Pinnacles National Park,Mammal,Chiroptera,Vespertilionidae,"Silver-Haired Bat, Silver-Haired Bat",nan
Pinnacles National Park,Mammal,Chiroptera,Vespertilionidae,"Red Bat, Western Red Bat, Western Red Bat",Uncommon
Pinnacles National Park,Mammal,Chiroptera,Vespertilionidae,"Eastern Red Bat, Eastern Red Bat, Red Bat",nan
Pinnacles National Park,Mammal,Chiroptera,Vespertilionidae,"Hoary Bat, Hoary Bat",Uncommon
Pinnacles National Park,Mammal,Chiroptera,Vespertilionidae,"California Myotis, California Myotis, Californian Myotis",Common
Pinnacles National Park,Mammal,Chiroptera,Vespertilionidae,"Small-Footed Myotis, Western Small-Footed Bat, Western Small-Footed Myotis",Common
Pinnacles National Park,Mammal,Chiroptera,Vespertilionidae,"Long-Eared Myotis, Long-Eared Myotis",Common
Pinnacles National Park,Mammal,Chiroptera,Vespertilionidae,"Eastern Small-Footed Bat, Eastern Small-Footed Myotis, Eastern Small-Footed Myotis, Small-Footed Myotis",nan
Pinnacles National Park,Mammal,Chiroptera,Vespertilionidae,"Little Brown Bat, Little Brown Myotis, Little Brown Myotis",nan
Pinnacles National Park,Mammal,Chiroptera,Vespertilionidae,"Fringed Myotis, Fringed Myotis",Common
Pinnacles National Park,Mammal,Chiroptera,Vespertilionidae,"Long-Legged Myotis, Long-Legged Myotis",Common
Pinnacles National Park,Mammal,Chiroptera,Vespertilionidae,"Yuma Myotis, Yuma Myotis",Abundant
Pinnacles National Park,Mammal,Chiroptera,Vespertilionidae,Western Pipistrelle,Abundant
Pinnacles National Park,Mammal,Didelphimorphia,Didelphidae,Virginia Opossum,Uncommon
Pinnacles National Park,Mammal,Lagomorpha,Leporidae,"Black-Tailed Jack Rabbit, Black-Tailed Jackrabbit",Abundant
Pinnacles National Park,Mammal,Lagomorpha,Leporidae,"Audubon's Cottontail, Desert Cottontail",Common
Pinnacles National Park,Mammal,Lagomorpha,Leporidae,Brush Rabbit,Common
Pinnacles National Park,Mammal,Rodentia,Cricetidae,"Amargosa Vole, California Vole",Common
Pinnacles National Park,Mammal,Rodentia,Cricetidae,Dusky-Footed Woodrat,Uncommon
Pinnacles National Park,Mammal,Rodentia,Cricetidae,Desert Woodrat,Common
Pinnacles National Park,Mammal,Rodentia,Cricetidae,"Brush Deermouse, Brush Mouse",Abundant
Pinnacles National Park,Mammal,Rodentia,Cricetidae,"California Deermouse, California Mouse",Abundant
Pinnacles National Park,Mammal,Rodentia,Cricetidae,Prairie Deer Mouse,Common
Pinnacles National Park,Mammal,Rodentia,Cricetidae,Pinyon Mouse,Abundant
Pinnacles National Park,Mammal,Rodentia,Cricetidae,Western Harvest Mouse,Abundant
Pinnacles National Park,Mammal,Rodentia,Geomyidae,Valley Pocket Gopher,Common
Pinnacles National Park,Mammal,Rodentia,Heteromyidae,California Pocket Mouse,Common
Pinnacles National Park,Mammal,Rodentia,Heteromyidae,Elephant-Eared Kangaroo Rat,Uncommon
Pinnacles National Park,Mammal,Rodentia,Heteromyidae,Heermann's Kangaroo Rat,Uncommon
Pinnacles National Park,Mammal,Rodentia,Heteromyidae,Narrow-Faced Kangaroo Rat,Uncommon
Pinnacles National Park,Mammal,Rodentia,Muridae,House Mouse,Uncommon
Pinnacles National Park,Mammal,Rodentia,Sciuridae,"Nelson's Antelope Ground Squirrel, Nelson's Antelope Squirrel, San Joaquin Antelope Ground Squirrel, San Joaquin Antelope Squirrel",nan
Pinnacles National Park,Mammal,Rodentia,Sciuridae,Western Gray Squirrel,nan
Pinnacles National Park,Mammal,Rodentia,Sciuridae,"Beechey Ground Squirrel, California Ground Squirrel",Abundant
Pinnacles National Park,Mammal,Rodentia,Sciuridae,Merriam's Chipmunk,Common
Pinnacles National Park,Mammal,Soricomorpha,Soricidae,"Ornate Shrew, Suisun Shrew",Uncommon
Pinnacles National Park,Mammal,Soricomorpha,Soricidae,Trowbridge's Shrew,nan
Pinnacles National Park,Mammal,Soricomorpha,Talpidae,Broad-Footed Mole,Uncommon
Pinnacles National Park,Bird,Accipitriformes,Accipitridae,Cooper's Hawk,Common
Pinnacles National Park,Bird,Accipitriformes,Accipitridae,Northern Goshawk,nan
Pinnacles National Park,Bird,Accipitriformes,Accipitridae,Sharp-Shinned Hawk,Uncommon
Pinnacles National Park,Bird,Accipitriformes,Accipitridae,Golden Eagle,Common
Pinnacles National Park,Bird,Accipitriformes,Accipitridae,Red-Tailed Hawk,Common
Pinnacles National Park,Bird,Accipitriformes,Accipitridae,Rough-Legged Hawk,Occasional
Pinnacles National Park,Bird,Accipitriformes,Accipitridae,Red-Shouldered Hawk,Common
Pinnacles National Park,Bird,Accipitriformes,Accipitridae,Broad-Winged Hawk,nan
Pinnacles National Park,Bird,Accipitriformes,Accipitridae,Ferruginous Hawk,Rare
Pinnacles National Park,Bird,Accipitriformes,Accipitridae,Swainson's Hawk,Occasional
Pinnacles National Park,Bird,Accipitriformes,Accipitridae,Northern Harrier,Rare
Pinnacles National Park,Bird,Accipitriformes,Accipitridae,White-Tailed Kite,Uncommon
Pinnacles National Park,Bird,Accipitriformes,Accipitridae,Bald Eagle,Rare
Pinnacles National Park,Bird,Accipitriformes,Cathartidae,Turkey Vulture,Abundant
Pinnacles National Park,Bird,Accipitriformes,Cathartidae,California Condor,Common
Pinnacles National Park,Bird,Accipitriformes,Pandionidae,"Osprey, Western Osprey",Rare
Pinnacles National Park,Bird,Anseriformes,Anatidae,Mallard,Rare
Pinnacles National Park,Bird,Anseriformes,Anatidae,Common Merganser,Occasional
Pinnacles National Park,Bird,Apodiformes,Apodidae,White-Throated Swift,Abundant
Pinnacles National Park,Bird,Apodiformes,Apodidae,Black Swift,Occasional
Pinnacles National Park,Bird,Apodiformes,Trochilidae,Black-Chinned Hummingbird,Occasional
Pinnacles National Park,Bird,Apodiformes,Trochilidae,Anna's Hummingbird,Common
Pinnacles National Park,Bird,Apodiformes,Trochilidae,Costa's Hummingbird,Uncommon
Pinnacles National Park,Bird,Apodiformes,Trochilidae,Rufous Hummingbird,Uncommon
Pinnacles National Park,Bird,Apodiformes,Trochilidae,Allen's Hummingbird,Uncommon
Pinnacles National Park,Bird,Apodiformes,Trochilidae,Calliope Hummingbird,Occasional
Pinnacles National Park,Bird,Caprimulgiformes,Caprimulgidae,Common Poorwill,Common
Pinnacles National Park,Bird,Charadriiformes,Charadriidae,Killdeer,Uncommon
Pinnacles National Park,Bird,Charadriiformes,Scolopacidae,Spotted Sandpiper,Rare
Pinnacles National Park,Bird,Charadriiformes,Scolopacidae,Western Sandpiper,Occasional
Pinnacles National Park,Bird,Charadriiformes,Scolopacidae,Least Sandpiper,Occasional
Pinnacles National Park,Bird,Charadriiformes,Scolopacidae,Common Snipe,Occasional
Pinnacles National Park,Bird,Charadriiformes,Scolopacidae,Lesser Yellowlegs,Occasional
Pinnacles National Park,Bird,Charadriiformes,Scolopacidae,Greater Yellowlegs,Occasional
Pinnacles National Park,Bird,Columbiformes,Columbidae,Band-Tailed Pigeon,Uncommon
Pinnacles National Park,Bird,Columbiformes,Columbidae,Rock Dove,Common
Pinnacles National Park,Bird,Columbiformes,Columbidae,White-Winged Dove,Occasional
Pinnacles National Park,Bird,Columbiformes,Columbidae,Mourning Dove,Common
Pinnacles National Park,Bird,Coraciiformes,Alcedinidae,Belted Kingfisher,Uncommon
Pinnacles National Park,Bird,Cuculiformes,Cuculidae,Greater Roadrunner,Uncommon
Pinnacles National Park,Bird,Falconiformes,Falconidae,Merlin,Rare
Pinnacles National Park,Bird,Falconiformes,Falconidae,Prairie Falcon,Common
Pinnacles National Park,Bird,Falconiformes,Falconidae,Peregrine Falcon,Rare
Pinnacles National Park,Bird,Falconiformes,Falconidae,American Kestrel,Common
Pinnacles National Park,Bird,Galliformes,Odontophoridae,California Quail,Abundant
Pinnacles National Park,Bird,Galliformes,Odontophoridae,Mountain Quail,Occasional
Pinnacles National Park,Bird,Galliformes,Phasianidae,Chukar,Uncommon
Pinnacles National Park,Bird,Galliformes,Phasianidae,Wild Turkey,Common
Pinnacles National Park,Bird,Gruiformes,Rallidae,American Coot,Occasional
Pinnacles National Park,Bird,Gruiformes,Rallidae,Virginia Rail,nan
Pinnacles National Park,Bird,Passeriformes,Aegithalidae,Bushtit,Abundant
Pinnacles National Park,Bird,Passeriformes,Bombycillidae,Cedar Waxwing,Uncommon
Pinnacles National Park,Bird,Passeriformes,Cardinalidae,Lazuli Bunting,Uncommon
Pinnacles National Park,Bird,Passeriformes,Cardinalidae,Black-Headed Grosbeak,Common
Pinnacles National Park,Bird,Passeriformes,Cardinalidae,Western Tanager,Uncommon
Pinnacles National Park,Bird,Passeriformes,Certhiidae,Brown Creeper,Rare
Pinnacles National Park,Bird,Passeriformes,Cinclidae,American Dipper,Occasional
Pinnacles National Park,Bird,Passeriformes,Corvidae,Western Scrub Jay,Abundant
Pinnacles National Park,Bird,Passeriformes,Corvidae,American Crow,Common
Pinnacles National Park,Bird,Passeriformes,Corvidae,Common Raven,Common
Pinnacles National Park,Bird,Passeriformes,Corvidae,Steller's Jay,Abundant
Pinnacles National Park,Bird,Passeriformes,Corvidae,Clark's Nutcracker,Occasional
Pinnacles National Park,Bird,Passeriformes,Corvidae,Yellow-Billed Magpie,Abundant
Pinnacles National Park,Bird,Passeriformes,Emberizidae,Rufous-Crowned Sparrow,Common
Pinnacles National Park,Bird,Passeriformes,Emberizidae,Sage Sparrow,Common
Pinnacles National Park,Bird,Passeriformes,Emberizidae,Lark Sparrow,Common
Pinnacles National Park,Bird,Passeriformes,Emberizidae,Dark-Eyed Junco,Abundant
Pinnacles National Park,Bird,Passeriformes,Emberizidae,Lincoln's Sparrow,Occasional
Pinnacles National Park,Bird,Passeriformes,Emberizidae,Song Sparrow,Common
Pinnacles National Park,Bird,Passeriformes,Emberizidae,Fox Sparrow,Uncommon
Pinnacles National Park,Bird,Passeriformes,Emberizidae,Green-Tailed Towhee,nan
Pinnacles National Park,Bird,Passeriformes,Emberizidae,California Towhee,Common
Pinnacles National Park,Bird,Passeriformes,Emberizidae,Spotted Towhee,Common
Pinnacles National Park,Bird,Passeriformes,Emberizidae,Black-Chinned Sparrow,Rare
Pinnacles National Park,Bird,Passeriformes,Emberizidae,Chipping Sparrow,nan
Pinnacles National Park,Bird,Passeriformes,Emberizidae,White-Throated Sparrow,Occasional
Pinnacles National Park,Bird,Passeriformes,Emberizidae,Golden-Crowned Sparrow,Abundant
Pinnacles National Park,Bird,Passeriformes,Emberizidae,White-Crowned Sparrow,Abundant
Pinnacles National Park,Bird,Passeriformes,Fringillidae,Lawrence's Goldfinch,Rare
Pinnacles National Park,Bird,Passeriformes,Fringillidae,Pine Siskin,Rare
Pinnacles National Park,Bird,Passeriformes,Fringillidae,Lesser Goldfinch,Common
Pinnacles National Park,Bird,Passeriformes,Fringillidae,American Goldfinch,Occasional
Pinnacles National Park,Bird,Passeriformes,Fringillidae,Cassin's Finch,Occasional
Pinnacles National Park,Bird,Passeriformes,Fringillidae,House Finch,Common
Pinnacles National Park,Bird,Passeriformes,Fringillidae,Purple Finch,Common
Pinnacles National Park,Bird,Passeriformes,Fringillidae,Evening Grosbeak,nan
Pinnacles National Park,Bird,Passeriformes,Hirundinidae,Barn Swallow,Occasional
Pinnacles National Park,Bird,Passeriformes,Hirundinidae,Cliff Swallow,Abundant
Pinnacles National Park,Bird,Passeriformes,Hirundinidae,Northern Rough-Winged Swallow,Uncommon
Pinnacles National Park,Bird,Passeriformes,Hirundinidae,Tree Swallow,Occasional
Pinnacles National Park,Bird,Passeriformes,Hirundinidae,Violet-Green Swallow,Common
Pinnacles National Park,Bird,Passeriformes,Icteridae,Red-Winged Blackbird,Common
Pinnacles National Park,Bird,Passeriformes,Icteridae,Brewer's Blackbird,Unknown
Pinnacles National Park,Bird,Passeriformes,Icteridae,Bullock's Oriole,Uncommon
Pinnacles National Park,Bird,Passeriformes,Icteridae,Brown-Headed Cowbird,Common
Pinnacles National Park,Bird,Passeriformes,Icteridae,Western Meadowlark,Common
Pinnacles National Park,Bird,Passeriformes,Laniidae,Loggerhead Shrike,Uncommon
Pinnacles National Park,Bird,Passeriformes,Mimidae,Northern Mockingbird,Occasional
Pinnacles National Park,Bird,Passeriformes,Mimidae,California Thrasher,Common
Pinnacles National Park,Bird,Passeriformes,Paridae,Oak Titmouse,Abundant
Pinnacles National Park,Bird,Passeriformes,Paridae,Chestnut-Backed Chickadee,Rare
Pinnacles National Park,Bird,Passeriformes,Parulidae,Yellow-Rumped Warbler,Common
Pinnacles National Park,Bird,Passeriformes,Parulidae,Black-Throated Gray Warbler,Uncommon
Pinnacles National Park,Bird,Passeriformes,Parulidae,Hermit Warbler,Rare
Pinnacles National Park,Bird,Passeriformes,Parulidae,Yellow Warbler,Uncommon
Pinnacles National Park,Bird,Passeriformes,Parulidae,Townsend's Warbler,Uncommon
Pinnacles National Park,Bird,Passeriformes,Parulidae,Common Yellowthroat,Occasional
Pinnacles National Park,Bird,Passeriformes,Parulidae,Yellow-Breasted Chat,Uncommon
Pinnacles National Park,Bird,Passeriformes,Parulidae,Macgillivray's Warbler,Rare
Pinnacles National Park,Bird,Passeriformes,Parulidae,Northern Waterthrush,nan
Pinnacles National Park,Bird,Passeriformes,Parulidae,Orange-Crowned Warbler,Abundant
Pinnacles National Park,Bird,Passeriformes,Parulidae,Nashville Warbler,Uncommon
Pinnacles National Park,Bird,Passeriformes,Parulidae,Hooded Warbler,Occasional
Pinnacles National Park,Bird,Passeriformes,Parulidae,Wilson's Warbler,Common
Pinnacles National Park,Bird,Passeriformes,Passeridae,House Sparrow,Occasional
Pinnacles National Park,Bird,Passeriformes,Polioptilidae,Blue-Gray Gnatcatcher,Common
Pinnacles National Park,Bird,Passeriformes,Ptilogonatidae,Phainopepla,Common
Pinnacles National Park,Bird,Passeriformes,Regulidae,Ruby-Crowned Kinglet,Common
Pinnacles National Park,Bird,Passeriformes,Regulidae,Golden-Crowned Kinglet,Occasional
Pinnacles National Park,Bird,Passeriformes,Sittidae,Red-Breasted Nuthatch,Rare
Pinnacles National Park,Bird,Passeriformes,Sittidae,White-Breasted Nuthatch,Common
Pinnacles National Park,Bird,Passeriformes,Sittidae,Pygmy Nuthatch,nan
Pinnacles National Park,Bird,Passeriformes,Sturnidae,"Common Starling, European Starling",Common
Pinnacles National Park,Bird,Passeriformes,Sylviidae,Wrentit,Abundant
Pinnacles National Park,Bird,Passeriformes,Troglodytidae,Canyon Wren,Common
Pinnacles National Park,Bird,Passeriformes,Troglodytidae,Rock Wren,Common
Pinnacles National Park,Bird,Passeriformes,Troglodytidae,Bewick's Wren,Abundant
Pinnacles National Park,Bird,Passeriformes,Troglodytidae,House Wren,Abundant
Pinnacles National Park,Bird,Passeriformes,Troglodytidae,Winter Wren,Occasional
Pinnacles National Park,Bird,Passeriformes,Turdidae,Hermit Thrush,Common
Pinnacles National Park,Bird,Passeriformes,Turdidae,Swainson's Thrush,Uncommon
Pinnacles National Park,Bird,Passeriformes,Turdidae,Varied Thrush,Common
Pinnacles National Park,Bird,Passeriformes,Turdidae,Townsend's Solitaire,Rare
Pinnacles National Park,Bird,Passeriformes,Turdidae,Mountain Bluebird,Occasional
Pinnacles National Park,Bird,Passeriformes,Turdidae,Western Bluebird,Common
Pinnacles National Park,Bird,Passeriformes,Turdidae,American Robin,Common
Pinnacles National Park,Bird,Passeriformes,Tyrannidae,Olive-Sided Flycatcher,Rare
Pinnacles National Park,Bird,Passeriformes,Tyrannidae,Western Wood-Pewee,Common
Pinnacles National Park,Bird,Passeriformes,Tyrannidae,Pacific-Slope Flycatcher,Common
Pinnacles National Park,Bird,Passeriformes,Tyrannidae,Hammond's Flycatcher,Occasional
Pinnacles National Park,Bird,Passeriformes,Tyrannidae,Willow Flycatcher,nan
Pinnacles National Park,Bird,Passeriformes,Tyrannidae,Ash-Throated Flycatcher,Common
Pinnacles National Park,Bird,Passeriformes,Tyrannidae,Black Phoebe,Abundant
Pinnacles National Park,Bird,Passeriformes,Tyrannidae,Say's Phoebe,Common
Pinnacles National Park,Bird,Passeriformes,Tyrannidae,Western Kingbird,Common
Pinnacles National Park,Bird,Passeriformes,Vireonidae,Bell's Vireo,Occasional
Pinnacles National Park,Bird,Passeriformes,Vireonidae,Cassin's Vireo,Uncommon
Pinnacles National Park,Bird,Passeriformes,Vireonidae,"Eastern Warbling Vireo, Warbling Vireo",Abundant
Pinnacles National Park,Bird,Passeriformes,Vireonidae,Hutton's Vireo,Common
Pinnacles National Park,Bird,Passeriformes,Vireonidae,"Blue-Headed Vireo, Solitary Vireo",Uncommon
Pinnacles National Park,Bird,Passeriformes,Vireonidae,Gray Vireo,Rare
Pinnacles National Park,Bird,Pelecaniformes,Ardeidae,Great Blue Heron,Occasional
Pinnacles National Park,Bird,Pelecaniformes,Ardeidae,Green Heron,Rare
Pinnacles National Park,Bird,Pelecaniformes,Pelecanidae,American White Pelican,Occasional
Pinnacles National Park,Bird,Piciformes,Picidae,Northern Flicker,Common
Pinnacles National Park,Bird,Piciformes,Picidae,Acorn Woodpecker,Abundant
Pinnacles National Park,Bird,Piciformes,Picidae,Lewis' Woodpecker,Occasional
Pinnacles National Park,Bird,Piciformes,Picidae,Nuttall's Woodpecker,Common
Pinnacles National Park,Bird,Piciformes,Picidae,Downy Woodpecker,Uncommon
Pinnacles National Park,Bird,Piciformes,Picidae,Hairy Woodpecker,Common
Pinnacles National Park,Bird,Piciformes,Picidae,Red-Breasted Sapsucker,Uncommon
Pinnacles National Park,Bird,Podicipediformes,Podicipedidae,Western Grebe,nan
Pinnacles National Park,Bird,Podicipediformes,Podicipedidae,Pied-Billed Grebe,Occasional
Pinnacles National Park,Bird,Strigiformes,Strigidae,Northern Saw-Whet Owl,Uncommon
Pinnacles National Park,Bird,Strigiformes,Strigidae,Long-Eared Owl,Rare
Pinnacles National Park,Bird,Strigiformes,Strigidae,Great Horned Owl,Common
Pinnacles National Park,Bird,Strigiformes,Strigidae,None,nan
Pinnacles National Park,Bird,Strigiformes,Strigidae,Northern Pygmy-Owl,Common
Pinnacles National Park,Bird,Strigiformes,Strigidae,Western Screech-Owl,Common
Pinnacles National Park,Bird,Strigiformes,Tytonidae,Barn Owl,Uncommon
Pinnacles National Park,Reptile,Squamata,Anguidae,Southern Alligator Lizard,Common
Pinnacles National Park,Reptile,Squamata,Anniellidae,Silvery Legless Lizard,Common
Pinnacles National Park,Reptile,Squamata,Charinidae,Rubber Boa,nan
Pinnacles National Park,Reptile,Squamata,Colubridae,Glossy Snake,nan
Pinnacles National Park,Reptile,Squamata,Colubridae,Yellow-Bellied Racer,nan
Pinnacles National Park,Reptile,Squamata,Colubridae,Sharp-Tailed Snake,Uncommon
Pinnacles National Park,Reptile,Squamata,Colubridae,Ringneck Snake,Uncommon
Pinnacles National Park,Reptile,Squamata,Colubridae,Night Snake,Common
Pinnacles National Park,Reptile,Squamata,Colubridae,California Kingsnake,Uncommon
Pinnacles National Park,Reptile,Squamata,Colubridae,California Mountain Kingsnake,nan
Pinnacles National Park,Reptile,Squamata,Colubridae,San Joaquin Coachwhip,Rare
Pinnacles National Park,Reptile,Squamata,Colubridae,California Striped Racer,Common
Pinnacles National Park,Reptile,Squamata,Colubridae,Gophersnake,Uncommon
Pinnacles National Park,Reptile,Squamata,Colubridae,Longnose Snake,Occasional
Pinnacles National Park,Reptile,Squamata,Colubridae,Western Black-Headed Snake,Occasional
Pinnacles National Park,Reptile,Squamata,Colubridae,Diablo Range Garter Snake,Uncommon
Pinnacles National Park,Reptile,Squamata,Colubridae,Two-Striped Gartersnake,nan
Pinnacles National Park,Reptile,Squamata,Colubridae,Common Gartersnake,Common
Pinnacles National Park,Reptile,Squamata,Iguanidae,Coast Horned Lizard,Common
Pinnacles National Park,Reptile,Squamata,Iguanidae,Sagebrush Lizard,nan
Pinnacles National Park,Reptile,Squamata,Iguanidae,Desert Spiny Lizard,nan
Pinnacles National Park,Reptile,Squamata,Iguanidae,Western Fence Lizard,Abundant
Pinnacles National Park,Reptile,Squamata,Iguanidae,Side-Blotched Lizard,Abundant
Pinnacles National Park,Reptile,Squamata,Scincidae,Gilbert's Skink,Uncommon
Pinnacles National Park,Reptile,Squamata,Scincidae,Western Skink,nan
Pinnacles National Park,Reptile,Squamata,Teiidae,Western Whiptail,Abundant
Pinnacles National Park,Reptile,Squamata,Viperidae,Western Rattlesnake,Uncommon
Pinnacles National Park,Reptile,Squamata,Xantusiidae,Desert Night Lizard,Common
Pinnacles National Park,Reptile,Testudines,Emydidae,Southwestern Pond Turtle,Rare
Pinnacles National Park,Amphibian,Anura,Bufonidae,Western Toad,Common
Pinnacles National Park,Amphibian,Anura,Hylidae,Pacific Tree Frog,Abundant
Pinnacles National Park,Amphibian,Anura,Ranidae,California Red-Legged Frog,Abundant
Pinnacles National Park,Amphibian,Anura,Ranidae,Foothill Yellow-Legged Frog,nan
Pinnacles National Park,Amphibian,Anura,Ranidae,Bullfrog,nan
Pinnacles National Park,Amphibian,Anura,Scaphiopodidae,Western Spadefoot,Occasional
Pinnacles National Park,Amphibian,Caudata,Plethodontidae,Arboreal Salamander,Abundant
Pinnacles National Park,Amphibian,Caudata,Plethodontidae,Gabilan Mountains Slender Salamander,Common
Pinnacles National Park,Amphibian,Caudata,Plethodontidae,Ensatina,Uncommon
Pinnacles National Park,Amphibian,Caudata,Salamandridae,California Newt,nan
Pinnacles National Park,Fish,Cypriniformes,Cyprinidae,Fathead Minnow,nan
Pinnacles National Park,Fish,Cyprinodontiformes,Poeciliidae,"Mosquitofish, Western Mosquitofish",Abundant
Pinnacles National Park,Fish,Gasterosteiformes,Gasterosteidae,"Alaskan Stickleback, Threespine Stickleback",Abundant
Pinnacles National Park,Fish,Perciformes,Centrarchidae,Sacramento Perch,nan
Pinnacles National Park,Fish,Perciformes,Centrarchidae,Green Sunfish,nan
Pinnacles National Park,Fish,Siluriformes,Ictaluridae,Black Bullhead,nan
Pinnacles National Park,Vascular Plant,nan,nan,Spanish Clover,Common
Pinnacles National Park,Vascular Plant,nan,nan,Chick Lupine,Unknown
Pinnacles National Park,Vascular Plant,nan,nan,None,nan
Pinnacles National Park,Vascular Plant,Alismatales,Araceae,"Common Duckweed, Least Duckweed, Lesser Duckweed",Unknown
Pinnacles National Park,Vascular Plant,Alismatales,Araceae,Least Duckweed,Unknown
Pinnacles National Park,Vascular Plant,Alismatales,Araceae,"Pale Duckweed, Valdivia Duckweed, Valdivia's Duckweed",Unknown
Pinnacles National Park,Vascular Plant,Alismatales,Potamogetonaceae,Leafy Pondweed,Unknown
Pinnacles National Park,Vascular Plant,Alismatales,Potamogetonaceae,Leafy Pondweed,nan
Pinnacles National Park,Vascular Plant,Alismatales,Potamogetonaceae,"Longleaf Pondweed, Long-Leaf Pondweed",Unknown
Pinnacles National Park,Vascular Plant,Apiales,Apiaceae,"Bur Chervil, Burr Chervil",Abundant
Pinnacles National Park,Vascular Plant,Apiales,Apiaceae,Mock Parsley,Common
Pinnacles National Park,Vascular Plant,Apiales,Apiaceae,None,Unknown
Pinnacles National Park,Vascular Plant,Apiales,Apiaceae,"Cutleaf Waterparsnip, Cut-Leaf-Water-Parsnip, Stalky Berula",Unknown
Pinnacles National Park,Vascular Plant,Apiales,Apiaceae,"Hairy Bowlesia, Hoary Bowlesia",Abundant
Pinnacles National Park,Vascular Plant,Apiales,Apiaceae,"Cigue Maculee, Cigue Tachetee, Deadly Hemlock, Poison Hemlock, Poison Parsley, Poison-Hemlock",Uncommon
Pinnacles National Park,Vascular Plant,Apiales,Apiaceae,"American Wild Carrot, Rattlesnake Carrot, Rattlesnake Weed, Southwest Wild Carrot",Unknown
Pinnacles National Park,Vascular Plant,Apiales,Apiaceae,California Lomatium,Common
Pinnacles National Park,Vascular Plant,Apiales,Apiaceae,Woollyfruit Desertparsley,Common
Pinnacles National Park,Vascular Plant,Apiales,Apiaceae,Woollyfruit Desertparsley,nan
Pinnacles National Park,Vascular Plant,Apiales,Apiaceae,Common Lomatium,Common
Pinnacles National Park,Vascular Plant,Apiales,Apiaceae,"California Sweetcicely, California Sweet-Cicely",Uncommon
Pinnacles National Park,Vascular Plant,Apiales,Apiaceae,California Yampah,Common
Pinnacles National Park,Vascular Plant,Apiales,Apiaceae,Poison Sanicle,Unknown
Pinnacles National Park,Vascular Plant,Apiales,Apiaceae,Purple Sanicle,Common
Pinnacles National Park,Vascular Plant,Apiales,Apiaceae,Pacific Blacksnakeroot,Common
Pinnacles National Park,Vascular Plant,Apiales,Apiaceae,Coastal Blacksnakeroot,Unknown
Pinnacles National Park,Vascular Plant,Apiales,Apiaceae,Turkey Pea,Common
Pinnacles National Park,Vascular Plant,Apiales,Apiaceae,"Shepherd's Needle, Shepherdsneedle",nan
Pinnacles National Park,Vascular Plant,Apiales,Apiaceae,Hartweg's Umbrellawort,Unknown
Pinnacles National Park,Vascular Plant,Apiales,Apiaceae,"Canada Hedgeparsley, Hedge Parsley, Hedgeparsley, Spreading Hedgeparsley",Unknown
Pinnacles National Park,Vascular Plant,Apiales,Apiaceae,"Knotted Hedgeparsley, Knotted Hedge-Parsley",nan
Pinnacles National Park,Vascular Plant,Apiales,Apiaceae,"False Carrot, False Hedge-Parsley, Falsecarrot",Common
Pinnacles National Park,Vascular Plant,Apiales,Araliaceae,"Manyflower Marshpennywort, Umbrella Pennyroyal",Uncommon
Pinnacles National Park,Vascular Plant,Asparagales,Amaryllidaceae,Cascade Onion,Unknown
Pinnacles National Park,Vascular Plant,Asparagales,Amaryllidaceae,Crinkled Onion,Unknown
Pinnacles National Park,Vascular Plant,Asparagales,Amaryllidaceae,Fringed Onion,Unknown
Pinnacles National Park,Vascular Plant,Asparagales,Amaryllidaceae,Pitted Onion,nan
Pinnacles National Park,Vascular Plant,Asparagales,Amaryllidaceae,Pitted Onion,Unknown
Pinnacles National Park,Vascular Plant,Asparagales,Asparagaceae,Common Goldenstar,Common
Pinnacles National Park,Vascular Plant,Asparagales,Asparagaceae,Dwarf Brodiaea,Unknown
Pinnacles National Park,Vascular Plant,Asparagales,Asparagaceae,Wavyleaf Soap Plant,Unknown
Pinnacles National Park,Vascular Plant,Asparagales,Asparagaceae,Bluedicks,nan
Pinnacles National Park,Vascular Plant,Asparagales,Asparagaceae,"Bluedick, Bluedicks",Abundant
Pinnacles National Park,Vascular Plant,Asparagales,Asparagaceae,Our Lord's Candle,Rare
Pinnacles National Park,Vascular Plant,Asparagales,Asparagaceae,"White Brodiaea, Wild Hyacinth",Unknown
Pinnacles National Park,Vascular Plant,Asparagales,Asparagaceae,Coast Range Triteleia,Unknown
Pinnacles National Park,Vascular Plant,Asparagales,Iridaceae,"Paleyellow Iris, Yellow Flag",nan
Pinnacles National Park,Vascular Plant,Asparagales,Iridaceae,Western Blue-Eyed Grass,Rare
Pinnacles National Park,Vascular Plant,Asparagales,Orchidaceae,Elegant Piperia,Unknown
Pinnacles National Park,Vascular Plant,Asparagales,Orchidaceae,Denseflower Rein Orchid,Unknown
Pinnacles National Park,Vascular Plant,Asterales,Asteraceae,"Bloodwort, Carpenter's Weed, Common Yarrow, Hierba De Las Cortaduras, Milenrama, Milfoil, Plumajillo, Western Yarrow, Yarrow",Unknown
Pinnacles National Park,Vascular Plant,Asterales,Asteraceae,"Blow Wives, Soft Blow Wives",Unknown
Pinnacles National Park,Vascular Plant,Asterales,Asteraceae,Coast Dandelion,Unknown
Pinnacles National Park,Vascular Plant,Asterales,Asteraceae,"Bigflower Agoseris, Shortbeak Agoseris",Unknown
Pinnacles National Park,Vascular Plant,Asterales,Asteraceae,"Annual Agoseris, Annual Goatsbeard, Mountain Dandelion",Common
Pinnacles National Park,Vascular Plant,Asterales,Asteraceae,Spearleaf Agoseris,Unknown
Pinnacles National Park,Vascular Plant,Asterales,Asteraceae,Annual Bursage,Unknown
Pinnacles National Park,Vascular Plant,Asterales,Asteraceae,"Common Pearlyeverlasting, Pearly Everlasting, Pearly-Everlasting, Western Pearly Everlasting, Western Pearlyeverlasting",Unknown
Pinnacles National Park,Vascular Plant,Asterales,Asteraceae,"False Neststraw, Hooded Neststraw",Unknown
Pinnacles National Park,Vascular Plant,Asterales,Asteraceae,"Chamomile, Dog Fennel, Dogfennel, Mayweed, Mayweed Chamomile, Mayweed Dogfennel, Stinking Chamomile, Stinkweed",Unknown
Pinnacles National Park,Vascular Plant,Asterales,Asteraceae,"Biennial Sagewort, Biennial Wormwood",Unknown
Pinnacles National Park,Vascular Plant,Asterales,Asteraceae,Coastal Sagebrush,Unknown
Pinnacles National Park,Vascular Plant,Asterales,Asteraceae,"Douglas' Mugwort, Douglas' Sagewort",Common
Pinnacles National Park,Vascular Plant,Asterales,Asteraceae,"False Tarragon, Green Sagewort, Silky Wormwood, Tarragon, Wormwood",Common
Pinnacles National Park,Vascular Plant,Asterales,Asteraceae,Saltmarsh Baccharis,Unknown
Pinnacles National Park,Vascular Plant,Asterales,Asteraceae,Coyotebrush,Common
Pinnacles National Park,Vascular Plant,Asterales,Asteraceae,"Mule-Fat, Mule's Fat, Seep Willow, Seepwillow, Seepwillow Baccharis",Common
Pinnacles National Park,Vascular Plant,Asterales,Asteraceae,Big Tarweed,Uncommon
Pinnacles National Park,Vascular Plant,Asterales,Asteraceae,Big Tarweed,nan
Pinnacles National Park,Vascular Plant,Asterales,Asteraceae,"California Brickellbush, Jepson's Brickellbush",Uncommon
Pinnacles National Park,Vascular Plant,Asterales,Asteraceae,Indian Thistle,Common
Pinnacles National Park,Vascular Plant,Asterales,Asteraceae,"Italian Thistle, Slenderflower Thistle, Slender-Flowered Thistle, Winged Plumeless Thistle, Winged Thistle",Unknown
Pinnacles National Park,Vascular Plant,Asterales,Asteraceae,"Malta Starthistle, Maltese Star Thistle, Maltese Star-Thistle, Napa Thistle, Spotted Knapweed, Tocalote",Abundant
Pinnacles National Park,Vascular Plant,Asterales,Asteraceae,"Yellow Star Thistle, Yellow Starthistle, Yellow Star-Thistle",Common
Pinnacles National Park,Vascular Plant,Asterales,Asteraceae,Fitch's Spikeweed,Unknown
Pinnacles National Park,Vascular Plant,Asterales,Asteraceae,Yellow Pincushion,Unknown
Pinnacles National Park,Vascular Plant,Asterales,Asteraceae,Yellow Pincushion,Unknown
Pinnacles National Park,Vascular Plant,Asterales,Asteraceae,None,Common
Pinnacles National Park,Vascular Plant,Asterales,Asteraceae,Cobwebby Thistle,nan
Pinnacles National Park,Vascular Plant,Asterales,Asteraceae,Cobwebby Thistle,Unknown
Pinnacles National Park,Vascular Plant,Asterales,Asteraceae,"Bull Thistle, Common Thistle, Spear Thistle",Unknown
Pinnacles National Park,Vascular Plant,Asterales,Asteraceae,"Canada Horseweed, Canadian Horseweed, Horseweed, Horseweed Fleabane, Mares Tail, Marestail",Unknown
Pinnacles National Park,Vascular Plant,Asterales,Asteraceae,None,Unknown
Pinnacles National Park,Vascular Plant,Asterales,Asteraceae,Leafstem Tickseed,nan
Pinnacles National Park,Vascular Plant,Asterales,Asteraceae,Douglas' Tickseed,Unknown
Pinnacles National Park,Vascular Plant,Asterales,Asteraceae,"Brassbuttons, Common Brassbuttons",Unknown
Pinnacles National Park,Vascular Plant,Asterales,Asteraceae,Three-Rayed Tarweed,nan
Pinnacles National Park,Vascular Plant,Asterales,Asteraceae,Salinas River Tarplant,Unknown
Pinnacles National Park,Vascular Plant,Asterales,Asteraceae,Leafy Fleabane,Unknown
Pinnacles National Park,Vascular Plant,Asterales,Asteraceae,Rockloving Erigeron,Unknown
Pinnacles National Park,Vascular Plant,Asterales,Asteraceae,Golden-Yarrow,Abundant
Pinnacles National Park,Vascular Plant,Asterales,Asteraceae,"Manystem Woolly Sunflower, Many-Stem Woolly-Sunflower",Unknown
Pinnacles National Park,Vascular Plant,Asterales,Asteraceae,Seaside Woolly Sunflower,nan
Pinnacles National Park,Vascular Plant,Asterales,Asteraceae,"Western Goldenrod, Western Goldentop",Unknown
Pinnacles National Park,Vascular Plant,Asterales,Asteraceae,"California Cottonrose, California Fluffweed",Common
Pinnacles National Park,Vascular Plant,Asterales,Asteraceae,Narrowleaf Cottonrose,Abundant
Pinnacles National Park,Vascular Plant,Asterales,Asteraceae,None,Unknown
Pinnacles National Park,Vascular Plant,Asterales,Asteraceae,None,Unknown
Pinnacles National Park,Vascular Plant,Asterales,Asteraceae,None,Common
Pinnacles National Park,Vascular Plant,Asterales,Asteraceae,None,Unknown
Pinnacles National Park,Vascular Plant,Asterales,Asteraceae,"Cudweed, Lowland Cudweed, Marsh Everlasting, Western Marsh Cudweed",Unknown
Pinnacles National Park,Vascular Plant,Asterales,Asteraceae,None,Unknown
Pinnacles National Park,Vascular Plant,Asterales,Asteraceae,Great Valley Gumweed,Unknown
Pinnacles National Park,Vascular Plant,Asterales,Asteraceae,"California Snakeweed, San Joaquin Snakeweed",Unknown
Pinnacles National Park,Vascular Plant,Asterales,Asteraceae,Rosilla,Common
Pinnacles National Park,Vascular Plant,Asterales,Asteraceae,Three-Rayed Tarweed,Common
Pinnacles National Park,Vascular Plant,Asterales,Asteraceae,Stemless Dwarf-Cudweed,Unknown
Pinnacles National Park,Vascular Plant,Asterales,Asteraceae,"Telegraph Weed, Telegraphweed",Unknown
Pinnacles National Park,Vascular Plant,Asterales,Asteraceae,Sessileflower False Goldenaster,nan
Pinnacles National Park,Vascular Plant,Asterales,Asteraceae,Sessileflower False Goldenaster,Common
Pinnacles National Park,Vascular Plant,Asterales,Asteraceae,"Redray Alpinegold, Redray Hulsea",nan
Pinnacles National Park,Vascular Plant,Asterales,Asteraceae,"Smooth Cat's Ear, Smooth Catsear",Abundant
Pinnacles National Park,Vascular Plant,Asterales,Asteraceae,"Common Cat's-Ear, False Dandelion, Frogbit, Gosmore, Hairy Cat's Ear, Hairy Catsear, Spotted Catsear",Abundant
Pinnacles National Park,Vascular Plant,Asterales,Asteraceae,None,Unknown
Pinnacles National Park,Vascular Plant,Asterales,Asteraceae,"China Lettuce, Prickly Lettuce, Wild Lettuce",Unknown
Pinnacles National Park,Vascular Plant,Asterales,Asteraceae,"Branched Hareleaf, Branched Lagophylla",Common
Pinnacles National Park,Vascular Plant,Asterales,Asteraceae,"California Goldfields, Goldfields",Unknown
Pinnacles National Park,Vascular Plant,Asterales,Asteraceae,Smallray Goldfields,Unknown
Pinnacles National Park,Vascular Plant,Asterales,Asteraceae,Woodland Tidytips,nan
Pinnacles National Park,Vascular Plant,Asterales,Asteraceae,"White Tidytips, Whitedaisy Tidytips",Unknown
Pinnacles National Park,Vascular Plant,Asterales,Asteraceae,None,nan
Pinnacles National Park,Vascular Plant,Asterales,Asteraceae,Tall Tidytips,Unknown
Pinnacles National Park,Vascular Plant,Asterales,Asteraceae,Sierra Tidytips,Unknown
Pinnacles National Park,Vascular Plant,Asterales,Asteraceae,"Lemmon's Lessingia, Valley Lessingia",Unknown
Pinnacles National Park,Vascular Plant,Asterales,Asteraceae,Spring Lessingia,Unknown
Pinnacles National Park,Vascular Plant,Asterales,Asteraceae,Common Madia,Unknown
Pinnacles National Park,Vascular Plant,Asterales,Asteraceae,Spring Madia,nan
Pinnacles National Park,Vascular Plant,Asterales,Asteraceae,Small Tarweed,Unknown
Pinnacles National Park,Vascular Plant,Asterales,Asteraceae,"Grassy Tarweed, Slender Tarweed",Unknown
Pinnacles National Park,Vascular Plant,Asterales,Asteraceae,"Chilean Tarweed, Coast Tarweed, Tarweed",Unknown
Pinnacles National Park,Vascular Plant,Asterales,Asteraceae,"California Desert Dandelion, California Desertdandelion",Unknown
Pinnacles National Park,Vascular Plant,Asterales,Asteraceae,"Cleveland's Desert Dandelion, Cleveland's Desertdandelion",Unknown
Pinnacles National Park,Vascular Plant,Asterales,Asteraceae,"Woolly Desertdandelion, Wooly Desert Dandelion",Unknown
Pinnacles National Park,Vascular Plant,Asterales,Asteraceae,Q-Tips,Common
Pinnacles National Park,Vascular Plant,Asterales,Asteraceae,Douglas' Silverpuffs,Unknown
Pinnacles National Park,Vascular Plant,Asterales,Asteraceae,Common Monolopia,nan
Pinnacles National Park,Vascular Plant,Asterales,Asteraceae,Brewer's Butterweed,Common
Pinnacles National Park,Vascular Plant,Asterales,Asteraceae,Tiny Pygmydaisy,Unknown
Pinnacles National Park,Vascular Plant,Asterales,Asteraceae,Slender Pentachaeta,Unknown
Pinnacles National Park,Vascular Plant,Asterales,Asteraceae,Meager Pygmydaisy,Unknown
Pinnacles National Park,Vascular Plant,Asterales,Asteraceae,Bristly Oxtongue,nan
Pinnacles National Park,Vascular Plant,Asterales,Asteraceae,Short Woollyheads,nan
Pinnacles National Park,Vascular Plant,Asterales,Asteraceae,Slender Woollyheads,Unknown
Pinnacles National Park,Vascular Plant,Asterales,Asteraceae,"California Chicory, California Plumeseed",Common
Pinnacles National Park,Vascular Plant,Asterales,Asteraceae,Wireweed,Unknown
Pinnacles National Park,Vascular Plant,Asterales,Asteraceae,San Luis Obispo Butterweed,Unknown
Pinnacles National Park,Vascular Plant,Asterales,Asteraceae,California Ragwort,Unknown
Pinnacles National Park,Vascular Plant,Asterales,Asteraceae,"Douglas' Groundsel, Douglas' Ragwort, Douglas' Senecio",Common
Pinnacles National Park,Vascular Plant,Asterales,Asteraceae,"Common Groundsel, Old-Man-In-The-Spring",Common
Pinnacles National Park,Vascular Plant,Asterales,Asteraceae,"Blessed Milkthistle, Blessed Milk-Thistle, Milk Thistle, Spotted Thistle, Variegated Thistle",Unknown
Pinnacles National Park,Vascular Plant,Asterales,Asteraceae,California Goldenrod,Unknown
Pinnacles National Park,Vascular Plant,Asterales,Asteraceae,Spiny Sowthistle,Unknown
Pinnacles National Park,Vascular Plant,Asterales,Asteraceae,"Annual Sowthistle, Common Sowthistle, Common Sow-Thistle, Pualele, Sow Thistle, Sow-Thistle",Unknown
Pinnacles National Park,Vascular Plant,Asterales,Asteraceae,"Grassland Silverpuffs, Silverpuffs",Unknown
Pinnacles National Park,Vascular Plant,Asterales,Asteraceae,Tall Stephanomeria,Common
Pinnacles National Park,Vascular Plant,Asterales,Asteraceae,Mountain Neststraw,Unknown
Pinnacles National Park,Vascular Plant,Asterales,Asteraceae,"Blowball, Common Dandelion, Dandelion, Faceclock",Unknown
Pinnacles National Park,Vascular Plant,Asterales,Asteraceae,"Common Salsify, Goat's Beard, Goatsbeard, Meadow Goat's-Beard, Salsifis Majeur, Salsify, Western Goat's Beard, Western Salsify, Wild Oysterplant, Yellow Goat's Beard, Yellow Salsify",Rare
Pinnacles National Park,Vascular Plant,Asterales,Asteraceae,Lindley's Silverpuffs,Common
Pinnacles National Park,Vascular Plant,Asterales,Asteraceae,Whitehead Mule-Ears,Unknown
Pinnacles National Park,Vascular Plant,Asterales,Asteraceae,"Bathurst Burr, Cocklebur, Spiny Cocklebur, Spiny Cockleburr",nan
Pinnacles National Park,Vascular Plant,Asterales,Asteraceae,"Canada Cocklebur, Cocklebur, Cockleburr, Common Cocklebur, Rough Cocklebur, Rough Cockleburr",Unknown
Pinnacles National Park,Vascular Plant,Asterales,Campanulaceae,Griffin's Bellflower,nan
Pinnacles National Park,Vascular Plant,Asterales,Campanulaceae,Common Bluecup,Common
Pinnacles National Park,Vascular Plant,Asterales,Campanulaceae,"Rareflower Heterocodon, Western Pearlflower",Unknown
Pinnacles National Park,Vascular Plant,Asterales,Campanulaceae,Slender Threadplant,Unknown
Pinnacles National Park,Vascular Plant,Asterales,Campanulaceae,Onesided Threadplant,nan
Pinnacles National Park,Vascular Plant,Boraginales,Boraginaceae,"Coast Buckthorn, Coast Fiddleneck, Common Fiddleneck, Intermediate Fiddleneck",Abundant
Pinnacles National Park,Vascular Plant,Boraginales,Boraginaceae,"Menzies' Fiddleneck, Rigid Fiddleneck",Unknown
Pinnacles National Park,Vascular Plant,Boraginales,Boraginaceae,Bristly Fiddleneck,Unknown
Pinnacles National Park,Vascular Plant,Boraginales,Boraginaceae,"Gravel Cryptantha, Gravel-Bar Catseye, Gravelbar Cryptantha",Unknown
Pinnacles National Park,Vascular Plant,Boraginales,Boraginaceae,Weakstem Cryptantha,nan
Pinnacles National Park,Vascular Plant,Boraginales,Boraginaceae,"Clearwater Catseye, Clearwater Cryptantha, Common Cryptantha",Unknown
Pinnacles National Park,Vascular Plant,Boraginales,Boraginaceae,Tejon Cryptantha,Unknown
Pinnacles National Park,Vascular Plant,Boraginales,Boraginaceae,"Pointed Catseye, Pointed Cryptantha, Prickly Cryptantha",Unknown
Pinnacles National Park,Vascular Plant,Boraginales,Boraginaceae,Pacific Hound's Tongue,Rare
Pinnacles National Park,Vascular Plant,Boraginales,Boraginaceae,Woolly Yerba Santa,Common
Pinnacles National Park,Vascular Plant,Boraginales,Boraginaceae,None,nan
Pinnacles National Park,Vascular Plant,Boraginales,Boraginaceae,"Shortleaf Combseed, Sleeping Combseed, Winged Combseed",Unknown
Pinnacles National Park,Vascular Plant,Boraginales,Boraginaceae,"Little Combseed, Purple Prairieclover",Unknown
Pinnacles National Park,Vascular Plant,Boraginales,Boraginaceae,Bracted Popcornflower,Unknown
Pinnacles National Park,Vascular Plant,Boraginales,Boraginaceae,Valley Popcornflower,Unknown
Pinnacles National Park,Vascular Plant,Boraginales,Boraginaceae,Cooper's Popcornflower,nan
Pinnacles National Park,Vascular Plant,Boraginales,Boraginaceae,Rusty Popcornflower,Common
Pinnacles National Park,Vascular Plant,Boraginales,Boraginaceae,Pacific Popcornflower,Unknown
Pinnacles National Park,Vascular Plant,Boraginales,Boraginaceae,Hooked Popcorn-Flower,Unknown
Pinnacles National Park,Vascular Plant,Boraginales,Heliotropiaceae,"Quail Plant, Salt Heliotrope, Seaside Heliotrope",Common
Pinnacles National Park,Vascular Plant,Boraginales,Hydrophyllaceae,Whisperingbells,Common
Pinnacles National Park,Vascular Plant,Boraginales,Hydrophyllaceae,Whisperingbells,Unknown
Pinnacles National Park,Vascular Plant,Boraginales,Hydrophyllaceae,Spotted Hideseed,Common
Pinnacles National Park,Vascular Plant,Boraginales,Hydrophyllaceae,Baby Blue Eyes,Unknown
Pinnacles National Park,Vascular Plant,Boraginales,Hydrophyllaceae,Smallflower Nemophila,Unknown
Pinnacles National Park,Vascular Plant,Boraginales,Hydrophyllaceae,"Littlefoot Blue-Eyes, Littlefoot Nemophila",Unknown
Pinnacles National Park,Vascular Plant,Boraginales,Hydrophyllaceae,Fremont's Baby Blue Eyes,nan
Pinnacles National Park,Vascular Plant,Boraginales,Hydrophyllaceae,Shortlobe Phacelia,Unknown
Pinnacles National Park,Vascular Plant,Boraginales,Hydrophyllaceae,"Distant Phacelia, Distant Scorpion-Weed",Common
Pinnacles National Park,Vascular Plant,Boraginales,Hydrophyllaceae,Imbricate Phacelia,nan
Pinnacles National Park,Vascular Plant,Boraginales,Hydrophyllaceae,Imbricate Phacelia,Unknown
Pinnacles National Park,Vascular Plant,Boraginales,Hydrophyllaceae,Stinging Phacelia,Common
Pinnacles National Park,Vascular Plant,Boraginales,Hydrophyllaceae,Branching Phacelia,Unknown
Pinnacles National Park,Vascular Plant,Boraginales,Hydrophyllaceae,"Rattan Phacelia, Rattan's Phacelia",Unknown
Pinnacles National Park,Vascular Plant,Boraginales,Hydrophyllaceae,"Blue Fiestaflower, Blue Fiesta-Flower, Desert Fiestaflower",nan
Pinnacles National Park,Vascular Plant,Boraginales,Hydrophyllaceae,Blue Fiestaflower,Common
Pinnacles National Park,Vascular Plant,Boraginales,Hydrophyllaceae,White Fiestaflower,Unknown
Pinnacles National Park,Vascular Plant,Brassicales,Brassicaceae,Brewer's Rockcress,nan
Pinnacles National Park,Vascular Plant,Brassicales,Brassicaceae,Brewer's Rockcress,Rare
Pinnacles National Park,Vascular Plant,Brassicales,Brassicaceae,"Rock Cress, Tower Rockcress",Unknown
Pinnacles National Park,Vascular Plant,Brassicales,Brassicaceae,"Common Sandweed, Dwarf Anthysanus",Common
Pinnacles National Park,Vascular Plant,Brassicales,Brassicaceae,"Black Mustard, Shortpod Mustard",Unknown
Pinnacles National Park,Vascular Plant,Brassicales,Brassicaceae,"Bird's Rape, Birdsrape Mustard, Field Mustard, Rape, Rape Mustard, Turnip Rape, Wild Mustard, Wild Rutabaga, Wild Turnip",Unknown
Pinnacles National Park,Vascular Plant,Brassicales,Brassicaceae,"Shepherdspurse, Shepherd's-Purse",Unknown
Pinnacles National Park,Vascular Plant,Brassicales,Brassicaceae,Milkmaids,Common
Pinnacles National Park,Vascular Plant,Brassicales,Brassicaceae,Milkmaids,Unknown
Pinnacles National Park,Vascular Plant,Brassicales,Brassicaceae,Milkmaids,nan
Pinnacles National Park,Vascular Plant,Brassicales,Brassicaceae,"Idaho Bittercress, Little Western Bittercress",Common
Pinnacles National Park,Vascular Plant,Brassicales,Brassicaceae,Lemmon's Jewel-Flower,Unknown
Pinnacles National Park,Vascular Plant,Brassicales,Brassicaceae,Menzies' Tansymustard,Unknown
Pinnacles National Park,Vascular Plant,Brassicales,Brassicaceae,"Spring Draba, Spring Whitlowgrass",Common
Pinnacles National Park,Vascular Plant,Brassicales,Brassicaceae,"Coast Wallflower, Sand Dune Wallflower, Western Wallflower",nan
Pinnacles National Park,Vascular Plant,Brassicales,Brassicaceae,None,nan
Pinnacles National Park,Vascular Plant,Brassicales,Brassicaceae,"Plains Wallflower, Prairie Rocket, Sand Dune Wallflower, Western Wallflower",Unknown
Pinnacles National Park,Vascular Plant,Brassicales,Brassicaceae,"California Mustard, Coast Wild Cabbage, Hairyleaf Wildcabbage",Unknown
Pinnacles National Park,Vascular Plant,Brassicales,Brassicaceae,Summer Mustard,Abundant
Pinnacles National Park,Vascular Plant,Brassicales,Brassicaceae,Shining Pepperweed,Common
Pinnacles National Park,Vascular Plant,Brassicales,Brassicaceae,Upright Pepperweed,Unknown
Pinnacles National Park,Vascular Plant,Brassicales,Brassicaceae,"Cultivated Radish, Garden Radish, Radish, Wild Radish",Unknown
Pinnacles National Park,Vascular Plant,Brassicales,Brassicaceae,Curvepod Yellowcress,Common
Pinnacles National Park,Vascular Plant,Brassicales,Brassicaceae,Watercress,Common
Pinnacles National Park,Vascular Plant,Brassicales,Brassicaceae,"Indian Hedgemustard, Indian Hedge-Mustard, Oriental Hedgemustard",Unknown
Pinnacles National Park,Vascular Plant,Brassicales,Brassicaceae,Bristly Jewelflower,Unknown
Pinnacles National Park,Vascular Plant,Brassicales,Brassicaceae,Plumed Jewelflower,Unknown
Pinnacles National Park,Vascular Plant,Brassicales,Brassicaceae,"Lacepod Mustard, Sand Fringepod, Sand Lacepod",Common
Pinnacles National Park,Vascular Plant,Brassicales,Brassicaceae,"Mountain Fringepod, Narrowleaf Lacepod, Santa Cruz Island Fringepod",Common
Pinnacles National Park,Vascular Plant,Brassicales,Brassicaceae,Dobie Pod,Common
Pinnacles National Park,Vascular Plant,Brassicales,Limnanthaceae,Douglas' Meadowfoam,nan
Pinnacles National Park,Vascular Plant,Caryophyllales,Amaranthaceae,"Pigweed, Pigweed Amaranth, Prostrate Pigweed, Tumble Pigweed, Tumbleweed, White Pigweed",Unknown
Pinnacles National Park,Vascular Plant,Caryophyllales,Amaranthaceae,"Mat Amaranth, Prostrate Amaranth, Prostrate Pigweed",Unknown
Pinnacles National Park,Vascular Plant,Caryophyllales,Amaranthaceae,"California Amaranth, California Pigweed",Unknown
Pinnacles National Park,Vascular Plant,Caryophyllales,Amaranthaceae,"Careless Weed, Redroot Amaranth, Red-Root Amaranth, Redroot Pigweed, Rough Pigweed",Unknown
Pinnacles National Park,Vascular Plant,Caryophyllales,Amaranthaceae,Saltbush,nan
Pinnacles National Park,Vascular Plant,Caryophyllales,Amaranthaceae,"Common Lambsquarters, Lambsquarters, Lambsquarters Goosefoot, White Goosefoot",Unknown
Pinnacles National Park,Vascular Plant,Caryophyllales,Amaranthaceae,"Mexican Tea, Mexican-Tea",Unknown
Pinnacles National Park,Vascular Plant,Caryophyllales,Amaranthaceae,"Netseed Lambsquarters, Pigseed Goosefoot, Pitseed Goosefoot, Pit-Seed Goosefoot",Unknown
Pinnacles National Park,Vascular Plant,Caryophyllales,Amaranthaceae,California Goosefoot,Common
Pinnacles National Park,Vascular Plant,Caryophyllales,Amaranthaceae,California Goosefoot,Unknown
Pinnacles National Park,Vascular Plant,Caryophyllales,Amaranthaceae,"Prickly Russian Thistle, Tumbleweed",Unknown
Pinnacles National Park,Vascular Plant,Caryophyllales,Caryophyllaceae,Sticky Chickweed,Abundant
Pinnacles National Park,Vascular Plant,Caryophyllales,Caryophyllaceae,Hairy Rupturewort,Common
Pinnacles National Park,Vascular Plant,Caryophyllales,Caryophyllaceae,"Spreading Pygmyleaf, Texas Loeflingia",Unknown
Pinnacles National Park,Vascular Plant,Caryophyllales,Caryophyllaceae,Douglas' Stitchwort,Common
Pinnacles National Park,Vascular Plant,Caryophyllales,Caryophyllaceae,California Manyseed,Unknown
Pinnacles National Park,Vascular Plant,Caryophyllales,Caryophyllaceae,Four-Leaved Polycarp,Unknown
Pinnacles National Park,Vascular Plant,Caryophyllales,Caryophyllaceae,Annual Pearlwort,nan
Pinnacles National Park,Vascular Plant,Caryophyllales,Caryophyllaceae,"Catchfly, Sleepy Campion, Sleepy Catchfly, Sleepy Silene",Unknown
Pinnacles National Park,Vascular Plant,Caryophyllales,Caryophyllaceae,"Common Catchfly, Windmill Catchfly",Common
Pinnacles National Park,Vascular Plant,Caryophyllales,Caryophyllaceae,Starwort,Unknown
Pinnacles National Park,Vascular Plant,Caryophyllales,Caryophyllaceae,"Purple Sandspurry, Red Sandspurry",Unknown
Pinnacles National Park,Vascular Plant,Caryophyllales,Caryophyllaceae,"Chickweed, Common Chickweed, Nodding Chickweed",Common
Pinnacles National Park,Vascular Plant,Caryophyllales,Caryophyllaceae,"Shiny Chickweed, Shiny Starwort",Unknown
Pinnacles National Park,Vascular Plant,Caryophyllales,Caryophyllaceae,Common Chickweed,Common
Pinnacles National Park,Vascular Plant,Caryophyllales,Montiaceae,"Desert Rockpurslane, Fringed Redmaids, Redmaids",Unknown
Pinnacles National Park,Vascular Plant,Caryophyllales,Montiaceae,None,Unknown
Pinnacles National Park,Vascular Plant,Caryophyllales,Montiaceae,Serpentine Springbeauty,Unknown
Pinnacles National Park,Vascular Plant,Caryophyllales,Montiaceae,Gypsum Springbeauty,Unknown
Pinnacles National Park,Vascular Plant,Caryophyllales,Montiaceae,Streambank Springbeauty,Unknown
Pinnacles National Park,Vascular Plant,Caryophyllales,Montiaceae,Miner's Lettuce,Abundant
Pinnacles National Park,Vascular Plant,Caryophyllales,Montiaceae,"Bitter Root, Bitterroot, Oregon Bitter-Root",Common
Pinnacles National Park,Vascular Plant,Caryophyllales,Montiaceae,"Annual Water Minerslettuce, Fountain Miner's Lettuce",Unknown
Pinnacles National Park,Vascular Plant,Caryophyllales,Polygonaceae,Thurber's Spineflower,Uncommon
Pinnacles National Park,Vascular Plant,Caryophyllales,Polygonaceae,"Douglas' Spineflower, San Benito Spineflower",Common
Pinnacles National Park,Vascular Plant,Caryophyllales,Polygonaceae,Pink Spineflower,Common
Pinnacles National Park,Vascular Plant,Caryophyllales,Polygonaceae,Oneawn Spineflower,Unknown
Pinnacles National Park,Vascular Plant,Caryophyllales,Polygonaceae,Anglestem Buckwheat,Unknown
Pinnacles National Park,Vascular Plant,Caryophyllales,Polygonaceae,Clay Buckwheat,nan
Pinnacles National Park,Vascular Plant,Caryophyllales,Polygonaceae,Coville's Buckwheat,Unknown
Pinnacles National Park,Vascular Plant,Caryophyllales,Polygonaceae,Elegant Buckwheat,Unknown
Pinnacles National Park,Vascular Plant,Caryophyllales,Polygonaceae,Longstem Buckwheat,Unknown
Pinnacles National Park,Vascular Plant,Caryophyllales,Polygonaceae,None,nan
Pinnacles National Park,Vascular Plant,Caryophyllales,Polygonaceae,Eastern Mojave Buckwheat,Abundant
Pinnacles National Park,Vascular Plant,Caryophyllales,Polygonaceae,"Eastern Mojave Buckwheat, Flattop Buckwheat, Mojave Buckwheat",Unknown
Pinnacles National Park,Vascular Plant,Caryophyllales,Polygonaceae,Slender Woolly Buckwheat,Unknown
Pinnacles National Park,Vascular Plant,Caryophyllales,Polygonaceae,Heermann's Buckwheat,nan
Pinnacles National Park,Vascular Plant,Caryophyllales,Polygonaceae,Hairyflower Buckwheat,nan
Pinnacles National Park,Vascular Plant,Caryophyllales,Polygonaceae,"Pinnacles Buckwheat, Pinnacles Wild Buckwheat",Unknown
Pinnacles National Park,Vascular Plant,Caryophyllales,Polygonaceae,Naked Buckwheat,Unknown
Pinnacles National Park,Vascular Plant,Caryophyllales,Polygonaceae,Protruding Buckwheat,Unknown
Pinnacles National Park,Vascular Plant,Caryophyllales,Polygonaceae,"Puny Buckwheat, Yellowturbans, Yellow-Turbans",nan
Pinnacles National Park,Vascular Plant,Caryophyllales,Polygonaceae,Wand Buckwheat,Unknown
Pinnacles National Park,Vascular Plant,Caryophyllales,Polygonaceae,"Hoary Buckwheat, Rock Buckwheat",Common
Pinnacles National Park,Vascular Plant,Caryophyllales,Polygonaceae,Bastardsage,Unknown
Pinnacles National Park,Vascular Plant,Caryophyllales,Polygonaceae,"Common Knotweed, Doorweed, Matweed, Ovalleaf Knotweed, Oval-Leaf Knotweed, Prostrate Knotweed",Unknown
Pinnacles National Park,Vascular Plant,Caryophyllales,Polygonaceae,Dotted Smartweed,Common
Pinnacles National Park,Vascular Plant,Caryophyllales,Polygonaceae,"Woodland Pterostegia, Woodland Threadstem",Abundant
Pinnacles National Park,Vascular Plant,Caryophyllales,Polygonaceae,"Common Sheep Sorrel, Field Sorrel, Red Sorrel, Sheep Sorrel",Unknown
Pinnacles National Park,Vascular Plant,Caryophyllales,Polygonaceae,"Curly Dock, Narrowleaf Dock, Sour Dock, Yellow Dock",Unknown
Pinnacles National Park,Vascular Plant,Caryophyllales,Polygonaceae,"California Dock, Toothed Willow Dock",Unknown
Pinnacles National Park,Vascular Plant,Caryophyllales,Polygonaceae,Willow Dock,Unknown
Pinnacles National Park,Vascular Plant,Caryophyllales,Portulacaceae,"Akulikuli-Kula, Common Purslane, Duckweed, Garden Purslane, Little Hogweed, Little-Hogweed, Purslane, Pursley, Wild Portulaca",Unknown
Pinnacles National Park,Vascular Plant,Cornales,Cornaceae,"Brown Dogwood, Smooth Dogwood",Rare
Pinnacles National Park,Vascular Plant,Cornales,Loasaceae,"Hydra Blazingstar, Yellow Comet Stickleaf, Yellowcomet",nan
Pinnacles National Park,Vascular Plant,Cornales,Loasaceae,Grass Blazingstar,Unknown
Pinnacles National Park,Vascular Plant,Cornales,Loasaceae,San Luis Blazingstar,Unknown
Pinnacles National Park,Vascular Plant,Cucurbitales,Cucurbitaceae,"California Manroot, Valley Manroot",Abundant
Pinnacles National Park,Vascular Plant,Cucurbitales,Datiscaceae,Durango Root,Common
Pinnacles National Park,Vascular Plant,Dipsacales,Adoxaceae,Mexican Elder,Common
Pinnacles National Park,Vascular Plant,Dipsacales,Caprifoliaceae,Pink Honeysuckle,nan
Pinnacles National Park,Vascular Plant,Dipsacales,Caprifoliaceae,Santa Barbara Honeysuckle,Abundant
Pinnacles National Park,Vascular Plant,Dipsacales,Caprifoliaceae,Common Snowberry,Unknown
Pinnacles National Park,Vascular Plant,Dipsacales,Caprifoliaceae,Creeping Snowberry,Unknown
Pinnacles National Park,Vascular Plant,Dipsacales,Valerianaceae,"Longspur Seablush, Long-Spur Seablush",Common
Pinnacles National Park,Vascular Plant,Dipsacales,Valerianaceae,Long-Spurred Plectritis,Unknown
Pinnacles National Park,Vascular Plant,Dipsacales,Valerianaceae,"Longhorn Plectritis, White Cornsalad",Common
Pinnacles National Park,Vascular Plant,Ephedrales,Ephedraceae,"California Jointfir, California Mormon Tea",nan
Pinnacles National Park,Vascular Plant,Equisetales,Equisetaceae,Giant Horsetail,Rare
Pinnacles National Park,Vascular Plant,Ericales,Ericaceae,Bigberry Manzanita,Common
Pinnacles National Park,Vascular Plant,Ericales,Ericaceae,"Mexican Manzanita, Pointleaf Manzanita",Common
Pinnacles National Park,Vascular Plant,Ericales,Polemoniaceae,"Dense False Gilia, Dense False Gilyflower",Unknown
Pinnacles National Park,Vascular Plant,Ericales,Polemoniaceae,"Dense False Gilia, Dense False Gilyflower",Unknown
Pinnacles National Park,Vascular Plant,Ericales,Polemoniaceae,"Woollystar, Woolstar",nan
Pinnacles National Park,Vascular Plant,Ericales,Polemoniaceae,Giant Woolstar,nan
Pinnacles National Park,Vascular Plant,Ericales,Polemoniaceae,Giant Woolstar,Unknown
Pinnacles National Park,Vascular Plant,Ericales,Polemoniaceae,Wand Woollystar,Unknown
Pinnacles National Park,Vascular Plant,Ericales,Polemoniaceae,California Gilia,Common
Pinnacles National Park,Vascular Plant,Ericales,Polemoniaceae,"California Gilia, California Gily-Flower",Unknown
Pinnacles National Park,Vascular Plant,Ericales,Polemoniaceae,Chaparral Gilia,Unknown
Pinnacles National Park,Vascular Plant,Ericales,Polemoniaceae,Bluehead Gilia,Unknown
Pinnacles National Park,Vascular Plant,Ericales,Polemoniaceae,Purplespot Gilia,Unknown
Pinnacles National Park,Vascular Plant,Ericales,Polemoniaceae,Greater Yellowthroat Gilia,Unknown
Pinnacles National Park,Vascular Plant,Ericales,Polemoniaceae,None,Common
Pinnacles National Park,Vascular Plant,Ericales,Polemoniaceae,None,nan
Pinnacles National Park,Vascular Plant,Ericales,Polemoniaceae,False Babystars,nan
Pinnacles National Park,Vascular Plant,Ericales,Polemoniaceae,True Babystars,Unknown
Pinnacles National Park,Vascular Plant,Ericales,Polemoniaceae,"Bristlyleaf Linanthus, Whiskerbrush",Unknown
Pinnacles National Park,Vascular Plant,Ericales,Polemoniaceae,"Evening Snow, Eveningsnow",Unknown
Pinnacles National Park,Vascular Plant,Ericales,Polemoniaceae,Pygmy Linanthus,Common
Pinnacles National Park,Vascular Plant,Ericales,Polemoniaceae,None,Unknown
Pinnacles National Park,Vascular Plant,Ericales,Polemoniaceae,Hooked Navarretia,Unknown
Pinnacles National Park,Vascular Plant,Ericales,Polemoniaceae,Small-Lobe Navarretia,nan
Pinnacles National Park,Vascular Plant,Ericales,Polemoniaceae,Paso Robles Navarretia,Unknown
Pinnacles National Park,Vascular Plant,Ericales,Polemoniaceae,Honeyscented Pincushionplant,Unknown
Pinnacles National Park,Vascular Plant,Ericales,Polemoniaceae,Downy Pincushionplant,Unknown
Pinnacles National Park,Vascular Plant,Ericales,Polemoniaceae,Slender Phlox,Common
Pinnacles National Park,Vascular Plant,Ericales,Primulaceae,"Pimpernel, Scarlet Pimpernel",Unknown
Pinnacles National Park,Vascular Plant,Ericales,Primulaceae,Poorman's Weatherglass,nan
Pinnacles National Park,Vascular Plant,Ericales,Primulaceae,None,Rare
Pinnacles National Park,Vascular Plant,Ericales,Primulaceae,Padre's Shootingstar,Common
Pinnacles National Park,Vascular Plant,Ericales,Primulaceae,Mosquito Bills,Unknown
Pinnacles National Park,Vascular Plant,Fabales,Fabaceae,Dwarf White Milkvetch,Unknown
Pinnacles National Park,Vascular Plant,Fabales,Fabaceae,Gambel's Dwarf Milkvetch,Common
Pinnacles National Park,Vascular Plant,Fabales,Fabaceae,"American Licorice, Licorice, Wild Licorice",Unknown
Pinnacles National Park,Vascular Plant,Fabales,Fabaceae,None,Common
Pinnacles National Park,Vascular Plant,Fabales,Fabaceae,"Foothill Deervetch, Maresfat",Common
Pinnacles National Park,Vascular Plant,Fabales,Fabaceae,Desert Deervetch,Unknown
Pinnacles National Park,Vascular Plant,Fabales,Fabaceae,Silky Deerweed,Unknown
Pinnacles National Park,Vascular Plant,Fabales,Fabaceae,Coastal Bird's-Foot Trefoil,Unknown
Pinnacles National Park,Vascular Plant,Fabales,Fabaceae,Common Deerweed,nan
Pinnacles National Park,Vascular Plant,Fabales,Fabaceae,Common Deerweed,Abundant
Pinnacles National Park,Vascular Plant,Fabales,Fabaceae,"Bishop's Lotus, Strigose Bird's-Foot Trefoil, Strigose Bird's-Foot-Trefoil",Common
Pinnacles National Park,Vascular Plant,Fabales,Fabaceae,Chilean Bird's-Foot Trefoil,Common
Pinnacles National Park,Vascular Plant,Fabales,Fabaceae,Silver Lupine,nan
Pinnacles National Park,Vascular Plant,Fabales,Fabaceae,Silver Lupine,Common
Pinnacles National Park,Vascular Plant,Fabales,Fabaceae,"Bicolor Lupine, Miniature Lupine",Abundant
Pinnacles National Park,Vascular Plant,Fabales,Fabaceae,"Bajada Lupine, Elegant Lupine, Scarlet Lupine",Unknown
Pinnacles National Park,Vascular Plant,Fabales,Fabaceae,Stinging Annual Lupine,Unknown
Pinnacles National Park,Vascular Plant,Fabales,Fabaceae,Chick Lupine,Common
Pinnacles National Park,Vascular Plant,Fabales,Fabaceae,"Bigleaf Lupine, Hollowleaf Annual Lupine",Unknown
Pinnacles National Park,Vascular Plant,Fabales,Fabaceae,Collared Annual Lupine,Unknown
Pinnacles National Park,Vascular Plant,Fabales,Fabaceae,"Bur Clover, Bur Medick, Burclover, California Burclover, Toothed Medick",Unknown
Pinnacles National Park,Vascular Plant,Fabales,Fabaceae,White Sweetclover,Unknown
Pinnacles National Park,Vascular Plant,Fabales,Fabaceae,Sourclover,Common
Pinnacles National Park,Vascular Plant,Fabales,Fabaceae,"Annual Yellow Sweetclover, Indian Sweet-Clover",nan
Pinnacles National Park,Vascular Plant,Fabales,Fabaceae,"Chaparral Pea, Montana Chaparral Pea",Unknown
Pinnacles National Park,Vascular Plant,Fabales,Fabaceae,None,Unknown
Pinnacles National Park,Vascular Plant,Fabales,Fabaceae,None,nan
Pinnacles National Park,Vascular Plant,Fabales,Fabaceae,Pinpoint Clover,Unknown
Pinnacles National Park,Vascular Plant,Fabales,Fabaceae,Rose Clover,nan
Pinnacles National Park,Vascular Plant,Fabales,Fabaceae,"Littlehead Clover, Smallhead Clover, Small-Head Clover",Common
Pinnacles National Park,Vascular Plant,Fabales,Fabaceae,Clammy Clover,Unknown
Pinnacles National Park,Vascular Plant,Fabales,Fabaceae,"Whitetip Clover, White-Tip Clover",Unknown
Pinnacles National Park,Vascular Plant,Fabales,Fabaceae,Tomcat Clover,Common
Pinnacles National Park,Vascular Plant,Fabales,Fabaceae,Tomcat Clover,nan
Pinnacles National Park,Vascular Plant,Fabales,Fabaceae,Garden Vetch,Unknown
Pinnacles National Park,Vascular Plant,Fabales,Fabaceae,"Vetch Woollypod, Winter Vetch",Unknown
Pinnacles National Park,Vascular Plant,Fagales,Fagaceae,"California Live Oak, Coast Live Oak",nan
Pinnacles National Park,Vascular Plant,Fagales,Fagaceae,California Live Oak,Abundant
Pinnacles National Park,Vascular Plant,Fagales,Fagaceae,Scrub Oak,Common
Pinnacles National Park,Vascular Plant,Fagales,Fagaceae,Canyon Live Oak,Rare
Pinnacles National Park,Vascular Plant,Fagales,Fagaceae,Blue Oak,Abundant
Pinnacles National Park,Vascular Plant,Fagales,Fagaceae,"California White Oak, Valley Oak",Uncommon
Pinnacles National Park,Vascular Plant,Fagales,Fagaceae,Interior Live Oak,Unknown
Pinnacles National Park,Vascular Plant,Fagales,Fagaceae,Interior Live Oak,Rare
Pinnacles National Park,Vascular Plant,Fagales,Fagaceae,Oracle Oak,Rare
Pinnacles National Park,Vascular Plant,Fagales,Juglandaceae,Northern California Black Walnut,Uncommon
Pinnacles National Park,Vascular Plant,Garryales,Garryaceae,Chaparral Silktassel,Uncommon
Pinnacles National Park,Vascular Plant,Gentianales,Apocynaceae,Indian Hemp,Unknown
Pinnacles National Park,Vascular Plant,Gentianales,Apocynaceae,Indian Milkweed,Unknown
Pinnacles National Park,Vascular Plant,Gentianales,Apocynaceae,"Mexican Whorled Milkweed, Narrowleaf Milkweed, Narrow-Leaved Milkweed",Unknown
Pinnacles National Park,Vascular Plant,Gentianales,Apocynaceae,Woolly Milkweed,Unknown
Pinnacles National Park,Vascular Plant,Gentianales,Gentianaceae,Davy's Centaury,nan
Pinnacles National Park,Vascular Plant,Gentianales,Gentianaceae,"Desert Centaury, Great Basin Centaury",Unknown
Pinnacles National Park,Vascular Plant,Gentianales,Rubiaceae,Narrowleaf Bedstraw,Common
Pinnacles National Park,Vascular Plant,Gentianales,Rubiaceae,"Bedstraw, Catchweed Bedstraw, Cleavers, Cleaverwort, Goose Grass, Scarthgrass, Stickywilly, Sticky-Willy, White Hedge",Common
Pinnacles National Park,Vascular Plant,Gentianales,Rubiaceae,California Bedstraw,Unknown
Pinnacles National Park,Vascular Plant,Gentianales,Rubiaceae,Yellow Wall Bedstraw,Unknown
Pinnacles National Park,Vascular Plant,Gentianales,Rubiaceae,Wall Bedstraw,Common
Pinnacles National Park,Vascular Plant,Gentianales,Rubiaceae,Graceful Bedstraw,Abundant
Pinnacles National Park,Vascular Plant,Gentianales,Rubiaceae,None,nan
Pinnacles National Park,Vascular Plant,Gentianales,Rubiaceae,"Fragrant Bedstraw, Sweet Bedstraw, Sweetscented Bedstraw",Unknown
Pinnacles National Park,Vascular Plant,Geraniales,Geraniaceae,Longbeak Stork's Bill,Unknown
Pinnacles National Park,Vascular Plant,Geraniales,Geraniaceae,Shortfruit Stork's Bill,Abundant
Pinnacles National Park,Vascular Plant,Geraniales,Geraniaceae,"Alfilaree, Alfilaria, California Filaree, Cutleaf Filaree, Filaree, Redstem Filaree, Redstem Stork's Bill, Stork's Bill",Abundant
Pinnacles National Park,Vascular Plant,Geraniales,Geraniaceae,Musky Stork's Bill,Unknown
Pinnacles National Park,Vascular Plant,Geraniales,Geraniaceae,"Carolina Crane's-Bill, Carolina Geranium",Unknown
Pinnacles National Park,Vascular Plant,Geraniales,Geraniaceae,Cutleaf Geranium,Unknown
Pinnacles National Park,Vascular Plant,Lamiales,Lamiaceae,"Common Henbit, Giraffehead, Henbit, Henbit Deadnettle",Unknown
Pinnacles National Park,Vascular Plant,Lamiales,Lamiaceae,Woodbalm,Unknown
Pinnacles National Park,Vascular Plant,Lamiales,Lamiaceae,"Horehound, White Horehound",Unknown
Pinnacles National Park,Vascular Plant,Lamiales,Lamiaceae,None,Unknown
Pinnacles National Park,Vascular Plant,Lamiales,Lamiaceae,None,Unknown
Pinnacles National Park,Vascular Plant,Lamiales,Lamiaceae,Peppermint,Unknown
Pinnacles National Park,Vascular Plant,Lamiales,Lamiaceae,Douglas' Monardella,Unknown
Pinnacles National Park,Vascular Plant,Lamiales,Lamiaceae,"Mustang Mint, Mustang Monardella, Mustang Mountainbalm",nan
Pinnacles National Park,Vascular Plant,Lamiales,Lamiaceae,Coyote Mint,Unknown
Pinnacles National Park,Vascular Plant,Lamiales,Lamiaceae,Thistle Sage,nan
Pinnacles National Park,Vascular Plant,Lamiales,Lamiaceae,Chia,Common
Pinnacles National Park,Vascular Plant,Lamiales,Lamiaceae,Black Sage,Abundant
Pinnacles National Park,Vascular Plant,Lamiales,Lamiaceae,Danny's Skullcap,Common
Pinnacles National Park,Vascular Plant,Lamiales,Lamiaceae,None,nan
Pinnacles National Park,Vascular Plant,Lamiales,Lamiaceae,"White Hedgenettle, Whitestem Hedgenettle",Unknown
Pinnacles National Park,Vascular Plant,Lamiales,Lamiaceae,California Hedgenettle,Common
Pinnacles National Park,Vascular Plant,Lamiales,Lamiaceae,Shortspike Hedgenettle,Unknown
Pinnacles National Park,Vascular Plant,Lamiales,Lamiaceae,Woolly Bluecurls,Uncommon
Pinnacles National Park,Vascular Plant,Lamiales,Lamiaceae,Vinegarweed,Common
Pinnacles National Park,Vascular Plant,Lamiales,Oleaceae,"Desert Olive, Downy Forestiera, Elbowbush, Stretchberry",Uncommon
Pinnacles National Park,Vascular Plant,Lamiales,Oleaceae,"California Ash, Two-Petal Ash",Common
Pinnacles National Park,Vascular Plant,Lamiales,Orobanchaceae,Coast Indian Paintbrush,Unknown
Pinnacles National Park,Vascular Plant,Lamiales,Orobanchaceae,"Attenuate Indian Paintbrush, Indian Paintbrush",Common
Pinnacles National Park,Vascular Plant,Lamiales,Orobanchaceae,Shortstyle Indian Paintbrush,Unknown
Pinnacles National Park,Vascular Plant,Lamiales,Orobanchaceae,"Exserted Indian Paintbrush, Indian Paintbrush",nan
Pinnacles National Park,Vascular Plant,Lamiales,Orobanchaceae,"Exserted Indian Paintbrush, Owl Clover",Common
Pinnacles National Park,Vascular Plant,Lamiales,Orobanchaceae,Texas Indian Paintbrush,Common
Pinnacles National Park,Vascular Plant,Lamiales,Orobanchaceae,Stiffbranch Bird's Beak,Unknown
Pinnacles National Park,Vascular Plant,Lamiales,Orobanchaceae,Chaparral Broomrape,Common
Pinnacles National Park,Vascular Plant,Lamiales,Orobanchaceae,Jepson's Broomrape,nan
Pinnacles National Park,Vascular Plant,Lamiales,Orobanchaceae,"Clustered Broomrape, Clustered Broom-Rape, Purple Broomrape, Tufted Broomrape",Unknown
Pinnacles National Park,Vascular Plant,Lamiales,Orobanchaceae,"Naked Broomrape, Naked Broom-Rape, Oneflowered Broomrape",Unknown
Pinnacles National Park,Vascular Plant,Lamiales,Orobanchaceae,Hillside Broomrape,Unknown
Pinnacles National Park,Vascular Plant,Lamiales,Orobanchaceae,Indian Warrior,Common
Pinnacles National Park,Vascular Plant,Lamiales,Phrymaceae,Rockjasmine Monkeyflower,Unknown
Pinnacles National Park,Vascular Plant,Lamiales,Phrymaceae,None,Abundant
Pinnacles National Park,Vascular Plant,Lamiales,Phrymaceae,None,nan
Pinnacles National Park,Vascular Plant,Lamiales,Phrymaceae,None,Common
Pinnacles National Park,Vascular Plant,Lamiales,Phrymaceae,Crimson Monkeyflower,Unknown
Pinnacles National Park,Vascular Plant,Lamiales,Phrymaceae,Congdon's Monkeyflower,Unknown
Pinnacles National Park,Vascular Plant,Lamiales,Phrymaceae,Brownies,Unknown
Pinnacles National Park,Vascular Plant,Lamiales,Phrymaceae,"Floriferous Monkeyflower, Manyflowered Monkeyflower, Purplestem Monkeyflower",Unknown
Pinnacles National Park,Vascular Plant,Lamiales,Phrymaceae,Fremont's Monkeyflower,Unknown
Pinnacles National Park,Vascular Plant,Lamiales,Phrymaceae,None,nan
Pinnacles National Park,Vascular Plant,Lamiales,Phrymaceae,"Common Monkeyflower, Seep Monkeyflower",Common
Pinnacles National Park,Vascular Plant,Lamiales,Phrymaceae,False Monkeyflower,Unknown
Pinnacles National Park,Vascular Plant,Lamiales,Phrymaceae,Rattan's Monkeyflower,Unknown
Pinnacles National Park,Vascular Plant,Lamiales,Plantaginaceae,None,Common
Pinnacles National Park,Vascular Plant,Lamiales,Plantaginaceae,None,Unknown
Pinnacles National Park,Vascular Plant,Lamiales,Plantaginaceae,None,nan
Pinnacles National Park,Vascular Plant,Lamiales,Plantaginaceae,Winged Water-Starwort,Unknown
Pinnacles National Park,Vascular Plant,Lamiales,Plantaginaceae,Davidson's Blue Eyed Mary,Unknown
Pinnacles National Park,Vascular Plant,Lamiales,Plantaginaceae,Purple Chinese Houses,Abundant
Pinnacles National Park,Vascular Plant,Lamiales,Plantaginaceae,"Blue-Eyed Mary, Littleflower Collinsia, Maiden Blue Eyed Mary, Smallflower Blue Eyed Mary, Small-Flower Blue-Eyed Mary",Unknown
Pinnacles National Park,Vascular Plant,Lamiales,Plantaginaceae,Bush Beardtongue,Common
Pinnacles National Park,Vascular Plant,Lamiales,Plantaginaceae,"Awlleaf Mudwort, Awl-Leaf Mudwort, Northern Mudwort, Water Mudwort",Unknown
Pinnacles National Park,Vascular Plant,Lamiales,Plantaginaceae,None,Unknown
Pinnacles National Park,Vascular Plant,Lamiales,Plantaginaceae,Scarlet Bugler,Common
Pinnacles National Park,Vascular Plant,Lamiales,Plantaginaceae,Bunchleaf Penstemon,Unknown
Pinnacles National Park,Vascular Plant,Lamiales,Plantaginaceae,Purdy's Penstemon,nan
Pinnacles National Park,Vascular Plant,Lamiales,Plantaginaceae,Buckhorn Plantain,Unknown
Pinnacles National Park,Vascular Plant,Lamiales,Plantaginaceae,Dotseed Plantain,Abundant
Pinnacles National Park,Vascular Plant,Lamiales,Plantaginaceae,"Buckhorn Plantain, English Plantain, Lanceleaf Indianwheat, Lanceleaf Plantain, Narrowleaf Plantain, Ribgrass, Ribwort",Unknown
Pinnacles National Park,Vascular Plant,Lamiales,Plantaginaceae,"Broadleaf Plantain, Buckhorn Plantain, Common Plantain, Great Plantain, Rippleseed Plantain",Unknown
Pinnacles National Park,Vascular Plant,Lamiales,Plantaginaceae,"Blue Water Speedwell, Water Speedwell",Common
Pinnacles National Park,Vascular Plant,Lamiales,Plantaginaceae,"Common Speedwell, Corn Speedwell, Rock Speedwell, Wall Speedwell",Unknown
Pinnacles National Park,Vascular Plant,Lamiales,Plantaginaceae,"Chain Speedwell, Sessile Water-Speedwell",Unknown
Pinnacles National Park,Vascular Plant,Lamiales,Plantaginaceae,"Hairy Purslane Speedwell, Neckweed",Unknown
Pinnacles National Park,Vascular Plant,Lamiales,Plantaginaceae,Persian Speedwell,Unknown
Pinnacles National Park,Vascular Plant,Lamiales,Scrophulariaceae,California Figwort,nan
Pinnacles National Park,Vascular Plant,Lamiales,Scrophulariaceae,California Figwort,Common
Pinnacles National Park,Vascular Plant,Lamiales,Scrophulariaceae,"Moth Mullein, White Moth Mullein",Unknown
Pinnacles National Park,Vascular Plant,Lamiales,Scrophulariaceae,"Big Taper, Common Mullein, Flannel Mullein, Flannel Plant, Great Mullein, Mullein, Velvet Dock, Velvet Plant, Woolly Mullein",nan
Pinnacles National Park,Vascular Plant,Lamiales,Verbenaceae,Lippia,Unknown
Pinnacles National Park,Vascular Plant,Lamiales,Verbenaceae,Western Vervain,Unknown
Pinnacles National Park,Vascular Plant,Lamiales,Verbenaceae,None,Unknown
Pinnacles National Park,Vascular Plant,Liliales,Liliaceae,Butterfly Mariposa Lily,Common
Pinnacles National Park,Vascular Plant,Liliales,Liliaceae,Checker Lily,Unknown
Pinnacles National Park,Vascular Plant,Liliales,Melanthiaceae,Fremont's Deathcamas,Common
Pinnacles National Park,Vascular Plant,Liliales,Melanthiaceae,Smallflower Deathcamas,nan
Pinnacles National Park,Vascular Plant,Liliales,Melanthiaceae,Meadow Deathcamas,Unknown
Pinnacles National Park,Vascular Plant,Malpighiales,Elatinaceae,California Waterwort,Rare
Pinnacles National Park,Vascular Plant,Malpighiales,Euphorbiaceae,"Large Spurge, Spotted Sandmat, Spotted Spurge",Unknown
Pinnacles National Park,Vascular Plant,Malpighiales,Euphorbiaceae,"Contura Creek Sandmat, Valley Spurge",nan
Pinnacles National Park,Vascular Plant,Malpighiales,Euphorbiaceae,Contura Creek Sandmat,Common
Pinnacles National Park,Vascular Plant,Malpighiales,Euphorbiaceae,"Thymeleaf Sandmat, Thyme-Leaf Sandmat, Thymeleaf Spurge",Unknown
Pinnacles National Park,Vascular Plant,Malpighiales,Euphorbiaceae,"Doveweed, Turkey Mullein",Common
Pinnacles National Park,Vascular Plant,Malpighiales,Euphorbiaceae,"Roughpod Spurge, Warty Spurge",Common
Pinnacles National Park,Vascular Plant,Malpighiales,Linaceae,Coast Range Dwarf-Flax,Unknown
Pinnacles National Park,Vascular Plant,Malpighiales,Linaceae,Smallflower Dwarf-Flax,Unknown
Pinnacles National Park,Vascular Plant,Malpighiales,Salicaceae,Fremont's Cottonwood,Uncommon
Pinnacles National Park,Vascular Plant,Malpighiales,Salicaceae,"Coyote Willow, Desert Willow, Narrowleaf Willow, Sandbar Willow",Uncommon
Pinnacles National Park,Vascular Plant,Malpighiales,Salicaceae,Red Willow,Common
Pinnacles National Park,Vascular Plant,Malpighiales,Salicaceae,Arroyo Willow,Common
Pinnacles National Park,Vascular Plant,Malpighiales,Violaceae,Johnny-Jump-Up,Common
Pinnacles National Park,Vascular Plant,Malvales,Cistaceae,Bisbee Peak Rushrose,Common
Pinnacles National Park,Vascular Plant,Malvales,Malvaceae,Parry's Mallow,nan
Pinnacles National Park,Vascular Plant,Malvales,Malvaceae,Parry's Mallow,Unknown
Pinnacles National Park,Vascular Plant,Malvales,Malvaceae,Indian Valley Bush Mallow,Unknown
Pinnacles National Park,Vascular Plant,Malvales,Malvaceae,Cheeseweed,Unknown
Pinnacles National Park,Vascular Plant,Myrtales,Lythraceae,Hyssop Loosestrife,Unknown
Pinnacles National Park,Vascular Plant,Myrtales,Onagraceae,Shredding Evening Primrose,Rare
Pinnacles National Park,Vascular Plant,Myrtales,Onagraceae,Mojave Suncup,Uncommon
Pinnacles National Park,Vascular Plant,Myrtales,Onagraceae,San Bernardino Suncup,nan
Pinnacles National Park,Vascular Plant,Myrtales,Onagraceae,"Contorted Suncup, Plains Evening Primrose, Plains Eveningprimrose, Plains Evening-Primrose",Common
Pinnacles National Park,Vascular Plant,Myrtales,Onagraceae,Hill Suncup,Unknown
Pinnacles National Park,Vascular Plant,Myrtales,Onagraceae,Santa Cruz Island Suncup,nan
Pinnacles National Park,Vascular Plant,Myrtales,Onagraceae,Jurupa Hills Suncup,Unknown
Pinnacles National Park,Vascular Plant,Myrtales,Onagraceae,Miniature Suncup,Unknown
Pinnacles National Park,Vascular Plant,Myrtales,Onagraceae,Fairyfan,nan
Pinnacles National Park,Vascular Plant,Myrtales,Onagraceae,Chaparral Clarkia,Unknown
Pinnacles National Park,Vascular Plant,Myrtales,Onagraceae,Farewell To Spring,nan
Pinnacles National Park,Vascular Plant,Myrtales,Onagraceae,Fairy Fans,Unknown
Pinnacles National Park,Vascular Plant,Myrtales,Onagraceae,Speckled Clarkia,Common
Pinnacles National Park,Vascular Plant,Myrtales,Onagraceae,"Canyon Clarkia, Canyon Fairyfan",Unknown
Pinnacles National Park,Vascular Plant,Myrtales,Onagraceae,Lewis' Clarkia,nan
Pinnacles National Park,Vascular Plant,Myrtales,Onagraceae,Waltham Creek Clarkia,Unknown
Pinnacles National Park,Vascular Plant,Myrtales,Onagraceae,"Winecup Clarkia, Winecup Fairyfan",nan
Pinnacles National Park,Vascular Plant,Myrtales,Onagraceae,"Winecup Clarkia, Winecup Fairyfan",Abundant
Pinnacles National Park,Vascular Plant,Myrtales,Onagraceae,Winecup Clarkia,nan
Pinnacles National Park,Vascular Plant,Myrtales,Onagraceae,Ramona Clarkia,Unknown
Pinnacles National Park,Vascular Plant,Myrtales,Onagraceae,Redspot Clarkia,Unknown
Pinnacles National Park,Vascular Plant,Myrtales,Onagraceae,Elegant Clarkia,Abundant
Pinnacles National Park,Vascular Plant,Myrtales,Onagraceae,"Autumn Willowherb, Autumn Willowweed, Tall Annual Willowherb",Unknown
Pinnacles National Park,Vascular Plant,Myrtales,Onagraceae,Hummingbird Trumpet,Common
Pinnacles National Park,Vascular Plant,Myrtales,Onagraceae,"Dense-Flower Spike-Primrose, Denseflower Willowherb, Denseflower Willowweed",Common
Pinnacles National Park,Vascular Plant,Myrtales,Onagraceae,"Chaparral Willowherb, Minute Willowweed",Unknown
Pinnacles National Park,Vascular Plant,Myrtales,Onagraceae,"Narrowleaf Willowweed, Torrey's Willowherb",Unknown
Pinnacles National Park,Vascular Plant,Pinales,Cupressaceae,California Juniper,Uncommon
Pinnacles National Park,Vascular Plant,Pinales,Cupressaceae,"California Redwood, Coast Redwood, Redwood",Rare
Pinnacles National Park,Vascular Plant,Pinales,Pinaceae,"Bull Pine, California Foothill Pine, Digger Pine, Gray Pine",Common
Pinnacles National Park,Vascular Plant,Poales,Cyperaceae,Santa Barbara Sedge,Unknown
Pinnacles National Park,Vascular Plant,Poales,Cyperaceae,Shortstem Sedge,Unknown
Pinnacles National Park,Vascular Plant,Poales,Cyperaceae,Roundfruit Sedge,nan
Pinnacles National Park,Vascular Plant,Poales,Cyperaceae,"False Flax, Twotooth Sedge",Unknown
Pinnacles National Park,Vascular Plant,Poales,Cyperaceae,"Smallflower Umbrella Sedge, Variable Flatsedge",Unknown
Pinnacles National Park,Vascular Plant,Poales,Cyperaceae,Tall Flatsedge,Unknown
Pinnacles National Park,Vascular Plant,Poales,Cyperaceae,"Red-Root Flat Sedge, Redroot Flatsedge, Redroot Nutgrass",Unknown
Pinnacles National Park,Vascular Plant,Poales,Cyperaceae,Smooth Cyperus,Unknown
Pinnacles National Park,Vascular Plant,Poales,Cyperaceae,"Awned Flat Sedge, Bearded Flatsedge, Bearded Nutgrass",Unknown
Pinnacles National Park,Vascular Plant,Poales,Cyperaceae,"Stawcolored Flatsedge, Strawcolor Flatsedge, Strawcolor Nutgrass, Strawcolored Flatsedge, Strawcolored Nutgrass",nan
Pinnacles National Park,Vascular Plant,Poales,Cyperaceae,Pale Spikerush,Unknown
Pinnacles National Park,Vascular Plant,Poales,Cyperaceae,"Parish Spikerush, Parish's Spikerush",Unknown
Pinnacles National Park,Vascular Plant,Poales,Cyperaceae,"Beaked Spikerush, Beaked Spike-Rush, Beaked Spikesedge",Unknown
Pinnacles National Park,Vascular Plant,Poales,Cyperaceae,Common Tule,Rare
Pinnacles National Park,Vascular Plant,Poales,Cyperaceae,None,Unknown
Pinnacles National Park,Vascular Plant,Poales,Cyperaceae,California Tule,Unknown
Pinnacles National Park,Vascular Plant,Poales,Cyperaceae,"Panicled Bulrush, Red-Tinge Bulrush, Smallfruit Bulrush",Uncommon
Pinnacles National Park,Vascular Plant,Poales,Cyperaceae,Common Threequare,Unknown
Pinnacles National Park,Vascular Plant,Poales,Juncaceae,Baltic Rush,Common
Pinnacles National Park,Vascular Plant,Poales,Juncaceae,Toad Rush,nan
Pinnacles National Park,Vascular Plant,Poales,Juncaceae,Toad Rush,Unknown
Pinnacles National Park,Vascular Plant,Poales,Juncaceae,Toad Rush,Unknown
Pinnacles National Park,Vascular Plant,Poales,Juncaceae,Pacific Rush,Unknown
Pinnacles National Park,Vascular Plant,Poales,Juncaceae,Brownhead Rush,Unknown
Pinnacles National Park,Vascular Plant,Poales,Juncaceae,Irisleaf Rush,Unknown
Pinnacles National Park,Vascular Plant,Poales,Poaceae,Desert Needlegrass,Rare
Pinnacles National Park,Vascular Plant,Poales,Poaceae,Spike Bentgrass,Unknown
Pinnacles National Park,Vascular Plant,Poales,Poaceae,Silver Hairgrass,Common
Pinnacles National Park,Vascular Plant,Poales,Poaceae,"Slender Oat, Slender Oats, Slender Wildoat",Abundant
Pinnacles National Park,Vascular Plant,Poales,Poaceae,"Flaxgrass, Oatgrass, Wheat Oats, Wild Oat, Wild Oats",Common
Pinnacles National Park,Vascular Plant,Poales,Poaceae,Australian Brome,Common
Pinnacles National Park,Vascular Plant,Poales,Poaceae,None,Unknown
Pinnacles National Park,Vascular Plant,Poales,Poaceae,Ripgut Brome,Abundant
Pinnacles National Park,Vascular Plant,Poales,Poaceae,Tall Brome,nan
Pinnacles National Park,Vascular Plant,Poales,Poaceae,"Soft Brome, Soft Chess",Abundant
Pinnacles National Park,Vascular Plant,Poales,Poaceae,"Chinook Brome, Woodland Brome",Unknown
Pinnacles National Park,Vascular Plant,Poales,Poaceae,None,Unknown
Pinnacles National Park,Vascular Plant,Poales,Poaceae,None,Abundant
Pinnacles National Park,Vascular Plant,Poales,Poaceae,None,Unknown
Pinnacles National Park,Vascular Plant,Poales,Poaceae,"Swamp Prickle Grass, Swamp Pricklegrass, Swamp Timothy",Unknown
Pinnacles National Park,Vascular Plant,Poales,Poaceae,"Bermudagrass, Chiendent Pied-De-Poule, Common Bermudagrass, Devilgrass, Grama-Seda, Manienie, Motie Molulu",Unknown
Pinnacles National Park,Vascular Plant,Poales,Poaceae,Bristly Dogstail Grass,Unknown
Pinnacles National Park,Vascular Plant,Poales,Poaceae,Annual Hairgrass,Unknown
Pinnacles National Park,Vascular Plant,Poales,Poaceae,"Desert Saltgrass, Inland Saltgrass, Marsh Spikegrass, Saltgrass, Seashore Saltgrass",Unknown
Pinnacles National Park,Vascular Plant,Poales,Poaceae,"Blue Wild Rye, Blue Wildrye",Common
Pinnacles National Park,Vascular Plant,Poales,Poaceae,"Big Squirreltail, Big Wild Rye",Unknown
Pinnacles National Park,Vascular Plant,Poales,Poaceae,California Fescue,Unknown
Pinnacles National Park,Vascular Plant,Poales,Poaceae,Western Fescue,nan
Pinnacles National Park,Vascular Plant,Poales,Poaceae,Nit Grass,Common
Pinnacles National Park,Vascular Plant,Poales,Poaceae,Meadow Barley,nan
Pinnacles National Park,Vascular Plant,Poales,Poaceae,California Barley,Unknown
Pinnacles National Park,Vascular Plant,Poales,Poaceae,Dwarf Barley,Unknown
Pinnacles National Park,Vascular Plant,Poales,Poaceae,"Lepor Barley, Leporinum Barley",Unknown
Pinnacles National Park,Vascular Plant,Poales,Poaceae,Common Barley,nan
Pinnacles National Park,Vascular Plant,Poales,Poaceae,Common Barley,Unknown
Pinnacles National Park,Vascular Plant,Poales,Poaceae,"Junegrass, Prairie Junegrass",Unknown
Pinnacles National Park,Vascular Plant,Poales,Poaceae,"Goldentop, Goldentop Grass",Common
Pinnacles National Park,Vascular Plant,Poales,Poaceae,"Beardless Lyme Grass, Beardless Wildrye, Creeping Wildrye",Common
Pinnacles National Park,Vascular Plant,Poales,Poaceae,"Annual Ryegrass, Italian Ryegrass",Unknown
Pinnacles National Park,Vascular Plant,Poales,Poaceae,"Italian Ryegrass, Perennial Rye Grass, Perennial Ryegrass",Unknown
Pinnacles National Park,Vascular Plant,Poales,Poaceae,"Darnel, Darnel Ryegrass, Poison Darnel",Unknown
Pinnacles National Park,Vascular Plant,Poales,Poaceae,California Melicgrass,Unknown
Pinnacles National Park,Vascular Plant,Poales,Poaceae,Smallflower Melicgrass,Common
Pinnacles National Park,Vascular Plant,Poales,Poaceae,Torrey's Melicgrass,Common
Pinnacles National Park,Vascular Plant,Poales,Poaceae,"Deer Muhly, Deergrass",Unknown
Pinnacles National Park,Vascular Plant,Poales,Poaceae,Nodding Tussockgrass,Unknown
Pinnacles National Park,Vascular Plant,Poales,Poaceae,Smallflower Tussockgrass,Common
Pinnacles National Park,Vascular Plant,Poales,Poaceae,Purple Tussockgrass,Common
Pinnacles National Park,Vascular Plant,Poales,Poaceae,"Smilo Grass, Smilograss",Rare
Pinnacles National Park,Vascular Plant,Poales,Poaceae,"Annual Blue Grass, Annual Bluegrass, Walkgrass",Unknown
Pinnacles National Park,Vascular Plant,Poales,Poaceae,"Bulbous Blue Grass, Bulbous Bluegrass",Unknown
Pinnacles National Park,Vascular Plant,Poales,Poaceae,None,Common
Pinnacles National Park,Vascular Plant,Poales,Poaceae,"Ditch Polypogon, Ditch Rabbitsfoot Grass, Ditch Rabbit'sfootgrass",Unknown
Pinnacles National Park,Vascular Plant,Poales,Poaceae,"Annual Rabbitsfoot Grass, Annual Rabbit's-Foot Grass, Rabbitfoot Beardgrass, Rabbitfoot Grass, Rabbitfoot Polypogon, Rabbitfootgrass, Rabbit'sfootgrass",Common
Pinnacles National Park,Vascular Plant,Poales,Poaceae,"Brome Fescue, Brome Six-Weeks Grass, Desert Fescue",Unknown
Pinnacles National Park,Vascular Plant,Poales,Poaceae,"Eastwood Fescue, Gray Fescue",Unknown
Pinnacles National Park,Vascular Plant,Poales,Poaceae,Confusing Fescue,Unknown
Pinnacles National Park,Vascular Plant,Poales,Poaceae,Pacific Fescue,Unknown
Pinnacles National Park,Vascular Plant,Poales,Poaceae,None,Unknown
Pinnacles National Park,Vascular Plant,Poales,Poaceae,None,Abundant
Pinnacles National Park,Vascular Plant,Poales,Poaceae,Sixweeks Fescue,Unknown
Pinnacles National Park,Vascular Plant,Poales,Poaceae,"Eight-Flower Six-Weeks Grass, Sixweeks Fescue",nan
Pinnacles National Park,Vascular Plant,Poales,Typhaceae,Southern Cattail,Rare
Pinnacles National Park,Vascular Plant,Polypodiales,Blechnaceae,"Giant Chain Fern, Giant Chainfern",Uncommon
Pinnacles National Park,Vascular Plant,Polypodiales,Dennstaedtiaceae,"Eagle Fern, Hairy Brackenfern, Western Bracken, Western Brackenfern",Uncommon
Pinnacles National Park,Vascular Plant,Polypodiales,Dryopteridaceae,Coastal Woodfern,Uncommon
Pinnacles National Park,Vascular Plant,Polypodiales,Dryopteridaceae,Narrowleaf Swordfern,Unknown
Pinnacles National Park,Vascular Plant,Polypodiales,Polypodiaceae,California Polypody,Unknown
Pinnacles National Park,Vascular Plant,Polypodiales,Polypodiaceae,Nested Polypody,nan
Pinnacles National Park,Vascular Plant,Polypodiales,Pteridaceae,"Aleutian Maidenhair, Aleutian Maidenhair-Fern, Five-Finger Fern",nan
Pinnacles National Park,Vascular Plant,Polypodiales,Pteridaceae,"California Maidenhair, California Maidenhair Fern",Common
Pinnacles National Park,Vascular Plant,Polypodiales,Pteridaceae,Lacefern,nan
Pinnacles National Park,Vascular Plant,Polypodiales,Pteridaceae,California Lacefern,Rare
Pinnacles National Park,Vascular Plant,Polypodiales,Pteridaceae,"Coville's Lip Fern, Coville's Lipfern",Unknown
Pinnacles National Park,Vascular Plant,Polypodiales,Pteridaceae,Coastal Lipfern,Unknown
Pinnacles National Park,Vascular Plant,Polypodiales,Pteridaceae,Coffee Cliffbrake,Common
Pinnacles National Park,Vascular Plant,Polypodiales,Pteridaceae,Birdfoot Cliffbrake,Common
Pinnacles National Park,Vascular Plant,Polypodiales,Pteridaceae,Pale Silverback Fern,Unknown
Pinnacles National Park,Vascular Plant,Polypodiales,Pteridaceae,"Goldback Fern, Goldfern, Western Goldfern",Common
Pinnacles National Park,Vascular Plant,Polypodiales,Woodsiaceae,"Brittle Bladder Fern, Brittle Bladderfern, Fragile Fern",Unknown
Pinnacles National Park,Vascular Plant,Proteales,Platanaceae,California Sycamore,Uncommon
Pinnacles National Park,Vascular Plant,Ranunculales,Berberidaceae,Barberry,Unknown
Pinnacles National Park,Vascular Plant,Ranunculales,Berberidaceae,Barberry,nan
Pinnacles National Park,Vascular Plant,Ranunculales,Papaveraceae,"Flat-Bud Prickly Poppy, Flatbud Pricklypoppy",Rare
Pinnacles National Park,Vascular Plant,Ranunculales,Papaveraceae,Tree Poppy,Common
Pinnacles National Park,Vascular Plant,Ranunculales,Papaveraceae,Golden Eardrops,Unknown
Pinnacles National Park,Vascular Plant,Ranunculales,Papaveraceae,Tufted Poppy,Common
Pinnacles National Park,Vascular Plant,Ranunculales,Papaveraceae,"California Goldenpoppy, California Poppy",Common
Pinnacles National Park,Vascular Plant,Ranunculales,Papaveraceae,San Benito Poppy,Rare
Pinnacles National Park,Vascular Plant,Ranunculales,Papaveraceae,None,Unknown
Pinnacles National Park,Vascular Plant,Ranunculales,Papaveraceae,Western Poppy,Unknown
Pinnacles National Park,Vascular Plant,Ranunculales,Papaveraceae,"California Creamcups, Creamcups",Unknown
Pinnacles National Park,Vascular Plant,Ranunculales,Papaveraceae,Windpoppy,Common
Pinnacles National Park,Vascular Plant,Ranunculales,Ranunculaceae,Pipestem Clematis,Abundant
Pinnacles National Park,Vascular Plant,Ranunculales,Ranunculaceae,"Hierba De Chivo, Old-Man's-Beard, Virgins Bower, Virginsbower, Virgin's-Bower, Western White Clematis",Unknown
Pinnacles National Park,Vascular Plant,Ranunculales,Ranunculaceae,"California Larkspur, Hospital Canyon Larkspur",Common
Pinnacles National Park,Vascular Plant,Ranunculales,Ranunculaceae,Foothill Larkspur,Unknown
Pinnacles National Park,Vascular Plant,Ranunculales,Ranunculaceae,Red Larkspur,Unknown
Pinnacles National Park,Vascular Plant,Ranunculales,Ranunculaceae,San Bernardino Larkspur,nan
Pinnacles National Park,Vascular Plant,Ranunculales,Ranunculaceae,San Bernardino Larkspur,Common
Pinnacles National Park,Vascular Plant,Ranunculales,Ranunculaceae,Zigzag Larkspur,nan
Pinnacles National Park,Vascular Plant,Ranunculales,Ranunculaceae,Zigzag Larkspur,Common
Pinnacles National Park,Vascular Plant,Ranunculales,Ranunculaceae,None,Unknown
Pinnacles National Park,Vascular Plant,Ranunculales,Ranunculaceae,California Buttercup,Common
Pinnacles National Park,Vascular Plant,Ranunculales,Ranunculaceae,"Delicate Buttercup, Downy-Fruit Buttercup",Common
Pinnacles National Park,Vascular Plant,Ranunculales,Ranunculaceae,"Fendler's Meadow-Rue, Manyfruit Meadowrue",Unknown
Pinnacles National Park,Vascular Plant,Rosales,Rhamnaceae,Buckbrush,Abundant
Pinnacles National Park,Vascular Plant,Rosales,Rhamnaceae,"Hollyleaf Buckthorn, Redberry Buckthorn",nan
Pinnacles National Park,Vascular Plant,Rosales,Rhamnaceae,Hollyleaf Redberry,Abundant
Pinnacles National Park,Vascular Plant,Rosales,Rosaceae,Chamise,Abundant
Pinnacles National Park,Vascular Plant,Rosales,Rosaceae,None,Unknown
Pinnacles National Park,Vascular Plant,Rosales,Rosaceae,Birch-Leaved Mountain Mahogany,Common
Pinnacles National Park,Vascular Plant,Rosales,Rosaceae,Birch-Leaf Mountain-Mahogany,nan
Pinnacles National Park,Vascular Plant,Rosales,Rosaceae,Toyon,Common
Pinnacles National Park,Vascular Plant,Rosales,Rosaceae,"Creambush, Creambush Oceanspray, Hillside Oceanspray, Oceanspray",Unknown
Pinnacles National Park,Vascular Plant,Rosales,Rosaceae,Sticky Cinquefoil,Unknown
Pinnacles National Park,Vascular Plant,Rosales,Rosaceae,Hollyleaf Cherry,Abundant
Pinnacles National Park,Vascular Plant,Rosales,Rosaceae,California Wildrose,Common
Pinnacles National Park,Vascular Plant,Rosales,Rosaceae,"Himalaya Blackberry, Himalayan Blackberry",Rare
Pinnacles National Park,Vascular Plant,Rosales,Rosaceae,California Blackberry,Common
Pinnacles National Park,Vascular Plant,Rosales,Urticaceae,"Western Nettle, Western Stingingnettle",Common
Pinnacles National Park,Vascular Plant,Rosales,Urticaceae,California Pellitory,Unknown
Pinnacles National Park,Vascular Plant,Rosales,Urticaceae,"Hoary Stinging Nettle, Slim Nettle, Stinging Nettle",Common
Pinnacles National Park,Vascular Plant,Rosales,Urticaceae,"Burning Nettle, Dwarf Nettle",Unknown
Pinnacles National Park,Vascular Plant,Salviniales,Azollaceae,"Fern Azolla, Pacific Azolla, Pacific Mosquitofern",Common
Pinnacles National Park,Vascular Plant,Santalales,Santalaceae,Foothill Pine Dwarf Mistletoe,Unknown
Pinnacles National Park,Vascular Plant,Santalales,Santalaceae,Big Leaf Mistletoe,Unknown
Pinnacles National Park,Vascular Plant,Santalales,Santalaceae,Pacific Mistletoe,Common
Pinnacles National Park,Vascular Plant,Sapindales,Anacardiaceae,Pacific Poison Oak,Common
Pinnacles National Park,Vascular Plant,Sapindales,Sapindaceae,California Buckeye,Abundant
Pinnacles National Park,Vascular Plant,Sapindales,Simaroubaceae,"Copal Tree, Tree Of Heaven, Tree-Of-Heaven",nan
Pinnacles National Park,Vascular Plant,Saxifragales,Crassulaceae,"Common Pigmyweed, Water Pygmyweed",Unknown
Pinnacles National Park,Vascular Plant,Saxifragales,Crassulaceae,Sand Pygmyweed,Common
Pinnacles National Park,Vascular Plant,Saxifragales,Crassulaceae,Moss Pygmyweed,Unknown
Pinnacles National Park,Vascular Plant,Saxifragales,Crassulaceae,Canyon Liveforever,Common
Pinnacles National Park,Vascular Plant,Saxifragales,Crassulaceae,Canyon Liveforever,nan
Pinnacles National Park,Vascular Plant,Saxifragales,Crassulaceae,Lanceleaf Liveforever,Common
Pinnacles National Park,Vascular Plant,Saxifragales,Crassulaceae,None,Unknown
Pinnacles National Park,Vascular Plant,Saxifragales,Crassulaceae,Broadleaf Stonecrop,Unknown
Pinnacles National Park,Vascular Plant,Saxifragales,Grossulariaceae,Hillside Gooseberry,nan
Pinnacles National Park,Vascular Plant,Saxifragales,Grossulariaceae,Hillside Gooseberry,Unknown
Pinnacles National Park,Vascular Plant,Saxifragales,Grossulariaceae,Chaparral Currant,nan
Pinnacles National Park,Vascular Plant,Saxifragales,Grossulariaceae,Chaparral Currant,nan
Pinnacles National Park,Vascular Plant,Saxifragales,Grossulariaceae,Chaparral Currant,Unknown
Pinnacles National Park,Vascular Plant,Saxifragales,Grossulariaceae,"Oak Gooseberry, Rock Gooseberry",Unknown
Pinnacles National Park,Vascular Plant,Saxifragales,Grossulariaceae,Blood Currant,nan
Pinnacles National Park,Vascular Plant,Saxifragales,Saxifragaceae,San Francisco Woodland-Star,Common
Pinnacles National Park,Vascular Plant,Saxifragales,Saxifragaceae,Mission Woodland-Star,Rare
Pinnacles National Park,Vascular Plant,Saxifragales,Saxifragaceae,Hillside Woodland-Star,Common
Pinnacles National Park,Vascular Plant,Saxifragales,Saxifragaceae,California Saxifrage,Common
Pinnacles National Park,Vascular Plant,Selaginellales,Selaginellaceae,Bushy Spikemoss,Abundant
Pinnacles National Park,Vascular Plant,Solanales,Convolvulaceae,South Coast Range,Common
Pinnacles National Park,Vascular Plant,Solanales,Convolvulaceae,Pacific False Bindweed,nan
Pinnacles National Park,Vascular Plant,Solanales,Convolvulaceae,Pacific False Bindweed,Common
Pinnacles National Park,Vascular Plant,Solanales,Convolvulaceae,Hillside False Bindweed,Unknown
Pinnacles National Park,Vascular Plant,Solanales,Convolvulaceae,"California Dodder, Chaparral Dodder, Western Dodder",Unknown
Pinnacles National Park,Vascular Plant,Solanales,Convolvulaceae,"California Dodder, Chaparral Dodder",Unknown
Pinnacles National Park,Vascular Plant,Solanales,Convolvulaceae,None,Common
Pinnacles National Park,Vascular Plant,Solanales,Solanaceae,"Seaside Petunia, Seaside-Petunia",Unknown
Pinnacles National Park,Vascular Plant,Solanales,Solanaceae,"Sacred Datura, Sacred Thornapple, Sacred Thorn-Apple",Unknown
Pinnacles National Park,Vascular Plant,Solanales,Solanaceae,Manyflower Tobacco,Unknown
Pinnacles National Park,Vascular Plant,Solanales,Solanaceae,"Coyote Tabacco, Coyote Tobacco",Unknown
Pinnacles National Park,Vascular Plant,Solanales,Solanaceae,Tree Tobacco,Rare
Pinnacles National Park,Vascular Plant,Solanales,Solanaceae,Indian Tobacco,Uncommon
Pinnacles National Park,Vascular Plant,Solanales,Solanaceae,American Black Nightshade,Unknown
Pinnacles National Park,Vascular Plant,Solanales,Solanaceae,"Bluewitch, Bluewitch Nightshade",Abundant
Pinnacles National Park,Crab/Lobster/Shrimp,nan,nan,Ostracods,nan
Pinnacles National Park,Crab/Lobster/Shrimp,Amphipoda,Hyalellidae,None,nan
Pinnacles National Park,Crab/Lobster/Shrimp,Amphipoda,Hyalellidae,None,nan
Pinnacles National Park,Crab/Lobster/Shrimp,Harpacticoida,nan,None,nan
Pinnacles National Park,Crab/Lobster/Shrimp,Podocopida,Candonidae,None,nan
Pinnacles National Park,Crab/Lobster/Shrimp,Podocopida,Cyprididae,None,nan
Pinnacles National Park,Crab/Lobster/Shrimp,Podocopida,Cyprididae,None,nan
Pinnacles National Park,Crab/Lobster/Shrimp,Podocopida,Cyprididae,None,nan
Pinnacles National Park,Slug/Snail,Basommatophora,Ancylidae,None,nan
Pinnacles National Park,Slug/Snail,Basommatophora,Lymnaeidae,None,nan
Pinnacles National Park,Slug/Snail,Basommatophora,Lymnaeidae,Prairie Fossaria,nan
Pinnacles National Park,Slug/Snail,Basommatophora,Lymnaeidae,None,nan
Pinnacles National Park,Slug/Snail,Basommatophora,Physidae,None,nan
Pinnacles National Park,Slug/Snail,Basommatophora,Physidae,None,nan
Pinnacles National Park,Slug/Snail,Basommatophora,Planorbidae,None,nan
Pinnacles National Park,Slug/Snail,Basommatophora,Planorbidae,Ash Gyro,nan
Pinnacles National Park,Slug/Snail,Basommatophora,Planorbidae,None,nan
Pinnacles National Park,Slug/Snail,Basommatophora,Planorbidae,Rough Rams-Horn,nan
Pinnacles National Park,Slug/Snail,Basommatophora,Planorbidae,None,nan
Pinnacles National Park,Spider/Scorpion,nan,nan,"Mites, Ticks",nan
Pinnacles National Park,Spider/Scorpion,Trombidiformes,Arrenuridae,None,nan
Pinnacles National Park,Spider/Scorpion,Trombidiformes,Hygrobatidae,None,nan
Pinnacles National Park,Spider/Scorpion,Trombidiformes,Lebertiidae,None,nan
Pinnacles National Park,Spider/Scorpion,Trombidiformes,Lebertiidae,None,nan
Pinnacles National Park,Spider/Scorpion,Trombidiformes,Limnesiidae,None,nan
Pinnacles National Park,Spider/Scorpion,Trombidiformes,Sperchonidae,None,nan
Pinnacles National Park,Spider/Scorpion,Trombidiformes,Sperchontidae,None,nan
Pinnacles National Park,Spider/Scorpion,Trombidiformes,Torrenticolidae,None,nan
Pinnacles National Park,Spider/Scorpion,Trombidiformes,Torrenticolidae,None,nan
Pinnacles National Park,Insect,nan,nan,Insects,nan
Pinnacles National Park,Insect,Coleoptera,nan,Beetles,nan
Pinnacles National Park,Insect,Coleoptera,Cicindelidae,Tiger Beetles,nan
Pinnacles National Park,Insect,Coleoptera,Dryopidae,None,nan
Pinnacles National Park,Insect,Coleoptera,Dryopidae,None,nan
Pinnacles National Park,Insect,Coleoptera,Dryopidae,None,nan
Pinnacles National Park,Insect,Coleoptera,Dryopidae,None,nan
Pinnacles National Park,Insect,Coleoptera,Dytiscidae,None,nan
Pinnacles National Park,Insect,Coleoptera,Dytiscidae,Predaceous Diving Beetles,nan
Pinnacles National Park,Insect,Coleoptera,Dytiscidae,None,nan
Pinnacles National Park,Insect,Coleoptera,Dytiscidae,None,nan
Pinnacles National Park,Insect,Coleoptera,Dytiscidae,None,nan
Pinnacles National Park,Insect,Coleoptera,Dytiscidae,None,nan
Pinnacles National Park,Insect,Coleoptera,Dytiscidae,None,nan
Pinnacles National Park,Insect,Coleoptera,Dytiscidae,None,nan
Pinnacles National Park,Insect,Coleoptera,Dytiscidae,None,nan
Pinnacles National Park,Insect,Coleoptera,Dytiscidae,None,nan
Pinnacles National Park,Insect,Coleoptera,Elmidae,None,nan
Pinnacles National Park,Insect,Coleoptera,Elmidae,None,nan
Pinnacles National Park,Insect,Coleoptera,Gyrinidae,None,nan
Pinnacles National Park,Insect,Coleoptera,Haliplidae,Crawling Water Beetles,nan
Pinnacles National Park,Insect,Coleoptera,Haliplidae,None,nan
Pinnacles National Park,Insect,Coleoptera,Haliplidae,None,nan
Pinnacles National Park,Insect,Coleoptera,Haliplidae,None,nan
Pinnacles National Park,Insect,Coleoptera,Haliplidae,None,nan
Pinnacles National Park,Insect,Coleoptera,Hydraenidae,None,nan
Pinnacles National Park,Insect,Coleoptera,Hydraenidae,Minute Moss Beetles,nan
Pinnacles National Park,Insect,Coleoptera,Hydrophilidae,None,nan
Pinnacles National Park,Insect,Coleoptera,Hydrophilidae,None,nan
Pinnacles National Park,Insect,Coleoptera,Hydrophilidae,None,nan
Pinnacles National Park,Insect,Coleoptera,Hydrophilidae,None,nan
Pinnacles National Park,Insect,Coleoptera,Hydrophilidae,None,nan
Pinnacles National Park,Insect,Coleoptera,Hydrophilidae,Water Scavenger Beetles,nan
Pinnacles National Park,Insect,Coleoptera,Hydrophilidae,None,nan
Pinnacles National Park,Insect,Coleoptera,Hydrophilidae,None,nan
Pinnacles National Park,Insect,Coleoptera,Hydrophilidae,None,nan
Pinnacles National Park,Insect,Coleoptera,Psephenidae,None,nan
Pinnacles National Park,Insect,Coleoptera,Staphylinidae,Rove Beetles,nan
Pinnacles National Park,Insect,Diptera,nan,"Gnats, Mosquitoes, True Flies",nan
Pinnacles National Park,Insect,Diptera,Ceratopogonidae,None,nan
Pinnacles National Park,Insect,Diptera,Ceratopogonidae,None,nan
Pinnacles National Park,Insect,Diptera,Ceratopogonidae,"Biting Midges, No-See-Ums, Punkies",nan
Pinnacles National Park,Insect,Diptera,Ceratopogonidae,None,nan
Pinnacles National Park,Insect,Diptera,Ceratopogonidae,None,nan
Pinnacles National Park,Insect,Diptera,Ceratopogonidae,None,nan
Pinnacles National Park,Insect,Diptera,Chaoboridae,None,nan
Pinnacles National Park,Insect,Diptera,Chironomidae,None,nan
Pinnacles National Park,Insect,Diptera,Chironomidae,None,nan
Pinnacles National Park,Insect,Diptera,Chironomidae,Midges,nan
Pinnacles National Park,Insect,Diptera,Chironomidae,None,nan
Pinnacles National Park,Insect,Diptera,Chironomidae,None,nan
Pinnacles National Park,Insect,Diptera,Chironomidae,None,nan
Pinnacles National Park,Insect,Diptera,Chironomidae,None,nan
Pinnacles National Park,Insect,Diptera,Chironomidae,None,nan
Pinnacles National Park,Insect,Diptera,Chironomidae,None,nan
Pinnacles National Park,Insect,Diptera,Chironomidae,None,nan
Pinnacles National Park,Insect,Diptera,Chironomidae,None,nan
Pinnacles National Park,Insect,Diptera,Chironomidae,None,nan
Pinnacles National Park,Insect,Diptera,Chironomidae,None,nan
Pinnacles National Park,Insect,Diptera,Chironomidae,None,nan
Pinnacles National Park,Insect,Diptera,Chironomidae,None,nan
Pinnacles National Park,Insect,Diptera,Chironomidae,None,nan
Pinnacles National Park,Insect,Diptera,Chironomidae,None,nan
Pinnacles National Park,Insect,Diptera,Chironomidae,None,nan
Pinnacles National Park,Insect,Diptera,Chironomidae,None,nan
Pinnacles National Park,Insect,Diptera,Chironomidae,None,nan
Pinnacles National Park,Insect,Diptera,Chironomidae,None,nan
Pinnacles National Park,Insect,Diptera,Chironomidae,None,nan
Pinnacles National Park,Insect,Diptera,Chironomidae,None,nan
Pinnacles National Park,Insect,Diptera,Chironomidae,None,nan
Pinnacles National Park,Insect,Diptera,Chironomidae,None,nan
Pinnacles National Park,Insect,Diptera,Chironomidae,None,nan
Pinnacles National Park,Insect,Diptera,Chironomidae,None,nan
Pinnacles National Park,Insect,Diptera,Chironomidae,None,nan
Pinnacles National Park,Insect,Diptera,Chironomidae,None,nan
Pinnacles National Park,Insect,Diptera,Chironomidae,None,nan
Pinnacles National Park,Insect,Diptera,Chironomidae,None,nan
Pinnacles National Park,Insect,Diptera,Chironomidae,None,nan
Pinnacles National Park,Insect,Diptera,Chironomidae,None,nan
Pinnacles National Park,Insect,Diptera,Chironomidae,None,nan
Pinnacles National Park,Insect,Diptera,Chironomidae,None,nan
Pinnacles National Park,Insect,Diptera,Chironomidae,None,nan
Pinnacles National Park,Insect,Diptera,Chironomidae,None,nan
Pinnacles National Park,Insect,Diptera,Chironomidae,None,nan
Pinnacles National Park,Insect,Diptera,Chironomidae,None,nan
Pinnacles National Park,Insect,Diptera,Chironomidae,None,nan
Pinnacles National Park,Insect,Diptera,Chironomidae,None,nan
Pinnacles National Park,Insect,Diptera,Chironomidae,None,nan
Pinnacles National Park,Insect,Diptera,Chironomidae,None,nan
Pinnacles National Park,Insect,Diptera,Chironomidae,None,nan
Pinnacles National Park,Insect,Diptera,Chironomidae,None,nan
Pinnacles National Park,Insect,Diptera,Culicidae,None,nan
Pinnacles National Park,Insect,Diptera,Culicidae,Mosquitoes,nan
Pinnacles National Park,Insect,Diptera,Dixidae,None,nan
Pinnacles National Park,Insect,Diptera,Dixidae,None,nan
Pinnacles National Park,Insect,Diptera,Dixidae,Dixid Midges,nan
Pinnacles National Park,Insect,Diptera,Dixidae,None,nan
Pinnacles National Park,Insect,Diptera,Empididae,None,nan
Pinnacles National Park,Insect,Diptera,Empididae,None,nan
Pinnacles National Park,Insect,Diptera,Empididae,None,nan
Pinnacles National Park,Insect,Diptera,Empididae,None,nan
Pinnacles National Park,Insect,Diptera,Ephydridae,"Brine Flies, Shore Flies",nan
Pinnacles National Park,Insect,Diptera,Ephydridae,None,nan
Pinnacles National Park,Insect,Diptera,Muscidae,None,nan
Pinnacles National Park,Insect,Diptera,Muscidae,"Face Flies, Horn Flies, House Flies, Muscid Flies, Stable Flies, Tsetse Flies",nan
Pinnacles National Park,Insect,Diptera,Psychodidae,None,nan
Pinnacles National Park,Insect,Diptera,Psychodidae,"Moth Flies, Sand Flies",nan
Pinnacles National Park,Insect,Diptera,Sciomyzidae,Marsh Flies,nan
Pinnacles National Park,Insect,Diptera,Simuliidae,None,nan
Pinnacles National Park,Insect,Diptera,Simuliidae,None,nan
Pinnacles National Park,Insect,Diptera,Simuliidae,None,nan
Pinnacles National Park,Insect,Diptera,Stratiomyidae,None,nan
Pinnacles National Park,Insect,Diptera,Stratiomyidae,None,nan
Pinnacles National Park,Insect,Diptera,Stratiomyidae,None,nan
Pinnacles National Park,Insect,Diptera,Tabanidae,None,nan
Pinnacles National Park,Insect,Diptera,Tabanidae,"Clegs, Deer Flies, Horse Flies",nan
Pinnacles National Park,Insect,Diptera,Tipulidae,None,nan
Pinnacles National Park,Insect,Diptera,Tipulidae,None,nan
Pinnacles National Park,Insect,Diptera,Tipulidae,None,nan
Pinnacles National Park,Insect,Diptera,Tipulidae,None,nan
Pinnacles National Park,Insect,Diptera,Tipulidae,None,nan
Pinnacles National Park,Insect,Diptera,Tipulidae,Crane Flies,nan
Pinnacles National Park,Insect,Diptera,Tipulidae,None,nan
Pinnacles National Park,Insect,Ephemeroptera,nan,Mayflies,nan
Pinnacles National Park,Insect,Ephemeroptera,Ameletidae,None,nan
Pinnacles National Park,Insect,Ephemeroptera,Baetidae,None,nan
Pinnacles National Park,Insect,Ephemeroptera,Baetidae,None,nan
Pinnacles National Park,Insect,Ephemeroptera,Baetidae,None,nan
Pinnacles National Park,Insect,Ephemeroptera,Baetidae,None,nan
Pinnacles National Park,Insect,Ephemeroptera,Baetidae,None,nan
Pinnacles National Park,Insect,Ephemeroptera,Baetidae,None,nan
Pinnacles National Park,Insect,Ephemeroptera,Caenidae,None,nan
Pinnacles National Park,Insect,Ephemeroptera,Caenidae,None,nan
Pinnacles National Park,Insect,Ephemeroptera,Leptohyphidae,None,nan
Pinnacles National Park,Insect,Ephemeroptera,Leptophlebiidae,None,nan
Pinnacles National Park,Insect,Hemiptera,Belostomatidae,None,nan
Pinnacles National Park,Insect,Hemiptera,Belostomatidae,None,nan
Pinnacles National Park,Insect,Hemiptera,Belostomatidae,None,nan
Pinnacles National Park,Insect,Hemiptera,Cicadellidae,"Cicadellids, Jassids, Leafhoppers, Sharpshooters",nan
Pinnacles National Park,Insect,Hemiptera,Corixidae,Water Boatman,nan
Pinnacles National Park,Insect,Hemiptera,Corixidae,None,nan
Pinnacles National Park,Insect,Hemiptera,Corixidae,None,nan
Pinnacles National Park,Insect,Hemiptera,Corixidae,None,nan
Pinnacles National Park,Insect,Hemiptera,Corixidae,None,nan
Pinnacles National Park,Insect,Hemiptera,Gelastocoridae,None,nan
Pinnacles National Park,Insect,Hemiptera,Gerridae,None,nan
Pinnacles National Park,Insect,Hemiptera,Gerridae,None,nan
Pinnacles National Park,Insect,Hemiptera,Gerridae,None,nan
Pinnacles National Park,Insect,Hemiptera,Hebridae,None,nan
Pinnacles National Park,Insect,Hemiptera,Hebridae,None,nan
Pinnacles National Park,Insect,Hemiptera,Macroveliidae,None,nan
Pinnacles National Park,Insect,Hemiptera,Macroveliidae,None,nan
Pinnacles National Park,Insect,Hemiptera,Naucoridae,None,nan
Pinnacles National Park,Insect,Hemiptera,Notonectidae,None,nan
Pinnacles National Park,Insect,Hemiptera,Notonectidae,None,nan
Pinnacles National Park,Insect,Hemiptera,Notonectidae,None,nan
Pinnacles National Park,Insect,Hemiptera,Saldidae,None,nan
Pinnacles National Park,Insect,Hemiptera,Veliidae,None,nan
Pinnacles National Park,Insect,Hemiptera,Veliidae,None,nan
Pinnacles National Park,Insect,Lepidoptera,Hesperiidae,Sachem,Rare
Pinnacles National Park,Insect,Lepidoptera,Hesperiidae,Funereal Duskywing,Occasional
Pinnacles National Park,Insect,Lepidoptera,Hesperiidae,Propertius Duskywing,Rare
Pinnacles National Park,Insect,Lepidoptera,Hesperiidae,Mournful Duskywing,Common
Pinnacles National Park,Insect,Lepidoptera,Hesperiidae,Northern White-Skipper,Common
Pinnacles National Park,Insect,Lepidoptera,Hesperiidae,Columbian Skipper,Uncommon
Pinnacles National Park,Insect,Lepidoptera,Hesperiidae,Fiery Skipper,Rare
Pinnacles National Park,Insect,Lepidoptera,Hesperiidae,Eufala Skipper,Occasional
Pinnacles National Park,Insect,Lepidoptera,Hesperiidae,Rural Skipper,Common
Pinnacles National Park,Insect,Lepidoptera,Hesperiidae,Woodland Skipper,Abundant
Pinnacles National Park,Insect,Lepidoptera,Hesperiidae,Umber Skipper,Rare
Pinnacles National Park,Insect,Lepidoptera,Hesperiidae,Common Checkered-Skipper,Rare
Pinnacles National Park,Insect,Lepidoptera,Lycaenidae,Great Purple Hairstreak,Uncommon
Pinnacles National Park,Insect,Lepidoptera,Lycaenidae,Western Pygmy-Blue,Rare
Pinnacles National Park,Insect,Lepidoptera,Lycaenidae,Western Green Hairstreak,Common
Pinnacles National Park,Insect,Lepidoptera,Lycaenidae,Brown Elfin,Uncommon
Pinnacles National Park,Insect,Lepidoptera,Lycaenidae,Thicket Hairstreak,Rare
Pinnacles National Park,Insect,Lepidoptera,Lycaenidae,Spring Azure,Common
Pinnacles National Park,Insect,Lepidoptera,Lycaenidae,Bernardino Dotted-Blue,Common
Pinnacles National Park,Insect,Lepidoptera,Lycaenidae,Western Tailed-Blue,Occasional
Pinnacles National Park,Insect,Lepidoptera,Lycaenidae,Eastern Tailed-Blue,Occasional
Pinnacles National Park,Insect,Lepidoptera,Lycaenidae,Silvery Blue,Uncommon
Pinnacles National Park,Insect,Lepidoptera,Lycaenidae,Marine Blue,Occasional
Pinnacles National Park,Insect,Lepidoptera,Lycaenidae,Tailed Copper,Uncommon
Pinnacles National Park,Insect,Lepidoptera,Lycaenidae,Gorgon Copper,Uncommon
Pinnacles National Park,Insect,Lepidoptera,Lycaenidae,Purplish Copper,Rare
Pinnacles National Park,Insect,Lepidoptera,Lycaenidae,Great Copper,Abundant
Pinnacles National Park,Insect,Lepidoptera,Lycaenidae,Sonoran Blue,Uncommon
Pinnacles National Park,Insect,Lepidoptera,Lycaenidae,Acmon Blue,Abundant
Pinnacles National Park,Insect,Lepidoptera,Lycaenidae,Boisduval's Blue,Rare
Pinnacles National Park,Insect,Lepidoptera,Lycaenidae,Lupine Blue,Uncommon
Pinnacles National Park,Insect,Lepidoptera,Lycaenidae,Gold-Hunter's Hairstreak,Uncommon
Pinnacles National Park,Insect,Lepidoptera,Lycaenidae,California Hairstreak,Uncommon
Pinnacles National Park,Insect,Lepidoptera,Lycaenidae,Hedgerow Hairstreak,Abundant
Pinnacles National Park,Insect,Lepidoptera,Lycaenidae,Sylvan Hairstreak,Abundant
Pinnacles National Park,Insect,Lepidoptera,Lycaenidae,Mountain Mahogany Hairstreak,Uncommon
Pinnacles National Park,Insect,Lepidoptera,Lycaenidae,Gray Hairstreak (Butterfly),Uncommon
Pinnacles National Park,Insect,Lepidoptera,Nymphalidae,California Sister,Common
Pinnacles National Park,Insect,Lepidoptera,Nymphalidae,Great Basin Wood-Nymph,Rare
Pinnacles National Park,Insect,Lepidoptera,Nymphalidae,Gabb's Checkerspot,Common
Pinnacles National Park,Insect,Lepidoptera,Nymphalidae,Common Ringlet,Abundant
Pinnacles National Park,Insect,Lepidoptera,Nymphalidae,Monarch,Common
Pinnacles National Park,Insect,Lepidoptera,Nymphalidae,Variable Checkerspot,Abundant
Pinnacles National Park,Insect,Lepidoptera,Nymphalidae,Edith's Checkerspot,Abundant
Pinnacles National Park,Insect,Lepidoptera,Nymphalidae,Common Buckeye,Common
Pinnacles National Park,Insect,Lepidoptera,Nymphalidae,Lorquin's Admiral,Common
Pinnacles National Park,Insect,Lepidoptera,Nymphalidae,Mourning Cloak,Uncommon
Pinnacles National Park,Insect,Lepidoptera,Nymphalidae,California Tortoiseshell,Common
Pinnacles National Park,Insect,Lepidoptera,Nymphalidae,Mylitta Crescent,Uncommon
Pinnacles National Park,Insect,Lepidoptera,Nymphalidae,Satyr Comma,Rare
Pinnacles National Park,Insect,Lepidoptera,Nymphalidae,Calippe Fritillary,Abundant
Pinnacles National Park,Insect,Lepidoptera,Nymphalidae,Coronis Fritillary,Rare
Pinnacles National Park,Insect,Lepidoptera,Nymphalidae,Leanira Checkerspot,Uncommon
Pinnacles National Park,Insect,Lepidoptera,Nymphalidae,West Coast Lady,Uncommon
Pinnacles National Park,Insect,Lepidoptera,Nymphalidae,Red Admiral,Uncommon
Pinnacles National Park,Insect,Lepidoptera,Nymphalidae,Painted Lady,Common
Pinnacles National Park,Insect,Lepidoptera,Nymphalidae,American Lady,Common
Pinnacles National Park,Insect,Lepidoptera,Papilionidae,Pale Swallowtail,Abundant
Pinnacles National Park,Insect,Lepidoptera,Papilionidae,Western Tiger Swallowtail,Common
Pinnacles National Park,Insect,Lepidoptera,Papilionidae,Anise Swallowtail,Common
Pinnacles National Park,Insect,Lepidoptera,Pieridae,Sara Orangetip,Abundant
Pinnacles National Park,Insect,Lepidoptera,Pieridae,California Dogface,Uncommon
Pinnacles National Park,Insect,Lepidoptera,Pieridae,Orange Sulphur,Uncommon
Pinnacles National Park,Insect,Lepidoptera,Pieridae,Harford's Sulphur,Occasional
Pinnacles National Park,Insect,Lepidoptera,Pieridae,Large Marble,Uncommon
Pinnacles National Park,Insect,Lepidoptera,Pieridae,"Cabbage Butterfly, Cabbage White, Imported Cabbageworm",Common
Pinnacles National Park,Insect,Lepidoptera,Pieridae,Checkered White,Common
Pinnacles National Park,Insect,Lepidoptera,Pieridae,Spring White,Rare
Pinnacles National Park,Insect,Lepidoptera,Riodinidae,Mormon Metalmark,Abundant
Pinnacles National Park,Insect,Megaloptera,Corydalidae,None,nan
Pinnacles National Park,Insect,Megaloptera,Sialidae,None,nan
Pinnacles National Park,Insect,Odonata,nan,"Damselflies, Dragonflies",nan
Pinnacles National Park,Insect,Odonata,Aeshnidae,None,nan
Pinnacles National Park,Insect,Odonata,Aeshnidae,None,nan
Pinnacles National Park,Insect,Odonata,Aeshnidae,None,nan
Pinnacles National Park,Insect,Odonata,Aeshnidae,Walker's Darner,nan
Pinnacles National Park,Insect,Odonata,Aeshnidae,Common Green Darner,nan
Pinnacles National Park,Insect,Odonata,Aeshnidae,Giant Darner,nan
Pinnacles National Park,Insect,Odonata,Calopterygidae,None,nan
Pinnacles National Park,Insect,Odonata,Calopterygidae,American Rubyspot,nan
Pinnacles National Park,Insect,Odonata,Coenagrionidae,None,nan
Pinnacles National Park,Insect,Odonata,Coenagrionidae,California Dancer,nan
Pinnacles National Park,Insect,Odonata,Coenagrionidae,Sooty Dancer,nan
Pinnacles National Park,Insect,Odonata,Coenagrionidae,Aztec Dancer,nan
Pinnacles National Park,Insect,Odonata,Coenagrionidae,Vivid Dancer,nan
Pinnacles National Park,Insect,Odonata,Coenagrionidae,"Narrow-Winged Damselflies, Pond Damsels, Pond Damsels",nan
Pinnacles National Park,Insect,Odonata,Coenagrionidae,None,nan
Pinnacles National Park,Insect,Odonata,Coenagrionidae,Tule Bluet,nan
Pinnacles National Park,Insect,Odonata,Coenagrionidae,Familiar Bluet,nan
Pinnacles National Park,Insect,Odonata,Coenagrionidae,None,nan
Pinnacles National Park,Insect,Odonata,Coenagrionidae,Arroyo Bluet,nan
Pinnacles National Park,Insect,Odonata,Coenagrionidae,None,nan
Pinnacles National Park,Insect,Odonata,Coenagrionidae,Pacific Forktail,nan
Pinnacles National Park,Insect,Odonata,Coenagrionidae,Black-Fronted Forktail,nan
Pinnacles National Park,Insect,Odonata,Coenagrionidae,Western Forktail,nan
Pinnacles National Park,Insect,Odonata,Coenagrionidae,Desert Firetail,nan
Pinnacles National Park,Insect,Odonata,Cordulegastridae,Pacific Spiketail,nan
Pinnacles National Park,Insect,Odonata,Gomphidae,White-Belted Ringtail,nan
Pinnacles National Park,Insect,Odonata,Gomphidae,"Clubtails, Clubtails",nan
Pinnacles National Park,Insect,Odonata,Gomphidae,Grappletail,nan
Pinnacles National Park,Insect,Odonata,Gomphidae,Gray Sanddragon,nan
Pinnacles National Park,Insect,Odonata,Lestidae,None,nan
Pinnacles National Park,Insect,Odonata,Lestidae,California Spreadwing,nan
Pinnacles National Park,Insect,Odonata,Lestidae,Spotted Spreadwing,nan
Pinnacles National Park,Insect,Odonata,Lestidae,Black Spreadwing,nan
Pinnacles National Park,Insect,Odonata,Libellulidae,Pale-Faced Clubskimmer,nan
Pinnacles National Park,Insect,Odonata,Libellulidae,Western Pondhawk,nan
Pinnacles National Park,Insect,Odonata,Libellulidae,None,nan
Pinnacles National Park,Insect,Odonata,Libellulidae,Flame Skimmer,nan
Pinnacles National Park,Insect,Odonata,Libellulidae,"Common Skimmers, Skimmers",nan
Pinnacles National Park,Insect,Odonata,Libellulidae,Blue Dasher,nan
Pinnacles National Park,Insect,Odonata,Libellulidae,Red Rock Skimmer,nan
Pinnacles National Park,Insect,Odonata,Libellulidae,Wandering Glider,nan
Pinnacles National Park,Insect,Odonata,Libellulidae,Spot-Winged Glider,nan
Pinnacles National Park,Insect,Odonata,Libellulidae,Common Whitetail,nan
Pinnacles National Park,Insect,Odonata,Libellulidae,None,nan
Pinnacles National Park,Insect,Odonata,Libellulidae,Variegated Meadowhawk,nan
Pinnacles National Park,Insect,Odonata,Libellulidae,Cardinal Meadowhawk,nan
Pinnacles National Park,Insect,Odonata,Libellulidae,Black Saddlebags,nan
Pinnacles National Park,Insect,Orthoptera,Tetrigidae,"Grouse Locusts, Pygmy Grasshoppers, Pygmy Locusts",nan
Pinnacles National Park,Insect,Orthoptera,Tridactylidae,Pygmy Mole Crickets,nan
Pinnacles National Park,Insect,Plecoptera,nan,Stoneflies,nan
Pinnacles National Park,Insect,Plecoptera,Capniidae,Small Winter Stoneflies,nan
Pinnacles National Park,Insect,Plecoptera,Chloroperlidae,None,nan
Pinnacles National Park,Insect,Plecoptera,Nemouridae,None,nan
Pinnacles National Park,Insect,Plecoptera,Perlodidae,None,nan
Pinnacles National Park,Insect,Plecoptera,Perlodidae,None,nan
Pinnacles National Park,Insect,Plecoptera,Perlodidae,None,nan
Pinnacles National Park,Insect,Plecoptera,Perlodidae,Perlodid Stoneflies,nan
Pinnacles National Park,Insect,Plecoptera,Taeniopterygidae,None,nan
Pinnacles National Park,Insect,Plecoptera,Taeniopterygidae,Winter Stoneflies,nan
Pinnacles National Park,Insect,Trichoptera,Brachycentridae,None,nan
Pinnacles National Park,Insect,Trichoptera,Brachycentridae,None,nan
Pinnacles National Park,Insect,Trichoptera,Glossosomatidae,None,nan
Pinnacles National Park,Insect,Trichoptera,Glossosomatidae,None,nan
Pinnacles National Park,Insect,Trichoptera,Glossosomatidae,None,nan
Pinnacles National Park,Insect,Trichoptera,Hydropsychidae,None,nan
Pinnacles National Park,Insect,Trichoptera,Hydropsychidae,None,nan
Pinnacles National Park,Insect,Trichoptera,Hydropsychidae,None,nan
Pinnacles National Park,Insect,Trichoptera,Hydropsychidae,None,nan
Pinnacles National Park,Insect,Trichoptera,Hydropsychidae,None,nan
Pinnacles National Park,Insect,Trichoptera,Hydroptilidae,None,nan
Pinnacles National Park,Insect,Trichoptera,Hydroptilidae,Micro-Caddisflies,nan
Pinnacles National Park,Insect,Trichoptera,Hydroptilidae,None,nan
Pinnacles National Park,Insect,Trichoptera,Hydroptilidae,None,nan
Pinnacles National Park,Insect,Trichoptera,Lepidostomatidae,None,nan
Pinnacles National Park,Insect,Trichoptera,Lepidostomatidae,None,nan
Pinnacles National Park,Insect,Trichoptera,Leptoceridae,Long-Horn Caddisflies,nan
Pinnacles National Park,Insect,Trichoptera,Leptoceridae,None,nan
Pinnacles National Park,Insect,Trichoptera,Leptoceridae,None,nan
Pinnacles National Park,Insect,Trichoptera,Leptoceridae,None,nan
Pinnacles National Park,Insect,Trichoptera,Leptoceridae,None,nan
Pinnacles National Park,Insect,Trichoptera,Leptoceridae,None,nan
Pinnacles National Park,Insect,Trichoptera,Leptoceridae,None,nan
Pinnacles National Park,Insect,Trichoptera,Leptoceridae,None,nan
Pinnacles National Park,Insect,Trichoptera,Limnephilidae,None,nan
Pinnacles National Park,Insect,Trichoptera,Philopotamidae,None,nan
Pinnacles National Park,Insect,Trichoptera,Philopotamidae,None,nan
Pinnacles National Park,Insect,Trichoptera,Philopotamidae,None,nan
Pinnacles National Park,Insect,Trichoptera,Polycentropodidae,None,nan
Pinnacles National Park,Insect,Trichoptera,Psychomyiidae,None,nan
Pinnacles National Park,Insect,Trichoptera,Psychomyiidae,None,nan
Pinnacles National Park,Insect,Trichoptera,Sericostomatidae,None,nan
Pinnacles National Park,Insect,Trichoptera,Sericostomatidae,None,nan
Pinnacles National Park,Invertebrate,nan,nan,Leeches,nan
Pinnacles National Park,Invertebrate,nan,nan,"Molluscs, Mollusks",nan
Pinnacles National Park,Invertebrate,nan,nan,None,nan
Pinnacles National Park,Invertebrate,nan,nan,"Gordian Worms, Hair Worms, Horsehair Worms",nan
Pinnacles National Park,Invertebrate,nan,nan,"Angleworms, Earthworms, Night Crawlers, Oligochaetes",nan
Pinnacles National Park,Invertebrate,nan,nan,"Planarians, Turbellarians",nan
Pinnacles National Park,Invertebrate,Anthoathecatae,Hydridae,None,nan
Pinnacles National Park,Invertebrate,Arhynchobdellida,Erpobdellidae,None,nan
Pinnacles National Park,Invertebrate,Arhynchobdellida,Erpobdellidae,None,nan
Pinnacles National Park,Invertebrate,Enchytraeida,Enchytraeidae,None,nan
Pinnacles National Park,Invertebrate,Hoplonemertea,Tetrastemmatidae,None,nan
Pinnacles National Park,Invertebrate,Lumbriculida,Lumbriculidae,Aquatic Oligochaete Worm,nan
Pinnacles National Park,Invertebrate,Mermithida,Mermithidae,None,nan
Pinnacles National Park,Invertebrate,Neoophora,Planariidae,None,nan
Pinnacles National Park,Invertebrate,Neoophora,Planariidae,None,nan
Pinnacles National Park,Invertebrate,Neoophora,Planariidae,None,nan
Pinnacles National Park,Invertebrate,Neoophora,Planariidae,None,nan
Pinnacles National Park,Invertebrate,Opisthopora,Lumbricidae,None,nan
Pinnacles National Park,Invertebrate,Rhynchobdellida,Glossiphoniidae,None,nan
Pinnacles National Park,Invertebrate,Rhynchobdellida,Glossiphoniidae,None,nan
Pinnacles National Park,Invertebrate,Rhynchobdellida,Glossiphoniidae,None,nan
Pinnacles National Park,Invertebrate,Tubificida,nan,None,nan
Pinnacles National Park,Invertebrate,Tubificida,Naididae,Aquatic Oligochaete Worm,nan
Pinnacles National Park,Invertebrate,Tubificida,Naididae,Aquatic Oligochaete Worm,nan
Pinnacles National Park,Invertebrate,Tubificida,Naididae,Aquatic Oligochaete Worm,nan
Pinnacles National Park,Invertebrate,Tubificida,Naididae,Aquatic Oligochaete Worm,nan
Pinnacles National Park,Invertebrate,Tubificida,Naididae,Aquatic Oligochaete Worm,nan
Pinnacles National Park,Invertebrate,Tubificida,Naididae,Aquatic Oligochaete Worm,nan
Pinnacles National Park,Invertebrate,Tubificida,Tubificidae,None,nan
Pinnacles National Park,Invertebrate,Veneroida,Pisidiidae,None,nan
Pinnacles National Park,Invertebrate,Veneroida,Pisidiidae,Ubiquitous Peaclam,nan
Pinnacles National Park,Fungi,Acarosporales,Acarosporaceae,None,Unknown
Pinnacles National Park,Fungi,Agyriales,Agyriaceae,None,Unknown
Pinnacles National Park,Fungi,Candelariales,Candelariaceae,None,Unknown
Pinnacles National Park,Fungi,Lecanorales,Parmeliaceae,None,Unknown
Pinnacles National Park,Fungi,Lecanorales,Parmeliaceae,None,Unknown
Pinnacles National Park,Fungi,Lecanorales,Parmeliaceae,None,Unknown
Pinnacles National Park,Fungi,Lecanorales,Parmeliaceae,None,Unknown
Pinnacles National Park,Fungi,Lecanorales,Parmeliaceae,None,Unknown
Pinnacles National Park,Fungi,Lecanorales,Parmeliaceae,None,Unknown
Pinnacles National Park,Fungi,Lecanorales,Parmeliaceae,None,Unknown
Pinnacles National Park,Fungi,Lecanorales,Parmeliaceae,None,Unknown
Pinnacles National Park,Fungi,Lecanorales,Ramalinaceae,None,Unknown
Pinnacles National Park,Fungi,Lecanorales,Ramalinaceae,None,Unknown
Pinnacles National Park,Fungi,Lecideales,Lecideaceae,None,Unknown
Pinnacles National Park,Fungi,Peltigerales,Pannariaceae,None,Unknown
Pinnacles National Park,Fungi,Rhizocarpales,Rhizocarpaceae,World Map Lichen,Unknown
Pinnacles National Park,Fungi,Teloschistales,Caliciaceae,None,Unknown
Pinnacles National Park,Fungi,Teloschistales,Physciaceae,None,Unknown
Pinnacles National Park,Fungi,Teloschistales,Physciaceae,None,Unknown
Pinnacles National Park,Fungi,Teloschistales,Physciaceae,Frosted Lichen,Unknown
Pinnacles National Park,Fungi,Teloschistales,Physciaceae,Frosted Lichen,Unknown
Pinnacles National Park,Fungi,Teloschistales,Teloschistaceae,None,Unknown
Pinnacles National Park,Fungi,Teloschistales,Teloschistaceae,None,Unknown
Pinnacles National Park,Fungi,Teloschistales,Teloschistaceae,None,Unknown
Pinnacles National Park,Fungi,Teloschistales,Teloschistaceae,None,Unknown
Pinnacles National Park,Fungi,Umbilicariales,Umbilicariaceae,None,Unknown
Pinnacles National Park,Fungi,Verrucariales,Verrucariaceae,None,Unknown
Redwood National Park,Mammal,Artiodactyla,Cervidae,None,nan
Redwood National Park,Mammal,Artiodactyla,Cervidae,None,nan
Redwood National Park,Mammal,Carnivora,Mustelidae,River Otter,Common
Redwood National Park,Mammal,Artiodactyla,Bovidae,"Oxen, True Cattle",nan
Redwood National Park,Mammal,Artiodactyla,Bovidae,"Domestic Goat, Goat, Goat (Feral)",nan
Redwood National Park,Mammal,Artiodactyla,Bovidae,"Domestic Sheep, Mouflon, Red Sheep, Sheep (Feral)",nan
Redwood National Park,Mammal,Artiodactyla,Cervidae,"Deer, Red Deer, Wapiti",nan
Redwood National Park,Mammal,Artiodactyla,Cervidae,None,nan
Redwood National Park,Mammal,Artiodactyla,Cervidae,Roosevelt Elk,Abundant
Redwood National Park,Mammal,Artiodactyla,Cervidae,Olympic Elk,nan
Redwood National Park,Mammal,Artiodactyla,Cervidae,"Mule Deer, White-Tailed Deer",nan
Redwood National Park,Mammal,Artiodactyla,Cervidae,Black-Tailed Deer,Common
Redwood National Park,Mammal,Artiodactyla,Cervidae,None,nan
Redwood National Park,Mammal,Artiodactyla,Suidae,Feral Pig,nan
Redwood National Park,Mammal,Carnivora,Canidae,Coyote,Uncommon
Redwood National Park,Mammal,Carnivora,Canidae,"Gray Wolf, Wolf",nan
Redwood National Park,Mammal,Carnivora,Canidae,Gray Fox,Common
Redwood National Park,Mammal,Carnivora,Canidae,Red Fox,Uncommon
Redwood National Park,Mammal,Carnivora,Felidae,Domestic Cat,nan
Redwood National Park,Mammal,Carnivora,Felidae,Bobcat,Common
Redwood National Park,Mammal,Carnivora,Felidae,Cougar,Uncommon
Redwood National Park,Mammal,Carnivora,Mephitidae,Striped Skunk,Common
Redwood National Park,Mammal,Carnivora,Mephitidae,Spotted Skunk,Uncommon
Redwood National Park,Mammal,Carnivora,Mustelidae,Sea Otter,nan
Redwood National Park,Mammal,Carnivora,Mustelidae,Wolverine,nan
Redwood National Park,Mammal,Carnivora,Mustelidae,None,nan
Redwood National Park,Mammal,Carnivora,Mustelidae,None,Uncommon
Redwood National Park,Mammal,Carnivora,Mustelidae,"Ermines, Ferrets, Minks, Weasels",nan
Redwood National Park,Mammal,Carnivora,Mustelidae,Ermine,Uncommon
Redwood National Park,Mammal,Carnivora,Mustelidae,Longtail Weasel,Uncommon
Redwood National Park,Mammal,Carnivora,Mustelidae,Mink,Uncommon
Redwood National Park,Mammal,Carnivora,Mustelidae,"American Badger, Badger",nan
Redwood National Park,Mammal,Carnivora,Otariidae,Northern Fur Seal,nan
Redwood National Park,Mammal,Carnivora,Otariidae,Northern Sea Lion (Stellar),Common
Redwood National Park,Mammal,Carnivora,Otariidae,California Sea Lions,nan
Redwood National Park,Mammal,Carnivora,Otariidae,California Sea Lion,Common
Redwood National Park,Mammal,Carnivora,Otariidae,None,nan
Redwood National Park,Mammal,Carnivora,Phocidae,Elephant Seal,Uncommon
Redwood National Park,Mammal,Carnivora,Phocidae,"Hair Seals, Harbor Seals",nan
Redwood National Park,Mammal,Carnivora,Phocidae,Harbor Seal,Common
Redwood National Park,Mammal,Carnivora,Procyonidae,Ringtail,Uncommon
Redwood National Park,Mammal,Carnivora,Procyonidae,Raccoons,nan
Redwood National Park,Mammal,Carnivora,Procyonidae,Raccoon,Common
Redwood National Park,Mammal,Carnivora,Ursidae,Bears,nan
Redwood National Park,Mammal,Carnivora,Ursidae,None,nan
Redwood National Park,Mammal,Carnivora,Ursidae,Black Bear,Common
Redwood National Park,Mammal,Carnivora,Ursidae,"Brown Bear, Grizzly Bear",nan
Redwood National Park,Mammal,Cetacea,Balaenidae,"Black Right Whale, Black Whale, Right Whale",Occasional
Redwood National Park,Mammal,Cetacea,Balaenopteridae,Minke Whale,Occasional
Redwood National Park,Mammal,Cetacea,Balaenopteridae,Sei Whale,Occasional
Redwood National Park,Mammal,Cetacea,Balaenopteridae,Blue Whale,Occasional
Redwood National Park,Mammal,Cetacea,Balaenopteridae,Fin Whale,Occasional
Redwood National Park,Mammal,Cetacea,Balaenopteridae,Humpback Whale,Rare
Redwood National Park,Mammal,Cetacea,Delphinidae,Common Dolphin,Uncommon
Redwood National Park,Mammal,Cetacea,Delphinidae,Short-Finned Pilot Whale,Occasional
Redwood National Park,Mammal,Cetacea,Delphinidae,Grampus,Occasional
Redwood National Park,Mammal,Cetacea,Delphinidae,Pacific White-Sided Dolphin,Occasional
Redwood National Park,Mammal,Cetacea,Delphinidae,Northern Right Whale Dolphin,nan
Redwood National Park,Mammal,Cetacea,Delphinidae,Killer Whale,Occasional
Redwood National Park,Mammal,Cetacea,Delphinidae,False Killer Whale,Occasional
Redwood National Park,Mammal,Cetacea,Eschrichtiidae,Gray Whale,Common
Redwood National Park,Mammal,Cetacea,Hyperoodontidae,North Pacific Bottlenose Whale (Baird's Beaked),Occasional
Redwood National Park,Mammal,Cetacea,Hyperoodontidae,"Bering Sea Beaked Whale, Stejneger's Beaked Whale",nan
Redwood National Park,Mammal,Cetacea,Hyperoodontidae,Goosebeak Whale,Occasional
Redwood National Park,Mammal,Cetacea,Kogiidae,Pygmy Sperm Whale,Occasional
Redwood National Park,Mammal,Cetacea,Phocoenidae,Harbor Porpoise,Common
Redwood National Park,Mammal,Cetacea,Phocoenidae,Dall Porpoise,Occasional
Redwood National Park,Mammal,Cetacea,Physeteridae,Sperm Whale,Occasional
Redwood National Park,Mammal,Chiroptera,Molossidae,Mexican Free-Tailed Bat,nan
Redwood National Park,Mammal,Chiroptera,Vespertilionidae,Pallid Bat,Unknown
Redwood National Park,Mammal,Chiroptera,Vespertilionidae,"Mule-Eared Bat, Pacific Townsend's Big-Eared Bat, Townsend's Big-Eared Bat, Townsend's Big-Eared Bat, Western Big-Eared Bat, Western Long-Eared Bat, Western Lump-Nosed Bat",Unknown
Redwood National Park,Mammal,Chiroptera,Vespertilionidae,Big Brown Bat,Unknown
Redwood National Park,Mammal,Chiroptera,Vespertilionidae,Spotted Bat,nan
Redwood National Park,Mammal,Chiroptera,Vespertilionidae,Silver-Haired Bat,Unknown
Redwood National Park,Mammal,Chiroptera,Vespertilionidae,"Eastern Red Bat, Eastern Red Bat, Red Bat",nan
Redwood National Park,Mammal,Chiroptera,Vespertilionidae,Hoary Bat,Unknown
Redwood National Park,Mammal,Chiroptera,Vespertilionidae,Mouse-Eared Bats,nan
Redwood National Park,Mammal,Chiroptera,Vespertilionidae,California Myotis,Common
Redwood National Park,Mammal,Chiroptera,Vespertilionidae,"Small-Footed Myotis, Western Small-Footed Bat, Western Small-Footed Myotis",nan
Redwood National Park,Mammal,Chiroptera,Vespertilionidae,None,nan
Redwood National Park,Mammal,Chiroptera,Vespertilionidae,Long-Eared Myotis,nan
Redwood National Park,Mammal,Chiroptera,Vespertilionidae,Little Brown Myotis,nan
Redwood National Park,Mammal,Chiroptera,Vespertilionidae,Fringed Myotis,nan
Redwood National Park,Mammal,Chiroptera,Vespertilionidae,Long-Legged Myotis,Unknown
Redwood National Park,Mammal,Chiroptera,Vespertilionidae,Yuma Myotis,Unknown
Redwood National Park,Mammal,Chiroptera,Vespertilionidae,Western Pipistrelle,nan
Redwood National Park,Mammal,Didelphimorphia,Didelphidae,Virginia Opossum,Common
Redwood National Park,Mammal,Lagomorpha,Leporidae,Black-Tailed Hare,Uncommon
Redwood National Park,Mammal,Lagomorpha,Leporidae,Brush Rabbit,Common
Redwood National Park,Mammal,Rodentia,Aplodontiidae,Mountain Beaver,nan
Redwood National Park,Mammal,Rodentia,Aplodontiidae,Mountain Beaver,Unknown
Redwood National Park,Mammal,Rodentia,Castoridae,Beaver,Uncommon
Redwood National Park,Mammal,Rodentia,Cricetidae,Tree Voles,nan
Redwood National Park,Mammal,Rodentia,Cricetidae,White-Footed Vole,Unknown
Redwood National Park,Mammal,Rodentia,Cricetidae,Red Tree Vole (Sonoma),Unknown
Redwood National Park,Mammal,Rodentia,Cricetidae,Red-Backed Voles,nan
Redwood National Park,Mammal,Rodentia,Cricetidae,Western Red-Backed Vole,nan
Redwood National Park,Mammal,Rodentia,Cricetidae,"Meadow Mice, Meadow Voles",nan
Redwood National Park,Mammal,Rodentia,Cricetidae,California Vole,Common
Redwood National Park,Mammal,Rodentia,Cricetidae,Long-Tailed Vole,nan
Redwood National Park,Mammal,Rodentia,Cricetidae,Creeping Vole,Unknown
Redwood National Park,Mammal,Rodentia,Cricetidae,None,nan
Redwood National Park,Mammal,Rodentia,Cricetidae,Townsend's Vole,Unknown
Redwood National Park,Mammal,Rodentia,Cricetidae,Packrats,nan
Redwood National Park,Mammal,Rodentia,Cricetidae,Bushy-Tailed Woodrat,Common
Redwood National Park,Mammal,Rodentia,Cricetidae,Dusky-Footed Woodrat,Common
Redwood National Park,Mammal,Rodentia,Cricetidae,Muskrat,Uncommon
Redwood National Park,Mammal,Rodentia,Cricetidae,"Deer Mice, White-Footed Mice",nan
Redwood National Park,Mammal,Rodentia,Cricetidae,"Brush Deermouse, Brush Mouse",nan
Redwood National Park,Mammal,Rodentia,Cricetidae,"California Deermouse, California Mouse",nan
Redwood National Park,Mammal,Rodentia,Cricetidae,Deer Mouse,Common
Redwood National Park,Mammal,Rodentia,Cricetidae,Pinyon Mouse,nan
Redwood National Park,Mammal,Rodentia,Cricetidae,None,Unknown
Redwood National Park,Mammal,Rodentia,Cricetidae,None,Unknown
Redwood National Park,Mammal,Rodentia,Cricetidae,"American Harvest Mice, Harvest Mice",nan
Redwood National Park,Mammal,Rodentia,Cricetidae,Western Harvest Mouse,Uncommon
Redwood National Park,Mammal,Rodentia,Dipodidae,Pacific Jumping Mouse,Unknown
Redwood National Park,Mammal,Rodentia,Erethizontidae,Porcupine,Uncommon
Redwood National Park,Mammal,Rodentia,Geomyidae,"Smooth-Toothed Pocket Gophers, Western Pocket Gophers",nan
Redwood National Park,Mammal,Rodentia,Geomyidae,Botta's Pocket Gopher,Common
Redwood National Park,Mammal,Rodentia,Muridae,House Mouse,Unknown
Redwood National Park,Mammal,Rodentia,Muridae,Old World Rats,nan
Redwood National Park,Mammal,Rodentia,Muridae,Norway Rat,Unknown
Redwood National Park,Mammal,Rodentia,Muridae,Black Rat,Unknown
Redwood National Park,Mammal,Rodentia,Sciuridae,"Golden-Mantled Ground Squirrel, Golden-Mantled Squirrel, Sierra Nevada Golden-Mantled Ground Squirrel",nan
Redwood National Park,Mammal,Rodentia,Sciuridae,None,nan
Redwood National Park,Mammal,Rodentia,Sciuridae,Northern Flying Squirrel,Common
Redwood National Park,Mammal,Rodentia,Sciuridae,"Eastern Gray Squirrel, Gray Squirrel",nan
Redwood National Park,Mammal,Rodentia,Sciuridae,Western Gray Squirrel,Uncommon
Redwood National Park,Mammal,Rodentia,Sciuridae,California Ground Squirrel,Common
Redwood National Park,Mammal,Rodentia,Sciuridae,None,nan
Redwood National Park,Mammal,Rodentia,Sciuridae,Golden-Mantled Ground Squirrel,nan
Redwood National Park,Mammal,Rodentia,Sciuridae,Chipmunks,nan
Redwood National Park,Mammal,Rodentia,Sciuridae,Allen's Chipmunk,Unknown
Redwood National Park,Mammal,Rodentia,Sciuridae,Siskiyou Chipmunk,Unknown
Redwood National Park,Mammal,Rodentia,Sciuridae,Sonoma Chipmunk,nan
Redwood National Park,Mammal,Rodentia,Sciuridae,Townsend's Chipmunk,nan
Redwood National Park,Mammal,Rodentia,Sciuridae,None,nan
Redwood National Park,Mammal,Rodentia,Sciuridae,Douglas' Squirrel,Common
Redwood National Park,Mammal,Soricomorpha,Soricidae,Red-Toothed Shrews,nan
Redwood National Park,Mammal,Soricomorpha,Soricidae,None,nan
Redwood National Park,Mammal,Soricomorpha,Soricidae,Marsh Shrew,Unknown
Redwood National Park,Mammal,Soricomorpha,Soricidae,Pacific Shrew,Unknown
Redwood National Park,Mammal,Soricomorpha,Soricidae,"American Water Shrew, Northern Water Shrew, Water Shrew",nan
Redwood National Park,Mammal,Soricomorpha,Soricidae,"Fog Shrew, Sonoma Shrew",Unknown
Redwood National Park,Mammal,Soricomorpha,Soricidae,Trowbridge Shrew,Unknown
Redwood National Park,Mammal,Soricomorpha,Soricidae,Vagrant Shrew,Unknown
Redwood National Park,Mammal,Soricomorpha,Talpidae,None,nan
Redwood National Park,Mammal,Soricomorpha,Talpidae,Shrew-Mole,Unknown
Redwood National Park,Mammal,Soricomorpha,Talpidae,Western Moles,nan
Redwood National Park,Mammal,Soricomorpha,Talpidae,Broad-Footed Mole,nan
Redwood National Park,Mammal,Soricomorpha,Talpidae,Coast Mole,Unknown
Redwood National Park,Mammal,Soricomorpha,Talpidae,None,nan
Redwood National Park,Mammal,Soricomorpha,Talpidae,Townsend Mole,Unknown
Redwood National Park,Bird,Passeriformes,Parulidae,"Audubon's Warbler, Yellow-Rumped Warbler",nan
Redwood National Park,Bird,nan,nan,None,nan
Redwood National Park,Bird,Galliformes,Odontophoridae,California Quail,nan
Redwood National Park,Bird,Galliformes,Odontophoridae,None,nan
Redwood National Park,Bird,Accipitriformes,Accipitridae,Cooper's Hawk,Uncommon
Redwood National Park,Bird,Accipitriformes,Accipitridae,Northern Goshawk,Occasional
Redwood National Park,Bird,Accipitriformes,Accipitridae,Sharp-Shinned Hawk,Uncommon
Redwood National Park,Bird,Accipitriformes,Accipitridae,Golden Eagle,Uncommon
Redwood National Park,Bird,Accipitriformes,Accipitridae,Buteonine Hawks,nan
Redwood National Park,Bird,Accipitriformes,Accipitridae,Red-Tailed Hawk,Abundant
Redwood National Park,Bird,Accipitriformes,Accipitridae,None,nan
Redwood National Park,Bird,Accipitriformes,Accipitridae,Rough-Legged Hawk,Rare
Redwood National Park,Bird,Accipitriformes,Accipitridae,Red-Shouldered Hawk,Uncommon
Redwood National Park,Bird,Accipitriformes,Accipitridae,None,nan
Redwood National Park,Bird,Accipitriformes,Accipitridae,Ferruginous Hawk,nan
Redwood National Park,Bird,Accipitriformes,Accipitridae,Northern Harrier,Common
Redwood National Park,Bird,Accipitriformes,Accipitridae,White-Tailed Kite,Uncommon
Redwood National Park,Bird,Accipitriformes,Accipitridae,White-Tailed Kite,nan
Redwood National Park,Bird,Accipitriformes,Accipitridae,Bald Eagle,Uncommon
Redwood National Park,Bird,Accipitriformes,Cathartidae,Turkey Vulture,Common
Redwood National Park,Bird,Accipitriformes,Pandionidae,Osprey,Uncommon
Redwood National Park,Bird,Anseriformes,Anatidae,Wood Duck,Common
Redwood National Park,Bird,Anseriformes,Anatidae,Northern Pintail,Occasional
Redwood National Park,Bird,Anseriformes,Anatidae,American Wigeon,Uncommon
Redwood National Park,Bird,Anseriformes,Anatidae,Northern Shoveler,Rare
Redwood National Park,Bird,Anseriformes,Anatidae,Green-Winged Teal,Occasional
Redwood National Park,Bird,Anseriformes,Anatidae,Cinnamon Teal,Occasional
Redwood National Park,Bird,Anseriformes,Anatidae,Blue-Winged Teal,Occasional
Redwood National Park,Bird,Anseriformes,Anatidae,Eurasian Wigeon,Occasional
Redwood National Park,Bird,Anseriformes,Anatidae,Mallard,Common
Redwood National Park,Bird,Anseriformes,Anatidae,Gadwall,Rare
Redwood National Park,Bird,Anseriformes,Anatidae,Greater White-Fronted Goose,Occasional
Redwood National Park,Bird,Anseriformes,Anatidae,Diving Ducks,nan
Redwood National Park,Bird,Anseriformes,Anatidae,Lesser Scaup,Occasional
Redwood National Park,Bird,Anseriformes,Anatidae,Redhead,Occasional
Redwood National Park,Bird,Anseriformes,Anatidae,Ring-Necked Duck,Occasional
Redwood National Park,Bird,Anseriformes,Anatidae,Tufted Duck,nan
Redwood National Park,Bird,Anseriformes,Anatidae,Greater Scaup,Occasional
Redwood National Park,Bird,Anseriformes,Anatidae,Canvasback,Occasional
Redwood National Park,Bird,Anseriformes,Anatidae,Brant,Rare
Redwood National Park,Bird,Anseriformes,Anatidae,Canada Goose,Rare
Redwood National Park,Bird,Anseriformes,Anatidae,Aleutian Canada Goose,nan
Redwood National Park,Bird,Anseriformes,Anatidae,None,nan
Redwood National Park,Bird,Anseriformes,Anatidae,Bufflehead,Rare
Redwood National Park,Bird,Anseriformes,Anatidae,Common Goldeneye,Occasional
Redwood National Park,Bird,Anseriformes,Anatidae,Barrow's Goldeneye,Occasional
Redwood National Park,Bird,Anseriformes,Anatidae,Snow Goose,nan
Redwood National Park,Bird,Anseriformes,Anatidae,Emporer Goose,nan
Redwood National Park,Bird,Anseriformes,Anatidae,Ross' Goose,nan
Redwood National Park,Bird,Anseriformes,Anatidae,Oldsquaw,nan
Redwood National Park,Bird,Anseriformes,Anatidae,Trumpeter Swan,nan
Redwood National Park,Bird,Anseriformes,Anatidae,Tundra Swan,Occasional
Redwood National Park,Bird,Anseriformes,Anatidae,Mute Swan,Occasional
Redwood National Park,Bird,Anseriformes,Anatidae,Harlequin Duck,Occasional
Redwood National Park,Bird,Anseriformes,Anatidae,Hooded Merganser,Rare
Redwood National Park,Bird,Anseriformes,Anatidae,None,nan
Redwood National Park,Bird,Anseriformes,Anatidae,Scoters,nan
Redwood National Park,Bird,Anseriformes,Anatidae,White-Winged Scoter,nan
Redwood National Park,Bird,Anseriformes,Anatidae,White-Winged Scoter,Uncommon
Redwood National Park,Bird,Anseriformes,Anatidae,Black Scoter,nan
Redwood National Park,Bird,Anseriformes,Anatidae,Surf Scoter,Abundant
Redwood National Park,Bird,Anseriformes,Anatidae,Greater Mergansers,nan
Redwood National Park,Bird,Anseriformes,Anatidae,Common Merganser,Abundant
Redwood National Park,Bird,Anseriformes,Anatidae,Red-Breasted Merganser,Uncommon
Redwood National Park,Bird,Anseriformes,Anatidae,"Black Scoter, Common Scoter",nan
Redwood National Park,Bird,Anseriformes,Anatidae,Ruddy Duck,Rare
Redwood National Park,Bird,Anseriformes,Anatidae,Steller's Eider,nan
Redwood National Park,Bird,Anseriformes,Anatidae,King Eider,nan
Redwood National Park,Bird,Anseriformes,Anatidae,"Shoveller, Spoonbill Duck",nan
Redwood National Park,Bird,Apodiformes,Apodidae,Vaux's Swift,Common
Redwood National Park,Bird,Apodiformes,Apodidae,Black Swift,Occasional
Redwood National Park,Bird,Apodiformes,Apodidae,White-Collared Swift,nan
Redwood National Park,Bird,Apodiformes,Trochilidae,Black-Chinned Hummingbird,nan
Redwood National Park,Bird,Apodiformes,Trochilidae,Anna's Hummingbird,Common
Redwood National Park,Bird,Apodiformes,Trochilidae,Costa's Hummingbird,nan
Redwood National Park,Bird,Apodiformes,Trochilidae,Rufous Hummingbirds,nan
Redwood National Park,Bird,Apodiformes,Trochilidae,Rufous Hummingbird,Uncommon
Redwood National Park,Bird,Apodiformes,Trochilidae,Allen's Hummingbird,Common
Redwood National Park,Bird,Apodiformes,Trochilidae,Calliope Hummingbird,nan
Redwood National Park,Bird,Caprimulgiformes,Caprimulgidae,Common Nighthawk,Rare
Redwood National Park,Bird,Caprimulgiformes,Caprimulgidae,Common Poorwill,nan
Redwood National Park,Bird,Charadriiformes,Alcidae,"Auks, Guillemots, Murrelets, Murres, Puffins",nan
Redwood National Park,Bird,Charadriiformes,Alcidae,Kittlitz's Murrelet,nan
Redwood National Park,Bird,Charadriiformes,Alcidae,Marbled Murrelet,Abundant
Redwood National Park,Bird,Charadriiformes,Alcidae,Marbled Murrelet,nan
Redwood National Park,Bird,Charadriiformes,Alcidae,None,nan
Redwood National Park,Bird,Charadriiformes,Alcidae,Marbled Murrelet,nan
Redwood National Park,Bird,Charadriiformes,Alcidae,Pigeon Guillemot,Common
Redwood National Park,Bird,Charadriiformes,Alcidae,Rhinoceros Auklet,Common
Redwood National Park,Bird,Charadriiformes,Alcidae,Tufted Puffin,Occasional
Redwood National Park,Bird,Charadriiformes,Alcidae,Horned Puffin,nan
Redwood National Park,Bird,Charadriiformes,Alcidae,None,nan
Redwood National Park,Bird,Charadriiformes,Alcidae,Cassin's Auklet,Common
Redwood National Park,Bird,Charadriiformes,Alcidae,Ancient Murrelet,Uncommon
Redwood National Park,Bird,Charadriiformes,Alcidae,"Xantus' Murrelet, Xantus's Murrelet",nan
Redwood National Park,Bird,Charadriiformes,Alcidae,Common Murre,Abundant
Redwood National Park,Bird,Charadriiformes,Alcidae,None,nan
Redwood National Park,Bird,Charadriiformes,Charadriidae,Snowy Plover,Rare
Redwood National Park,Bird,Charadriiformes,Charadriidae,Western Snowy Plover,nan
Redwood National Park,Bird,Charadriiformes,Charadriidae,Mountain Plover,Rare
Redwood National Park,Bird,Charadriiformes,Charadriidae,Eurasian Dotterel,nan
Redwood National Park,Bird,Charadriiformes,Charadriidae,Semipalmated Plover,Common
Redwood National Park,Bird,Charadriiformes,Charadriidae,Killdeer,Common
Redwood National Park,Bird,Charadriiformes,Charadriidae,None,nan
Redwood National Park,Bird,Charadriiformes,Charadriidae,American Golden-Plover,nan
Redwood National Park,Bird,Charadriiformes,Charadriidae,Pacific Golden-Plover,nan
Redwood National Park,Bird,Charadriiformes,Charadriidae,Black-Bellied Plover,Uncommon
Redwood National Park,Bird,Charadriiformes,Charadriidae,"Black Bellied Plover, Silver Plover",nan
Redwood National Park,Bird,Charadriiformes,Haematopodidae,Black Oystercatcher,Common
Redwood National Park,Bird,Charadriiformes,Haematopodidae,American Oystercatcher,nan
Redwood National Park,Bird,Charadriiformes,Laridae,Black Tern,Occasional
Redwood National Park,Bird,Charadriiformes,Laridae,"Gulls, Ivory Gulls, Kittiwakes, Ross' Gulls, Sabine's Gulls",nan
Redwood National Park,Bird,Charadriiformes,Laridae,Herring Gull,Rare
Redwood National Park,Bird,Charadriiformes,Laridae,California Gull,nan
Redwood National Park,Bird,Charadriiformes,Laridae,Mew Gull,Common
Redwood National Park,Bird,Charadriiformes,Laridae,Ring-Billed Gull,Uncommon
Redwood National Park,Bird,Charadriiformes,Laridae,Glaucous-Winged Gull,Common
Redwood National Park,Bird,Charadriiformes,Laridae,Heermann's Gull,Common
Redwood National Park,Bird,Charadriiformes,Laridae,Glaucous Gull,Occasional
Redwood National Park,Bird,Charadriiformes,Laridae,Little Gull,nan
Redwood National Park,Bird,Charadriiformes,Laridae,Western Gull,Common
Redwood National Park,Bird,Charadriiformes,Laridae,Bonaparte's Gull,Common
Redwood National Park,Bird,Charadriiformes,Laridae,Franklin's Gull,nan
Redwood National Park,Bird,Charadriiformes,Laridae,"Black-Headed Gull, Common Black-Headed Gull",nan
Redwood National Park,Bird,Charadriiformes,Laridae,Thayer's Gull,Rare
Redwood National Park,Bird,Charadriiformes,Laridae,Black-Legged Kittiwake,Uncommon
Redwood National Park,Bird,Charadriiformes,Laridae,Typical Terns,nan
Redwood National Park,Bird,Charadriiformes,Laridae,Least Tern,nan
Redwood National Park,Bird,Charadriiformes,Laridae,Caspian Tern,Uncommon
Redwood National Park,Bird,Charadriiformes,Laridae,Elegant Tern,Uncommon
Redwood National Park,Bird,Charadriiformes,Laridae,Forster's Tern,nan
Redwood National Park,Bird,Charadriiformes,Laridae,Common Tern,Uncommon
Redwood National Park,Bird,Charadriiformes,Laridae,Common Tern,nan
Redwood National Park,Bird,Charadriiformes,Laridae,Royal Tern,nan
Redwood National Park,Bird,Charadriiformes,Laridae,Arctic Tern,Occasional
Redwood National Park,Bird,Charadriiformes,Laridae,Sabine's Gull,Uncommon
Redwood National Park,Bird,Charadriiformes,Recurvirostridae,Black-Necked Stilt,nan
Redwood National Park,Bird,Charadriiformes,Recurvirostridae,American Avocet,Occasional
Redwood National Park,Bird,Charadriiformes,Scolopacidae,Common Sandpiper,nan
Redwood National Park,Bird,Charadriiformes,Scolopacidae,Spotted Sandpiper,Common
Redwood National Park,Bird,Charadriiformes,Scolopacidae,Spotted Sandpiper,nan
Redwood National Park,Bird,Charadriiformes,Scolopacidae,Surfbird,Rare
Redwood National Park,Bird,Charadriiformes,Scolopacidae,Ruddy Turnstone,Rare
Redwood National Park,Bird,Charadriiformes,Scolopacidae,Black Turnstone,Uncommon
Redwood National Park,Bird,Charadriiformes,Scolopacidae,Upland Sandpiper,Occasional
Redwood National Park,Bird,Charadriiformes,Scolopacidae,Stints,nan
Redwood National Park,Bird,Charadriiformes,Scolopacidae,Sharp-Tailed Sandpiper,Occasional
Redwood National Park,Bird,Charadriiformes,Scolopacidae,Sanderling,Common
Redwood National Park,Bird,Charadriiformes,Scolopacidae,Dunlin,Common
Redwood National Park,Bird,Charadriiformes,Scolopacidae,Baird's Sandpiper,nan
Redwood National Park,Bird,Charadriiformes,Scolopacidae,Red Knot,nan
Redwood National Park,Bird,Charadriiformes,Scolopacidae,Curlew Sandpiper,nan
Redwood National Park,Bird,Charadriiformes,Scolopacidae,Stilt Sandpiper,nan
Redwood National Park,Bird,Charadriiformes,Scolopacidae,Western Sandpiper,Common
Redwood National Park,Bird,Charadriiformes,Scolopacidae,Pectoral Sandpiper,nan
Redwood National Park,Bird,Charadriiformes,Scolopacidae,Least Sandpiper,Abundant
Redwood National Park,Bird,Charadriiformes,Scolopacidae,Rock Sandpiper,nan
Redwood National Park,Bird,Charadriiformes,Scolopacidae,Semipalmated Sandpiper,nan
Redwood National Park,Bird,Charadriiformes,Scolopacidae,Red-Necked Stint,Occasional
Redwood National Park,Bird,Charadriiformes,Scolopacidae,None,nan
Redwood National Park,Bird,Charadriiformes,Scolopacidae,Willet,Common
Redwood National Park,Bird,Charadriiformes,Scolopacidae,Common Snipe,Rare
Redwood National Park,Bird,Charadriiformes,Scolopacidae,Wandering Tattler,Rare
Redwood National Park,Bird,Charadriiformes,Scolopacidae,Short-Billed Dowitcher,nan
Redwood National Park,Bird,Charadriiformes,Scolopacidae,Long-Billed Dowitcher,nan
Redwood National Park,Bird,Charadriiformes,Scolopacidae,Marbled Godwit,Uncommon
Redwood National Park,Bird,Charadriiformes,Scolopacidae,Hudsonian Godwit,Occasional
Redwood National Park,Bird,Charadriiformes,Scolopacidae,Bar-Tailed Godwit,Occasional
Redwood National Park,Bird,Charadriiformes,Scolopacidae,Long-Billed Curlew,Rare
Redwood National Park,Bird,Charadriiformes,Scolopacidae,Whimbrel,Uncommon
Redwood National Park,Bird,Charadriiformes,Scolopacidae,Red Phalarope,Occasional
Redwood National Park,Bird,Charadriiformes,Scolopacidae,Red-Necked Phalarope,Rare
Redwood National Park,Bird,Charadriiformes,Scolopacidae,Wilson's Phalarope,nan
Redwood National Park,Bird,Charadriiformes,Scolopacidae,Ruff,Occasional
Redwood National Park,Bird,Charadriiformes,Scolopacidae,Spotted Redshank,nan
Redwood National Park,Bird,Charadriiformes,Scolopacidae,Lesser Yellowlegs,Rare
Redwood National Park,Bird,Charadriiformes,Scolopacidae,Greater Yellowlegs,Rare
Redwood National Park,Bird,Charadriiformes,Scolopacidae,Solitairy Sandpiper,Rare
Redwood National Park,Bird,Charadriiformes,Scolopacidae,Buff-Breasted Sandpiper,nan
Redwood National Park,Bird,Charadriiformes,Stercorariidae,Long-Tailed Jaeger,nan
Redwood National Park,Bird,Charadriiformes,Stercorariidae,South Polar Skua,nan
Redwood National Park,Bird,Charadriiformes,Stercorariidae,Parasitic Jaeger,nan
Redwood National Park,Bird,Charadriiformes,Stercorariidae,Pomarine Jaeger,Uncommon
Redwood National Park,Bird,Columbiformes,Columbidae,Band-Tailed Pigeon,Common
Redwood National Park,Bird,Columbiformes,Columbidae,Rock Dove,Common
Redwood National Park,Bird,Columbiformes,Columbidae,Band-Tailed Pigeon,nan
Redwood National Park,Bird,Columbiformes,Columbidae,White-Winged Dove,nan
Redwood National Park,Bird,Columbiformes,Columbidae,Mourning Dove,Uncommon
Redwood National Park,Bird,Columbiformes,Columbidae,Mourning Dove,nan
Redwood National Park,Bird,Coraciiformes,Alcedinidae,Belted Kingfisher,Common
Redwood National Park,Bird,Coraciiformes,Alcedinidae,Ringed Kingfisher,nan
Redwood National Park,Bird,Cuculiformes,Cuculidae,Yellow-Billed Cuckoo,Occasional
Redwood National Park,Bird,Falconiformes,Falconidae,Merlin,Rare
Redwood National Park,Bird,Falconiformes,Falconidae,None,nan
Redwood National Park,Bird,Falconiformes,Falconidae,None,nan
Redwood National Park,Bird,Falconiformes,Falconidae,None,nan
Redwood National Park,Bird,Falconiformes,Falconidae,None,nan
Redwood National Park,Bird,Falconiformes,Falconidae,Prairie Falcon,nan
Redwood National Park,Bird,Falconiformes,Falconidae,Peregrine Falcon,nan
Redwood National Park,Bird,Falconiformes,Falconidae,Peregrine Falcon,Rare
Redwood National Park,Bird,Falconiformes,Falconidae,American Peregrine Falcon,nan
Redwood National Park,Bird,Falconiformes,Falconidae,None,nan
Redwood National Park,Bird,Falconiformes,Falconidae,Arctic Peregrine Falcon,nan
Redwood National Park,Bird,Falconiformes,Falconidae,American Kestrel,Common
Redwood National Park,Bird,Galliformes,Odontophoridae,California Quail,Abundant
Redwood National Park,Bird,Galliformes,Odontophoridae,California Quail,nan
Redwood National Park,Bird,Galliformes,Odontophoridae,None,nan
Redwood National Park,Bird,Galliformes,Odontophoridae,Mountain Quail,Uncommon
Redwood National Park,Bird,Galliformes,Phasianidae,Ruffed Grouse,Uncommon
Redwood National Park,Bird,Galliformes,Phasianidae,Blue Grouse,Common
Redwood National Park,Bird,Galliformes,Phasianidae,Ring-Necked Pheasant,Occasional
Redwood National Park,Bird,Gaviiformes,Gaviidae,Loons,nan
Redwood National Park,Bird,Gaviiformes,Gaviidae,"White-Billed Diver, Yellow-Billed Loon",nan
Redwood National Park,Bird,Gaviiformes,Gaviidae,Arctic Loon,nan
Redwood National Park,Bird,Gaviiformes,Gaviidae,None,nan
Redwood National Park,Bird,Gaviiformes,Gaviidae,Common Loon,Common
Redwood National Park,Bird,Gaviiformes,Gaviidae,Pacific Loon,Common
Redwood National Park,Bird,Gaviiformes,Gaviidae,Red-Throated Loon,Uncommon
Redwood National Park,Bird,Gruiformes,Gruidae,Sandhill Crane,nan
Redwood National Park,Bird,Gruiformes,Rallidae,American Coot,Common
Redwood National Park,Bird,Gruiformes,Rallidae,Common Moorhen,nan
Redwood National Park,Bird,Gruiformes,Rallidae,Sora,Occasional
Redwood National Park,Bird,Gruiformes,Rallidae,Virginia Rail,Common
Redwood National Park,Bird,Passeriformes,Aegithalidae,Bushtit,Uncommon
Redwood National Park,Bird,Passeriformes,Alaudidae,Horned Lark,nan
Redwood National Park,Bird,Passeriformes,Bombycillidae,Cedar Waxwing,Common
Redwood National Park,Bird,Passeriformes,Bombycillidae,Bohemian Waxwing,Occasional
Redwood National Park,Bird,Passeriformes,Calcariidae,Lapland Longspur,Occasional
Redwood National Park,Bird,Passeriformes,Calcariidae,Mccown's Longspur,nan
Redwood National Park,Bird,Passeriformes,Calcariidae,Chestnut-Collared Longspur,Occasional
Redwood National Park,Bird,Passeriformes,Calcariidae,Snow Bunting,nan
Redwood National Park,Bird,Passeriformes,Cardinalidae,Blue Grosbeak,Occasional
Redwood National Park,Bird,Passeriformes,Cardinalidae,Lazuli Bunting,Abundant
Redwood National Park,Bird,Passeriformes,Cardinalidae,Blue Grosbeak,nan
Redwood National Park,Bird,Passeriformes,Cardinalidae,Indigo Bunting,nan
Redwood National Park,Bird,Passeriformes,Cardinalidae,Rose-Breasted Grosbeak,nan
Redwood National Park,Bird,Passeriformes,Cardinalidae,Black-Headed Grosbeak,Common
Redwood National Park,Bird,Passeriformes,Cardinalidae,Western Tanager,Common
Redwood National Park,Bird,Passeriformes,Cardinalidae,Scarlet Tanager,nan
Redwood National Park,Bird,Passeriformes,Cardinalidae,Dickcissel,nan
Redwood National Park,Bird,Passeriformes,Certhiidae,Brown Creeper,Common
Redwood National Park,Bird,Passeriformes,Certhiidae,Eurasian Treecreeper,nan
Redwood National Park,Bird,Passeriformes,Cinclidae,American Dipper,Uncommon
Redwood National Park,Bird,Passeriformes,Corvidae,Western Scrub Jay,Common
Redwood National Park,Bird,Passeriformes,Corvidae,American Crow,Abundant
Redwood National Park,Bird,Passeriformes,Corvidae,Common Raven,Abundant
Redwood National Park,Bird,Passeriformes,Corvidae,Blue Jay,nan
Redwood National Park,Bird,Passeriformes,Corvidae,Steller's Jay,Abundant
Redwood National Park,Bird,Passeriformes,Corvidae,Clark's Nutcracker,Occasional
Redwood National Park,Bird,Passeriformes,Corvidae,Gray Jay,Uncommon
Redwood National Park,Bird,Passeriformes,Corvidae,Black-Billed Magpie,nan
Redwood National Park,Bird,Passeriformes,Emberizidae,Cassin's Sparrow,nan
Redwood National Park,Bird,Passeriformes,Emberizidae,Le Conte's Sparrow,nan
Redwood National Park,Bird,Passeriformes,Emberizidae,Grasshopper Sparrow,Occasional
Redwood National Park,Bird,Passeriformes,Emberizidae,Sage Sparrow,Occasional
Redwood National Park,Bird,Passeriformes,Emberizidae,Black-Throated Sparrow,Occasional
Redwood National Park,Bird,Passeriformes,Emberizidae,Lark Bunting,Occasional
Redwood National Park,Bird,Passeriformes,Emberizidae,Lark Sparrow,nan
Redwood National Park,Bird,Passeriformes,Emberizidae,Rustic Bunting,nan
Redwood National Park,Bird,Passeriformes,Emberizidae,Dark-Eyed Junco,Abundant
Redwood National Park,Bird,Passeriformes,Emberizidae,None,nan
Redwood National Park,Bird,Passeriformes,Emberizidae,None,nan
Redwood National Park,Bird,Passeriformes,Emberizidae,Oregon Junco,nan
Redwood National Park,Bird,Passeriformes,Emberizidae,Swamp Sparrow,Rare
Redwood National Park,Bird,Passeriformes,Emberizidae,Lincoln's Sparrow,Rare
Redwood National Park,Bird,Passeriformes,Emberizidae,Song Sparrow,Abundant
Redwood National Park,Bird,Passeriformes,Emberizidae,Savannah Sparrow,Common
Redwood National Park,Bird,Passeriformes,Emberizidae,Fox Sparrow,Common
Redwood National Park,Bird,Passeriformes,Emberizidae,Green-Tailed Towhee,nan
Redwood National Park,Bird,Passeriformes,Emberizidae,California Towhee,Occasional
Redwood National Park,Bird,Passeriformes,Emberizidae,Rufous-Sided Towhee,nan
Redwood National Park,Bird,Passeriformes,Emberizidae,"Brown Towhee, Canyon Towhee",nan
Redwood National Park,Bird,Passeriformes,Emberizidae,Spotted Towhee,Abundant
Redwood National Park,Bird,Passeriformes,Emberizidae,Vesper Sparrow,Rare
Redwood National Park,Bird,Passeriformes,Emberizidae,American Tree Sparrow,Occasional
Redwood National Park,Bird,Passeriformes,Emberizidae,Brewer's Sparrow,Occasional
Redwood National Park,Bird,Passeriformes,Emberizidae,Clay-Colored Sparrow,nan
Redwood National Park,Bird,Passeriformes,Emberizidae,Chipping Sparrow,Uncommon
Redwood National Park,Bird,Passeriformes,Emberizidae,White-Throated Sparrow,Rare
Redwood National Park,Bird,Passeriformes,Emberizidae,Golden-Crowned Sparrow,Common
Redwood National Park,Bird,Passeriformes,Emberizidae,White-Crowned Sparrow,Abundant
Redwood National Park,Bird,Passeriformes,Emberizidae,Harris' Sparrow,Rare
Redwood National Park,Bird,Passeriformes,Fringillidae,Lawrence's Goldfinch,Occasional
Redwood National Park,Bird,Passeriformes,Fringillidae,Pine Siskin,Abundant
Redwood National Park,Bird,Passeriformes,Fringillidae,Lesser Goldfinch,Common
Redwood National Park,Bird,Passeriformes,Fringillidae,American Goldfinch,Common
Redwood National Park,Bird,Passeriformes,Fringillidae,Cassin's Finch,nan
Redwood National Park,Bird,Passeriformes,Fringillidae,House Finch,Abundant
Redwood National Park,Bird,Passeriformes,Fringillidae,Purple Finch,Common
Redwood National Park,Bird,Passeriformes,Fringillidae,Evening Grosbeak,Rare
Redwood National Park,Bird,Passeriformes,Fringillidae,Brambling,nan
Redwood National Park,Bird,Passeriformes,Fringillidae,Red Crossbill,Uncommon
Redwood National Park,Bird,Passeriformes,Fringillidae,Pine Grosbeak,nan
Redwood National Park,Bird,Passeriformes,Fringillidae,Pine Siskin,nan
Redwood National Park,Bird,Passeriformes,Fringillidae,Lesser Goldfinch,nan
Redwood National Park,Bird,Passeriformes,Fringillidae,American Goldfinch,nan
Redwood National Park,Bird,Passeriformes,Hirundinidae,Cliff Swallow,Abundant
Redwood National Park,Bird,Passeriformes,Hirundinidae,Barn Swallow,Abundant
Redwood National Park,Bird,Passeriformes,Hirundinidae,None,nan
Redwood National Park,Bird,Passeriformes,Hirundinidae,"American Cliff Swallow, Cliff Swallow",nan
Redwood National Park,Bird,Passeriformes,Hirundinidae,Purple Martin,Occasional
Redwood National Park,Bird,Passeriformes,Hirundinidae,Bank Swallow,Rare
Redwood National Park,Bird,Passeriformes,Hirundinidae,Southern Rough-Winged Swallow,nan
Redwood National Park,Bird,Passeriformes,Hirundinidae,Northern Rough-Winged Swallow,Common
Redwood National Park,Bird,Passeriformes,Hirundinidae,Tree Swallow,Abundant
Redwood National Park,Bird,Passeriformes,Hirundinidae,Violet-Green Swallow,Abundant
Redwood National Park,Bird,Passeriformes,Icteridae,Red-Winged Blackbird,Abundant
Redwood National Park,Bird,Passeriformes,Icteridae,Tricolored Blackbird,nan
Redwood National Park,Bird,Passeriformes,Icteridae,Bobolink,Occasional
Redwood National Park,Bird,Passeriformes,Icteridae,Rusty Blackbird,Occasional
Redwood National Park,Bird,Passeriformes,Icteridae,Brewer's Blackbird,Abundant
Redwood National Park,Bird,Passeriformes,Icteridae,Bullock's Oriole,Uncommon
Redwood National Park,Bird,Passeriformes,Icteridae,Hooded Oriole,nan
Redwood National Park,Bird,Passeriformes,Icteridae,Northern Oriole,nan
Redwood National Park,Bird,Passeriformes,Icteridae,Orchard Oriole,Occasional
Redwood National Park,Bird,Passeriformes,Icteridae,Brown-Headed Cowbird,Common
Redwood National Park,Bird,Passeriformes,Icteridae,Common Grackle,nan
Redwood National Park,Bird,Passeriformes,Icteridae,Western Meadowlark,Common
Redwood National Park,Bird,Passeriformes,Icteridae,Yellow-Headed Blackbird,Rare
Redwood National Park,Bird,Passeriformes,Laniidae,Northern Shrike,Occasional
Redwood National Park,Bird,Passeriformes,Laniidae,Loggerhead Shrike,nan
Redwood National Park,Bird,Passeriformes,Mimidae,Gray Catbird,Occasional
Redwood National Park,Bird,Passeriformes,Mimidae,Northern Mockingbird,Rare
Redwood National Park,Bird,Passeriformes,Mimidae,Sage Thrasher,nan
Redwood National Park,Bird,Passeriformes,Mimidae,Brown Thrasher,nan
Redwood National Park,Bird,Passeriformes,Motacillidae,Red-Throated Pipit,nan
Redwood National Park,Bird,Passeriformes,Motacillidae,American Pipit,Uncommon
Redwood National Park,Bird,Passeriformes,Motacillidae,"American Pipit, Buff-Bellied Pipit",nan
Redwood National Park,Bird,Passeriformes,Motacillidae,Water Pipit,nan
Redwood National Park,Bird,Passeriformes,Motacillidae,"Western Yellow Wagtail, Yellow Wagtail",nan
Redwood National Park,Bird,Passeriformes,Paridae,Black-Capped Chickadee,Common
Redwood National Park,Bird,Passeriformes,Paridae,Mountain Chickadee,nan
Redwood National Park,Bird,Passeriformes,Paridae,Plain Titmouse,nan
Redwood National Park,Bird,Passeriformes,Paridae,Chestnut-Backed Chickadee,Abundant
Redwood National Park,Bird,Passeriformes,Paridae,Black-Capped Chickadee,nan
Redwood National Park,Bird,Passeriformes,Paridae,Mountain Chickadee,nan
Redwood National Park,Bird,Passeriformes,Paridae,Chestnut-Backed Chickadee,nan
Redwood National Park,Bird,Passeriformes,Parulidae,Black-Throated Blue Warbler,nan
Redwood National Park,Bird,Passeriformes,Parulidae,Bay-Breasted Warbler,nan
Redwood National Park,Bird,Passeriformes,Parulidae,Yellow-Rumped Warbler,Abundant
Redwood National Park,Bird,Passeriformes,Parulidae,None,nan
Redwood National Park,Bird,Passeriformes,Parulidae,None,nan
Redwood National Park,Bird,Passeriformes,Parulidae,Prairie Warbler,nan
Redwood National Park,Bird,Passeriformes,Parulidae,Yellow-Throated Warbler,nan
Redwood National Park,Bird,Passeriformes,Parulidae,Blackburnian Warbler,nan
Redwood National Park,Bird,Passeriformes,Parulidae,Magnolia Warbler,nan
Redwood National Park,Bird,Passeriformes,Parulidae,Black-Throated Gray Warbler,Common
Redwood National Park,Bird,Passeriformes,Parulidae,Hermit Warbler,Common
Redwood National Park,Bird,Passeriformes,Parulidae,Palm Warbler,Rare
Redwood National Park,Bird,Passeriformes,Parulidae,Chestnut-Sided Warbler,nan
Redwood National Park,Bird,Passeriformes,Parulidae,Yellow Warbler,Common
Redwood National Park,Bird,Passeriformes,Parulidae,Blackpoll Warbler,nan
Redwood National Park,Bird,Passeriformes,Parulidae,Cape May Warbler,nan
Redwood National Park,Bird,Passeriformes,Parulidae,Townsend's Warbler,Common
Redwood National Park,Bird,Passeriformes,Parulidae,Black-Throated Green Warbler,Occasional
Redwood National Park,Bird,Passeriformes,Parulidae,Common Yellowthroat,Common
Redwood National Park,Bird,Passeriformes,Parulidae,Yellow-Breasted Chat,Rare
Redwood National Park,Bird,Passeriformes,Parulidae,Black-And-White Warbler,nan
Redwood National Park,Bird,Passeriformes,Parulidae,Kentucky Warbler,nan
Redwood National Park,Bird,Passeriformes,Parulidae,Macgillivray's Warbler,Uncommon
Redwood National Park,Bird,Passeriformes,Parulidae,Northern Parula Warbler,Occasional
Redwood National Park,Bird,Passeriformes,Parulidae,Prothonotary Warbler,Occasional
Redwood National Park,Bird,Passeriformes,Parulidae,Ovenbird,Occasional
Redwood National Park,Bird,Passeriformes,Parulidae,Northern Waterthrush,nan
Redwood National Park,Bird,Passeriformes,Parulidae,American Redstart,Rare
Redwood National Park,Bird,Passeriformes,Parulidae,Orange-Crowned Warbler,Common
Redwood National Park,Bird,Passeriformes,Parulidae,None,nan
Redwood National Park,Bird,Passeriformes,Parulidae,None,nan
Redwood National Park,Bird,Passeriformes,Parulidae,None,nan
Redwood National Park,Bird,Passeriformes,Parulidae,Tennessee Warbler,nan
Redwood National Park,Bird,Passeriformes,Parulidae,Blue-Winged Warbler,nan
Redwood National Park,Bird,Passeriformes,Parulidae,Nashville Warbler,Uncommon
Redwood National Park,Bird,Passeriformes,Parulidae,Virginia's Warbler,nan
Redwood National Park,Bird,Passeriformes,Parulidae,Canada Warbler,nan
Redwood National Park,Bird,Passeriformes,Parulidae,Hooded Warbler,nan
Redwood National Park,Bird,Passeriformes,Parulidae,Wilson's Warbler,Common
Redwood National Park,Bird,Passeriformes,Passeridae,House Sparrow,Abundant
Redwood National Park,Bird,Passeriformes,Polioptilidae,"Blue-Gray Gnatcatcher, Blue-Grey Gnatcatcher",nan
Redwood National Park,Bird,Passeriformes,Ptilogonatidae,Phainopepla,nan
Redwood National Park,Bird,Passeriformes,Regulidae,Ruby-Crowned Kinglet,Abundant
Redwood National Park,Bird,Passeriformes,Regulidae,Golden-Crowned Kinglet,Abundant
Redwood National Park,Bird,Passeriformes,Sittidae,Red-Breasted Nuthatch,Uncommon
Redwood National Park,Bird,Passeriformes,Sittidae,White-Breasted Nuthatch,Occasional
Redwood National Park,Bird,Passeriformes,Sittidae,Brown-Headed Nuthatch,nan
Redwood National Park,Bird,Passeriformes,Sturnidae,European Starling,Abundant
Redwood National Park,Bird,Passeriformes,Sylviidae,Wrentit,Abundant
Redwood National Park,Bird,Passeriformes,Troglodytidae,Canyon Wren,Occasional
Redwood National Park,Bird,Passeriformes,Troglodytidae,Marsh Wren,Abundant
Redwood National Park,Bird,Passeriformes,Troglodytidae,Rock Wren,nan
Redwood National Park,Bird,Passeriformes,Troglodytidae,None,nan
Redwood National Park,Bird,Passeriformes,Troglodytidae,Bewick's Wren,Uncommon
Redwood National Park,Bird,Passeriformes,Troglodytidae,House Wren,Uncommon
Redwood National Park,Bird,Passeriformes,Troglodytidae,Winter Wren,Common
Redwood National Park,Bird,Passeriformes,Turdidae,Hermit Thrush,Common
Redwood National Park,Bird,Passeriformes,Turdidae,"Gray-Cheeked Thrush, Grey-Cheeked Thrush",nan
Redwood National Park,Bird,Passeriformes,Turdidae,Swainson's Thrush,Common
Redwood National Park,Bird,Passeriformes,Turdidae,Hermit Thrush,nan
Redwood National Park,Bird,Passeriformes,Turdidae,Swainson's Thrush,nan
Redwood National Park,Bird,Passeriformes,Turdidae,Varied Thrush,Common
Redwood National Park,Bird,Passeriformes,Turdidae,Townsend's Solitaire,Uncommon
Redwood National Park,Bird,Passeriformes,Turdidae,Mountain Bluebird,Occasional
Redwood National Park,Bird,Passeriformes,Turdidae,Western Bluebird,Uncommon
Redwood National Park,Bird,Passeriformes,Turdidae,American Robin,Abundant
Redwood National Park,Bird,Passeriformes,Tyrannidae,Olive-Sided Flycatcher,nan
Redwood National Park,Bird,Passeriformes,Tyrannidae,Olive-Sided Flycatcher,Uncommon
Redwood National Park,Bird,Passeriformes,Tyrannidae,Western Wood-Pewee,Common
Redwood National Park,Bird,Passeriformes,Tyrannidae,Pacific-Slope Flycatcher,Common
Redwood National Park,Bird,Passeriformes,Tyrannidae,Hammond's Flycatcher,Occasional
Redwood National Park,Bird,Passeriformes,Tyrannidae,Least Flycatcher,nan
Redwood National Park,Bird,Passeriformes,Tyrannidae,Dusky Flycatcher,Occasional
Redwood National Park,Bird,Passeriformes,Tyrannidae,Willow Flycatcher,Occasional
Redwood National Park,Bird,Passeriformes,Tyrannidae,None,nan
Redwood National Park,Bird,Passeriformes,Tyrannidae,"Gray Flycatcher, Grey Flycatcher",nan
Redwood National Park,Bird,Passeriformes,Tyrannidae,Ash-Throated Flycatcher,Occasional
Redwood National Park,Bird,Passeriformes,Tyrannidae,None,nan
Redwood National Park,Bird,Passeriformes,Tyrannidae,Vermilion Flycatcher,nan
Redwood National Park,Bird,Passeriformes,Tyrannidae,Black Phoebe,Uncommon
Redwood National Park,Bird,Passeriformes,Tyrannidae,Say's Phoebe,Rare
Redwood National Park,Bird,Passeriformes,Tyrannidae,Scissor-Tailed Flycatcher,nan
Redwood National Park,Bird,Passeriformes,Tyrannidae,Tropical Kingbird,Occasional
Redwood National Park,Bird,Passeriformes,Tyrannidae,Eastern Kingbird,Occasional
Redwood National Park,Bird,Passeriformes,Tyrannidae,Western Kingbird,Rare
Redwood National Park,Bird,Passeriformes,Vireonidae,Cassin's Vireo,Common
Redwood National Park,Bird,Passeriformes,Vireonidae,Yellow-Throated Vireo,nan
Redwood National Park,Bird,Passeriformes,Vireonidae,Warbling Vireo,Common
Redwood National Park,Bird,Passeriformes,Vireonidae,Hutton's Vireo,Uncommon
Redwood National Park,Bird,Passeriformes,Vireonidae,Red-Eyed Vireo,nan
Redwood National Park,Bird,Passeriformes,Vireonidae,Philadelphia Vireo,nan
Redwood National Park,Bird,Passeriformes,Vireonidae,"Blue-Headed Vireo, Solitary Vireo",nan
Redwood National Park,Bird,Pelecaniformes,Ardeidae,Great Egret,Common
Redwood National Park,Bird,Pelecaniformes,Ardeidae,Great Blue Heron,Common
Redwood National Park,Bird,Pelecaniformes,Ardeidae,American Bittern,Rare
Redwood National Park,Bird,Pelecaniformes,Ardeidae,Cattle Egret,Rare
Redwood National Park,Bird,Pelecaniformes,Ardeidae,Green-Backed Heron,nan
Redwood National Park,Bird,Pelecaniformes,Ardeidae,Green Heron,Uncommon
Redwood National Park,Bird,Pelecaniformes,Ardeidae,Great Egret,Uncommon
Redwood National Park,Bird,Pelecaniformes,Ardeidae,Little Blue Heron,nan
Redwood National Park,Bird,Pelecaniformes,Ardeidae,Snowy Egret,Rare
Redwood National Park,Bird,Pelecaniformes,Ardeidae,Black-Crowned Night-Heron,Common
Redwood National Park,Bird,Pelecaniformes,Pelecanidae,American White Pelican,Occasional
Redwood National Park,Bird,Pelecaniformes,Pelecanidae,Brown Pelican,Common
Redwood National Park,Bird,Pelecaniformes,Pelecanidae,None,nan
Redwood National Park,Bird,Pelecaniformes,Threskiornithidae,White-Faced Ibis,nan
Redwood National Park,Bird,Piciformes,Picidae,Northern Flicker,Abundant
Redwood National Park,Bird,Piciformes,Picidae,None,nan
Redwood National Park,Bird,Piciformes,Picidae,None,nan
Redwood National Park,Bird,Piciformes,Picidae,Pileated Woodpecker,Uncommon
Redwood National Park,Bird,Piciformes,Picidae,Red-Headed Woodpecker,nan
Redwood National Park,Bird,Piciformes,Picidae,Acorn Woodpecker,Common
Redwood National Park,Bird,Piciformes,Picidae,Lewis' Woodpecker,Occasional
Redwood National Park,Bird,Piciformes,Picidae,White-Headed Woodpecker,nan
Redwood National Park,Bird,Piciformes,Picidae,Downy Woodpecker,Uncommon
Redwood National Park,Bird,Piciformes,Picidae,Hairy Woodpecker,Uncommon
Redwood National Park,Bird,Piciformes,Picidae,Red-Naped Sapsucker,nan
Redwood National Park,Bird,Piciformes,Picidae,Red-Breasted Sapsucker,Uncommon
Redwood National Park,Bird,Piciformes,Picidae,Yellow-Bellied Sapsucker,Occasional
Redwood National Park,Bird,Podicipediformes,Podicipedidae,Clark's Grebe,Rare
Redwood National Park,Bird,Podicipediformes,Podicipedidae,Western Grebe,Common
Redwood National Park,Bird,Podicipediformes,Podicipedidae,Horned Grebe,Common
Redwood National Park,Bird,Podicipediformes,Podicipedidae,Red-Necked Grebe,Rare
Redwood National Park,Bird,Podicipediformes,Podicipedidae,Eared Grebe,Uncommon
Redwood National Park,Bird,Podicipediformes,Podicipedidae,Pied-Billed Grebe,Uncommon
Redwood National Park,Bird,Procellariiformes,Diomedeidae,Laysan Albatross,nan
Redwood National Park,Bird,Procellariiformes,Diomedeidae,Black-Footed Albatross,Common
Redwood National Park,Bird,Procellariiformes,Diomedeidae,Short-Tailed Albatross,nan
Redwood National Park,Bird,Procellariiformes,Diomedeidae,Laysan Albatross,nan
Redwood National Park,Bird,Procellariiformes,Diomedeidae,Black-Footed Albatross,nan
Redwood National Park,Bird,Procellariiformes,Hydrobatidae,Fork-Tailed Storm-Petrel,Rare
Redwood National Park,Bird,Procellariiformes,Hydrobatidae,"Ashy Storm Petrel, Ashy Storm-Petrel",nan
Redwood National Park,Bird,Procellariiformes,Hydrobatidae,Leach's Storm-Petrel,Uncommon
Redwood National Park,Bird,Procellariiformes,Procellariidae,Northern Fulmar,Occasional
Redwood National Park,Bird,Procellariiformes,Procellariidae,Mottled Petrel,nan
Redwood National Park,Bird,Procellariiformes,Procellariidae,Murphy's Petrel,nan
Redwood National Park,Bird,Procellariiformes,Procellariidae,Buller's Shearwater,nan
Redwood National Park,Bird,Procellariiformes,Procellariidae,Flesh-Footed Shearwater,nan
Redwood National Park,Bird,Procellariiformes,Procellariidae,Pink-Footed Shearwater,nan
Redwood National Park,Bird,Procellariiformes,Procellariidae,Sooty Shearwater,Common
Redwood National Park,Bird,Procellariiformes,Procellariidae,Black-Vented Shearwater,nan
Redwood National Park,Bird,Procellariiformes,Procellariidae,Short-Tailed Shearwater,Rare
Redwood National Park,Bird,Strigiformes,Strigidae,Northern Saw-Whet Owl,Uncommon
Redwood National Park,Bird,Strigiformes,Strigidae,Short-Eared Owl,Occasional
Redwood National Park,Bird,Strigiformes,Strigidae,Long-Eared Owl,nan
Redwood National Park,Bird,Strigiformes,Strigidae,Burrowing Owl,Occasional
Redwood National Park,Bird,Strigiformes,Strigidae,Snowy Owl,nan
Redwood National Park,Bird,Strigiformes,Strigidae,Great Horned Owl,nan
Redwood National Park,Bird,Strigiformes,Strigidae,Great Horned Owl,Uncommon
Redwood National Park,Bird,Strigiformes,Strigidae,Northern Pygmy Owl,Uncommon
Redwood National Park,Bird,Strigiformes,Strigidae,"Tecolote Occidental, Western Screech Owl, Western Screech-Owl",nan
Redwood National Park,Bird,Strigiformes,Strigidae,Snowy Owl,Occasional
Redwood National Park,Bird,Strigiformes,Strigidae,Flammulated Owl,nan
Redwood National Park,Bird,Strigiformes,Strigidae,Western Screech Owl,Common
Redwood National Park,Bird,Strigiformes,Strigidae,Great Gray Owl,Occasional
Redwood National Park,Bird,Strigiformes,Strigidae,Spotted Owl,Uncommon
Redwood National Park,Bird,Strigiformes,Strigidae,Barred Owl,Uncommon
Redwood National Park,Bird,Strigiformes,Tytonidae,Barn Owl,Uncommon
Redwood National Park,Bird,Suliformes,Fregatidae,Magnificent Frigatebird,Occasional
Redwood National Park,Bird,Suliformes,Phalacrocoracidae,Cormorants,nan
Redwood National Park,Bird,Suliformes,Phalacrocoracidae,Double-Crested Cormorant,Abundant
Redwood National Park,Bird,Suliformes,Phalacrocoracidae,Pelagic Cormorant,Common
Redwood National Park,Bird,Suliformes,Phalacrocoracidae,Brandt's Cormorant,Common
Redwood National Park,Bird,Suliformes,Sulidae,Blue-Footed Booby,nan
Redwood National Park,Reptile,Squamata,Anguidae,Western Alligator Lizards,nan
Redwood National Park,Reptile,Squamata,Anguidae,Northern Alligator Lizard,Common
Redwood National Park,Reptile,Squamata,Anguidae,Southern Alligator Lizard,Common
Redwood National Park,Reptile,Squamata,Anguidae,Alligator Lizards,nan
Redwood National Park,Reptile,Squamata,Charinidae,Pacific Rubber Boa,Occasional
Redwood National Park,Reptile,Squamata,Colubridae,Western Yellow-Bellied Racer,Abundant
Redwood National Park,Reptile,Squamata,Colubridae,None,nan
Redwood National Park,Reptile,Squamata,Colubridae,Sharp-Tailed Snake,Uncommon
Redwood National Park,Reptile,Squamata,Colubridae,Ring-Neck Snake,Common
Redwood National Park,Reptile,Squamata,Colubridae,"Kingsnakes, Milk Snakes",nan
Redwood National Park,Reptile,Squamata,Colubridae,Common Kingsnake,Occasional
Redwood National Park,Reptile,Squamata,Colubridae,California Kingsnake,Occasional
Redwood National Park,Reptile,Squamata,Colubridae,California Mountain Kingsnake,nan
Redwood National Park,Reptile,Squamata,Colubridae,"Bullsnake, Gopher Snake",Abundant
Redwood National Park,Reptile,Squamata,Colubridae,"Garter Snakes, Ribbon Snakes",nan
Redwood National Park,Reptile,Squamata,Colubridae,Pacific Coast Garter Snake,Common
Redwood National Park,Reptile,Squamata,Colubridae,Oregon Garter Snake,Common
Redwood National Park,Reptile,Squamata,Colubridae,None,nan
Redwood National Park,Reptile,Squamata,Colubridae,Western Terrestrial Garter Snake,Common
Redwood National Park,Reptile,Squamata,Colubridae,Coast Garter Snake,Common
Redwood National Park,Reptile,Squamata,Colubridae,Northwestern Garter Snake,Common
Redwood National Park,Reptile,Squamata,Colubridae,Common Garter Snake,Abundant
Redwood National Park,Reptile,Squamata,Colubridae,Valley Garter Snake,Abundant
Redwood National Park,Reptile,Squamata,Colubridae,"California Red-Sided Garter Snake, California Red-Sided Gartersnake",Abundant
Redwood National Park,Reptile,Squamata,Iguanidae,Spiny Lizards,nan
Redwood National Park,Reptile,Squamata,Iguanidae,Sagebrush Lizard,nan
Redwood National Park,Reptile,Squamata,Iguanidae,Western Sagebrush Lizard,nan
Redwood National Park,Reptile,Squamata,Iguanidae,"Northwestern Fence Lizard, Western Fence Lizard",Common
Redwood National Park,Reptile,Squamata,Scincidae,Western Skink,Common
Redwood National Park,Reptile,Squamata,Scincidae,"Skilton's Skink, Western Skink",Common
Redwood National Park,Reptile,Squamata,Teiidae,Western Whiptail,nan
Redwood National Park,Reptile,Squamata,Viperidae,None,nan
Redwood National Park,Reptile,Squamata,Viperidae,"Northern Pacific Rattlesnake, Western Rattlesnake",Uncommon
Redwood National Park,Reptile,Squamata,Viperidae,Northern Pacific Rattlesnake,Common
Redwood National Park,Reptile,Testudines,Cheloniidae,"Loggerhead, Loggerhead Sea Turtle",nan
Redwood National Park,Reptile,Testudines,Cheloniidae,"Common Green Sea Turtle, Green Sea Turtle",nan
Redwood National Park,Reptile,Testudines,Cheloniidae,"Olive Ridley, Olive Ridley Sea Turtle, Pacific Ridley, Pacific Ridley Sea Turtle",Unknown
Redwood National Park,Reptile,Testudines,Dermochelyidae,"Leatherback, Leatherback Sea Turtle, Leatherback Turtle, Tinglar",nan
Redwood National Park,Reptile,Testudines,Emydidae,Western Pond Turtle,Unknown
Redwood National Park,Amphibian,Anura,Bufonidae,Western Toad,Common
Redwood National Park,Amphibian,Anura,Hylidae,Pacific Treefrog,Abundant
Redwood National Park,Amphibian,Anura,Leiopelmatidae,Tailed Frog,Abundant
Redwood National Park,Amphibian,Anura,Ranidae,"Brown Frogs, True Frogs",nan
Redwood National Park,Amphibian,Anura,Ranidae,"Northern Red-Legged Frog, Red-Legged Frog",Common
Redwood National Park,Amphibian,Anura,Ranidae,Northern Red-Legged Frog,Common
Redwood National Park,Amphibian,Anura,Ranidae,Foothill Yellow-Legged Frog,Common
Redwood National Park,Amphibian,Anura,Ranidae,None,nan
Redwood National Park,Amphibian,Anura,Ranidae,Bullfrog,Common
Redwood National Park,Amphibian,Anura,Ranidae,"Mountain Yellow-Legged Frog, Southern Mountain Yellow-Legged Frog",nan
Redwood National Park,Amphibian,Caudata,Ambystomatidae,Mole Salamanders,nan
Redwood National Park,Amphibian,Caudata,Ambystomatidae,Northwestern Salamander,Common
Redwood National Park,Amphibian,Caudata,Ambystomatidae,Pacific Giant Salamander,Abundant
Redwood National Park,Amphibian,Caudata,Ambystomatidae,None,nan
Redwood National Park,Amphibian,Caudata,Plethodontidae,Climbing Salamanders,nan
Redwood National Park,Amphibian,Caudata,Plethodontidae,Black Salamanders,Uncommon
Redwood National Park,Amphibian,Caudata,Plethodontidae,Arboreal Salamander,nan
Redwood National Park,Amphibian,Caudata,Plethodontidae,Wandering Salamanders,Uncommon
Redwood National Park,Amphibian,Caudata,Plethodontidae,None,nan
Redwood National Park,Amphibian,Caudata,Plethodontidae,California Slender Salamanders,Common
Redwood National Park,Amphibian,Caudata,Plethodontidae,None,nan
Redwood National Park,Amphibian,Caudata,Plethodontidae,None,nan
Redwood National Park,Amphibian,Caudata,Plethodontidae,None,nan
Redwood National Park,Amphibian,Caudata,Plethodontidae,Ensatina,Abundant
Redwood National Park,Amphibian,Caudata,Plethodontidae,Painted Ensatina,Uncommon
Redwood National Park,Amphibian,Caudata,Plethodontidae,Dunn's Salamander,Uncommon
Redwood National Park,Amphibian,Caudata,Plethodontidae,Del Norte Salamanders,Uncommon
Redwood National Park,Amphibian,Caudata,Plethodontidae,None,Uncommon
Redwood National Park,Amphibian,Caudata,Rhyacotritonidae,Southern Torrent Salamander,Common
Redwood National Park,Amphibian,Caudata,Salamandridae,Pacific Newts,nan
Redwood National Park,Amphibian,Caudata,Salamandridae,Rough-Skinned Newt,Common
Redwood National Park,Amphibian,Caudata,Salamandridae,Red-Bellied Newt,nan
Redwood National Park,Amphibian,Caudata,Salamandridae,California Newt,nan
Redwood National Park,Fish,Acipenseriformes,Acipenseridae,"Greater Sturgeons, Sturgeons",nan
Redwood National Park,Fish,Acipenseriformes,Acipenseridae,Green Sturgeon,Unknown
Redwood National Park,Fish,Acipenseriformes,Acipenseridae,White Sturgeon,Unknown
Redwood National Park,Fish,Anguilliformes,Ophichthidae,Yellow Snake Eel,nan
Redwood National Park,Fish,Atheriniformes,Atherinidae,"Old World Silversides, Silversides",nan
Redwood National Park,Fish,Atheriniformes,Atherinopsidae,Topsmelt,nan
Redwood National Park,Fish,Atheriniformes,Atherinopsidae,Jacksmelt,Unknown
Redwood National Park,Fish,Aulopiformes,Alepisauridae,Longnose Lancetfish,Unknown
Redwood National Park,Fish,Batrachoidiformes,Batrachoididae,Plainfin Midshipman,nan
Redwood National Park,Fish,Carcharhiniformes,Carcharhinidae,Silky Shark,nan
Redwood National Park,Fish,Carcharhiniformes,Carcharhinidae,Bull Shark,nan
Redwood National Park,Fish,Carcharhiniformes,Carcharhinidae,Blacktip Shark,nan
Redwood National Park,Fish,Carcharhiniformes,Carcharhinidae,Dusky Shark,nan
Redwood National Park,Fish,Carcharhiniformes,Carcharhinidae,Tiger Shark,nan
Redwood National Park,Fish,Carcharhiniformes,Carcharhinidae,Blue Shark,nan
Redwood National Park,Fish,Carcharhiniformes,Carcharhinidae,Pacific Sharpnose Shark,nan
Redwood National Park,Fish,Carcharhiniformes,Scyliorhinidae,Brown Cat Shark,nan
Redwood National Park,Fish,Carcharhiniformes,Sphyrnidae,"Bonnethead Sharks, Hammerhead Sharks",nan
Redwood National Park,Fish,Carcharhiniformes,Triakidae,Soupfin Shark,nan
Redwood National Park,Fish,Carcharhiniformes,Triakidae,Gray Smoothhound,nan
Redwood National Park,Fish,Carcharhiniformes,Triakidae,Brown Smoothhound,nan
Redwood National Park,Fish,Carcharhiniformes,Triakidae,Leopard Shark,nan
Redwood National Park,Fish,Chimaeriformes,Chimaeridae,Spotted Ratfish,nan
Redwood National Park,Fish,Clupeiformes,Clupeidae,American Shad,Unknown
Redwood National Park,Fish,Clupeiformes,Clupeidae,Pacific Herring,Common
Redwood National Park,Fish,Clupeiformes,Clupeidae,Threadfin Shad,nan
Redwood National Park,Fish,Clupeiformes,Engraulidae,None,nan
Redwood National Park,Fish,Clupeiformes,Engraulidae,Northern Anchovy,Common
Redwood National Park,Fish,Cypriniformes,Catostomidae,Common Suckers,nan
Redwood National Park,Fish,Cypriniformes,Catostomidae,"Humboldt Sucker, Sacramento Sucker",Common
Redwood National Park,Fish,Cypriniformes,Catostomidae,Klamath Smallscale Sucker,Unknown
Redwood National Park,Fish,Cypriniformes,Catostomidae,"Shortnose Sucker, Short-Nose Sucker",nan
Redwood National Park,Fish,Cypriniformes,Catostomidae,Lost River Sucker,nan
Redwood National Park,Fish,Cypriniformes,Cyprinidae,Goldfish,Unknown
Redwood National Park,Fish,Cypriniformes,Cyprinidae,"Carps, Carps And Minnows, Minnows",nan
Redwood National Park,Fish,Cypriniformes,Cyprinidae,Tui Chub,nan
Redwood National Park,Fish,Cypriniformes,Cyprinidae,California Roach,nan
Redwood National Park,Fish,Cypriniformes,Cyprinidae,Peamouth,Rare
Redwood National Park,Fish,Cypriniformes,Cyprinidae,Golden Shiner,Unknown
Redwood National Park,Fish,Cypriniformes,Cyprinidae,Fathead Minnow,Unknown
Redwood National Park,Fish,Cypriniformes,Cyprinidae,Speckled Dace,Unknown
Redwood National Park,Fish,Cyprinodontiformes,Poeciliidae,"Gambusias, Topminnmows",nan
Redwood National Park,Fish,Gadiformes,Gadidae,Pacific Tomcod,nan
Redwood National Park,Fish,Gadiformes,Macrouridae,"Giant Grenadier, Giant Rattail",nan
Redwood National Park,Fish,Gadiformes,Macrouridae,"Pacific Grenadier, Pacific Rattail",nan
Redwood National Park,Fish,Gadiformes,Merlucciidae,"North Pacific Hake, Pacific Hake, Pacific Whiting, Whiting",nan
Redwood National Park,Fish,Gadiformes,Moridae,"Finescale Antimora, Finescale Codling, Pacific Flatnose",nan
Redwood National Park,Fish,Gasterosteiformes,Aulorhynchidae,"Tubesnout, Tube-Snout",nan
Redwood National Park,Fish,Gasterosteiformes,Gasterosteidae,Threespine Stickleback,Abundant
Redwood National Park,Fish,Gasterosteiformes,Gasterosteidae,Threespine Stickleback,Abundant
Redwood National Park,Fish,Gasterosteiformes,Syngnathidae,Seaweed Pipefishes,nan
Redwood National Park,Fish,Gasterosteiformes,Syngnathidae,"Bay Pipefish, Slendernosed Pipefish",Unknown
Redwood National Park,Fish,Heterodontiformes,Heterodontidae,Horn Shark,nan
Redwood National Park,Fish,Hexanchiformes,Hexanchidae,Sharpnose Sevengill Shark,nan
Redwood National Park,Fish,Hexanchiformes,Hexanchidae,"Bluntnose Sixgill Shark, Sixgill Shark",nan
Redwood National Park,Fish,Hexanchiformes,Notorynchidae,"Bluntnose Sevengill Shark, Broadnose Sevengill Shark, Sevengill Shark",nan
Redwood National Park,Fish,Lamniformes,Alopiidae,Bigeye Thresher,nan
Redwood National Park,Fish,Lamniformes,Alopiidae,Thresher Shark,nan
Redwood National Park,Fish,Lamniformes,Cetorhinidae,Basking Shark,Unknown
Redwood National Park,Fish,Lamniformes,Lamnidae,Shortfin Mako Shark,Unknown
Redwood National Park,Fish,Lamniformes,Lamnidae,Salmon Shark,Unknown
Redwood National Park,Fish,Lampridiformes,Trachipteridae,"King-Of-The-Salmon, Pacific King-Of-Salmon",nan
Redwood National Park,Fish,Myctophiformes,Myctophidae,Northern Lampfish,nan
Redwood National Park,Fish,Myctophiformes,Myctophidae,Blue Lanternfish,nan
Redwood National Park,Fish,Myliobatiformes,Myliobatidae,Bat Ray,nan
Redwood National Park,Fish,Myliobatiformes,Urolophidae,Round Stingray,nan
Redwood National Park,Fish,Ophidiiformes,Ophidiidae,Spotted Cusk-Eel,nan
Redwood National Park,Fish,Osmeriformes,Osmeridae,Whitebait Smelt,nan
Redwood National Park,Fish,Osmeriformes,Osmeridae,Japanese Smelt,Unknown
Redwood National Park,Fish,Osmeriformes,Osmeridae,Pond Smelt,nan
Redwood National Park,Fish,Osmeriformes,Osmeridae,Surf Smelt,Abundant
Redwood National Park,Fish,Osmeriformes,Osmeridae,Delta Smelt,nan
Redwood National Park,Fish,Osmeriformes,Osmeridae,Smelts,nan
Redwood National Park,Fish,Osmeriformes,Osmeridae,Rainbow Smelts,nan
Redwood National Park,Fish,Osmeriformes,Osmeridae,Night Smelt,Abundant
Redwood National Park,Fish,Osmeriformes,Osmeridae,Longfin Smelt,Unknown
Redwood National Park,Fish,Osmeriformes,Osmeridae,Eulachon,nan
Redwood National Park,Fish,Perciformes,Ammodytidae,Pacific Sand Lance,nan
Redwood National Park,Fish,Perciformes,Anarhichadidae,"Northern Wolffish, Wolf-Eel",nan
Redwood National Park,Fish,Perciformes,Carangidae,Jack Mackerel,nan
Redwood National Park,Fish,Perciformes,Centrarchidae,"Common Sunfishes, Eared Sunfishes",nan
Redwood National Park,Fish,Perciformes,Centrarchidae,Green Sunfish,Unknown
Redwood National Park,Fish,Perciformes,Centrarchidae,Bluegill,Unknown
Redwood National Park,Fish,Perciformes,Centrarchidae,"Black Basses, Largemouth Basses",nan
Redwood National Park,Fish,Perciformes,Centrarchidae,Largemouth Bass,Common
Redwood National Park,Fish,Perciformes,Centrarchidae,Crappies,nan
Redwood National Park,Fish,Perciformes,Centrarchidae,White Crappie,Unknown
Redwood National Park,Fish,Perciformes,Centrarchidae,Black Crappie,Unknown
Redwood National Park,Fish,Perciformes,Centrolophidae,"Brown Rudderfish, Medusafish",nan
Redwood National Park,Fish,Perciformes,Clinidae,"Clinids, Kelp Blennies, Kelpfishes, Klipfishes, Scaled Blennies",nan
Redwood National Park,Fish,Perciformes,Cryptacanthodidae,Giant Wrymouth,nan
Redwood National Park,Fish,Perciformes,Embiotocidae,Calico Surfperch,nan
Redwood National Park,Fish,Perciformes,Embiotocidae,Redtail Surfperch,Common
Redwood National Park,Fish,Perciformes,Embiotocidae,Shiner Surfperch,Common
Redwood National Park,Fish,Perciformes,Embiotocidae,Striped Surfperch,nan
Redwood National Park,Fish,Perciformes,Embiotocidae,Walleyed Surffishes,nan
Redwood National Park,Fish,Perciformes,Embiotocidae,Spotfin Surfperch,nan
Redwood National Park,Fish,Perciformes,Embiotocidae,Walleye Surfperch,Common
Redwood National Park,Fish,Perciformes,Embiotocidae,Silver Surfperch,nan
Redwood National Park,Fish,Perciformes,Embiotocidae,Reef Surfperch,nan
Redwood National Park,Fish,Perciformes,Embiotocidae,"White Seaperch, White Surfperch",nan
Redwood National Park,Fish,Perciformes,Embiotocidae,Rubberlip Seaperch,Rare
Redwood National Park,Fish,Perciformes,Embiotocidae,Pile Perch,Unknown
Redwood National Park,Fish,Perciformes,Gobiesocidae,Clingfishes,nan
Redwood National Park,Fish,Perciformes,Gobiesocidae,Northern Clingfish,Common
Redwood National Park,Fish,Perciformes,Gobiidae,Arrow Goby,nan
Redwood National Park,Fish,Perciformes,Gobiidae,Tidewater Goby,nan
Redwood National Park,Fish,Perciformes,Gobiidae,Bay Goby,nan
Redwood National Park,Fish,Perciformes,Gobiidae,Blackeye Goby,nan
Redwood National Park,Fish,Perciformes,Icosteidae,Ragfish,nan
Redwood National Park,Fish,Perciformes,Kyphosidae,Opaleye,nan
Redwood National Park,Fish,Perciformes,Luvaridae,Louvar,nan
Redwood National Park,Fish,Perciformes,Malacanthidae,Ocean Whitefish,nan
Redwood National Park,Fish,Perciformes,Moronidae,"Rockfish, Striped Bass",nan
Redwood National Park,Fish,Perciformes,Percidae,Yellow Perch,Unknown
Redwood National Park,Fish,Perciformes,Pholidae,Penpoint Gunnel,Unknown
Redwood National Park,Fish,Perciformes,Pholidae,Rockweed Gunnel,Unknown
Redwood National Park,Fish,Perciformes,Pholidae,Crescent Gunnel,nan
Redwood National Park,Fish,Perciformes,Pholidae,Saddleback Gunnel,Unknown
Redwood National Park,Fish,Perciformes,Pholidae,Red Gunnel,Unknown
Redwood National Park,Fish,Perciformes,Polyprionidae,Giant Sea Bass,nan
Redwood National Park,Fish,Perciformes,Pomacentridae,Blacksmith,nan
Redwood National Park,Fish,Perciformes,Sciaenidae,White Seabass,nan
Redwood National Park,Fish,Perciformes,Sciaenidae,White Croaker,nan
Redwood National Park,Fish,Perciformes,Serranidae,Kelp Bass,nan
Redwood National Park,Fish,Perciformes,Stichaeidae,High Cockscomb,nan
Redwood National Park,Fish,Perciformes,Stichaeidae,Monkeyface Prickleback,nan
Redwood National Park,Fish,Perciformes,Stichaeidae,Decorated Warbonnet,nan
Redwood National Park,Fish,Perciformes,Stichaeidae,Mosshead Warbonnet,nan
Redwood National Park,Fish,Perciformes,Stichaeidae,Snake Prickleback,nan
Redwood National Park,Fish,Perciformes,Stichaeidae,Ribbon Prickleback,nan
Redwood National Park,Fish,Perciformes,Stichaeidae,Black Prickleback,Unknown
Redwood National Park,Fish,Perciformes,Stichaeidae,Rock Prickleback,Unknown
Redwood National Park,Fish,Perciformes,Stromateidae,Pacific Pompano,nan
Redwood National Park,Fish,Perciformes,Trichodontidae,Pacific Sandfish,nan
Redwood National Park,Fish,Perciformes,Zoarcidae,Black Eelpout,nan
Redwood National Park,Fish,Petromyzontiformes,Petromyzontidae,None,nan
Redwood National Park,Fish,Petromyzontiformes,Petromyzontidae,American Brook Lamprey,nan
Redwood National Park,Fish,Petromyzontiformes,Petromyzontidae,"River Lamprey, Western River Lamprey",Uncommon
Redwood National Park,Fish,Petromyzontiformes,Petromyzontidae,Pit-Klamath Brook Lamprey,nan
Redwood National Park,Fish,Petromyzontiformes,Petromyzontidae,Western Brook Lamprey,Unknown
Redwood National Park,Fish,Petromyzontiformes,Petromyzontidae,Klamath Lamprey,nan
Redwood National Park,Fish,Petromyzontiformes,Petromyzontidae,Pacific Lamprey,Common
Redwood National Park,Fish,Petromyzontiformes,Petromyzontidae,Lampreys,nan
Redwood National Park,Fish,Pleuronectiformes,Cynoglossidae,California Tonguefish,nan
Redwood National Park,Fish,Pleuronectiformes,Paralichthyidae,"Sanddabs, Whiffs",nan
Redwood National Park,Fish,Pleuronectiformes,Paralichthyidae,Pacific Sanddab,nan
Redwood National Park,Fish,Pleuronectiformes,Paralichthyidae,Speckled Sanddab,Unknown
Redwood National Park,Fish,Pleuronectiformes,Paralichthyidae,California Halibut,nan
Redwood National Park,Fish,Pleuronectiformes,Pleuronectidae,Deepsea Sole,nan
Redwood National Park,Fish,Pleuronectiformes,Pleuronectidae,Rex Sole,nan
Redwood National Park,Fish,Pleuronectiformes,Pleuronectidae,Butter Sole,nan
Redwood National Park,Fish,Pleuronectiformes,Pleuronectidae,Rock Sole,nan
Redwood National Park,Fish,Pleuronectiformes,Pleuronectidae,Slender Sole,nan
Redwood National Park,Fish,Pleuronectiformes,Pleuronectidae,Dover Sole,nan
Redwood National Park,Fish,Pleuronectiformes,Pleuronectidae,English Sole,Rare
Redwood National Park,Fish,Pleuronectiformes,Pleuronectidae,Starry Flounders,nan
Redwood National Park,Fish,Pleuronectiformes,Pleuronectidae,Starry Flounder,Common
Redwood National Park,Fish,Pleuronectiformes,Pleuronectidae,C-O Sole,nan
Redwood National Park,Fish,Pleuronectiformes,Pleuronectidae,Curlfin Sole,nan
Redwood National Park,Fish,Pleuronectiformes,Pleuronectidae,Sand Sole,Unknown
Redwood National Park,Fish,Rajiformes,Arhynchobatidae,"Bering Skate, Sandpaper Skate",nan
Redwood National Park,Fish,Rajiformes,Rajidae,Big Skate,Unknown
Redwood National Park,Fish,Rajiformes,Rajidae,Longnose Skate,nan
Redwood National Park,Fish,Salmoniformes,Salmonidae,Pacific Salmon,nan
Redwood National Park,Fish,Salmoniformes,Salmonidae,Coastal Cutthroat Trout,Common
Redwood National Park,Fish,Salmoniformes,Salmonidae,Pink Salmon,Rare
Redwood National Park,Fish,Salmoniformes,Salmonidae,Chum Salmon,Rare
Redwood National Park,Fish,Salmoniformes,Salmonidae,Coho Salmon,Common
Redwood National Park,Fish,Salmoniformes,Salmonidae,"Steelhead Trout (Fall Run), Steelhead Trout (Half Pounder), Steelhead Trout (Summer Run)",Abundant
Redwood National Park,Fish,Salmoniformes,Salmonidae,Sockeye Salmon,Rare
Redwood National Park,Fish,Salmoniformes,Salmonidae,"Chinook Salmon (Fall Run), Chinook Salmon (Spring Run)",Common
Redwood National Park,Fish,Salmoniformes,Salmonidae,Atlantic Salmon,nan
Redwood National Park,Fish,Salmoniformes,Salmonidae,Atlantic Salmon,nan
Redwood National Park,Fish,Salmoniformes,Salmonidae,Brown Trout,Unknown
Redwood National Park,Fish,Salmoniformes,Salmonidae,"Salmonids, Salmons, Trouts, Trouts And Salmons",nan
Redwood National Park,Fish,Salmoniformes,Salmonidae,Eastern Brook Trout,Rare
Redwood National Park,Fish,Scorpaeniformes,Agonidae,Bigeye Poacher,nan
Redwood National Park,Fish,Scorpaeniformes,Agonidae,Rockhead,nan
Redwood National Park,Fish,Scorpaeniformes,Agonidae,Warty Poacher,nan
Redwood National Park,Fish,Scorpaeniformes,Agonidae,Pygmy Poacher,nan
Redwood National Park,Fish,Scorpaeniformes,Agonidae,Tubenose Poacher,nan
Redwood National Park,Fish,Scorpaeniformes,Agonidae,Pricklebreast Poacher,nan
Redwood National Park,Fish,Scorpaeniformes,Cottidae,None,nan
Redwood National Park,Fish,Scorpaeniformes,Cottidae,Coralline Sculpin,Common
Redwood National Park,Fish,Scorpaeniformes,Cottidae,Padded Sculpin,Unknown
Redwood National Park,Fish,Scorpaeniformes,Cottidae,Scalyhead Sculpin,Unknown
Redwood National Park,Fish,Scorpaeniformes,Cottidae,Smoothhead Sculpin,Unknown
Redwood National Park,Fish,Scorpaeniformes,Cottidae,"Bonehead Sculpin, Bonyhead Sculpin",Unknown
Redwood National Park,Fish,Scorpaeniformes,Cottidae,Rosylip Sculpin,Unknown
Redwood National Park,Fish,Scorpaeniformes,Cottidae,Sharpnose Sculpin,Unknown
Redwood National Park,Fish,Scorpaeniformes,Cottidae,Woolly Sculpin,nan
Redwood National Park,Fish,Scorpaeniformes,Cottidae,Calico Sculpin,nan
Redwood National Park,Fish,Scorpaeniformes,Cottidae,Mosshead Sculpin,Common
Redwood National Park,Fish,Scorpaeniformes,Cottidae,"Bullheads, Scaleless Sculpins, Sculpins",nan
Redwood National Park,Fish,Scorpaeniformes,Cottidae,"Freshwater Sculpins, Miller's Thumbs",nan
Redwood National Park,Fish,Scorpaeniformes,Cottidae,Coastrange Sculpin,Common
Redwood National Park,Fish,Scorpaeniformes,Cottidae,Prickly Sculpin,Common
Redwood National Park,Fish,Scorpaeniformes,Cottidae,Riffle Sculpin,Unknown
Redwood National Park,Fish,Scorpaeniformes,Cottidae,Buffalo Sculpin,Common
Redwood National Park,Fish,Scorpaeniformes,Cottidae,Red Irish Lord,Common
Redwood National Park,Fish,Scorpaeniformes,Cottidae,Brown Irish Lord,Common
Redwood National Park,Fish,Scorpaeniformes,Cottidae,Staghorn Sculpin,Common
Redwood National Park,Fish,Scorpaeniformes,Cottidae,Tidepool Johnnies,nan
Redwood National Park,Fish,Scorpaeniformes,Cottidae,Tidepool Sculpin,Unknown
Redwood National Park,Fish,Scorpaeniformes,Cottidae,Saddleback Sculpin,nan
Redwood National Park,Fish,Scorpaeniformes,Cottidae,Fluffy Sculpin,Common
Redwood National Park,Fish,Scorpaeniformes,Cottidae,Cabezon,Common
Redwood National Park,Fish,Scorpaeniformes,Hemitripteridae,Silverspotted Sculpin,nan
Redwood National Park,Fish,Scorpaeniformes,Hemitripteridae,Sailfin Sculpin,nan
Redwood National Park,Fish,Scorpaeniformes,Hexagrammidae,Kelp Greenling,Common
Redwood National Park,Fish,Scorpaeniformes,Hexagrammidae,Rock Greenling,nan
Redwood National Park,Fish,Scorpaeniformes,Hexagrammidae,Lingcod,Unknown
Redwood National Park,Fish,Scorpaeniformes,Hexagrammidae,Painted Greenling,Unknown
Redwood National Park,Fish,Scorpaeniformes,Liparidae,"Sea Snails, Snailfishes",nan
Redwood National Park,Fish,Scorpaeniformes,Liparidae,Spotted Snailfish,nan
Redwood National Park,Fish,Scorpaeniformes,Liparidae,Tidepool Snailfish,Unknown
Redwood National Park,Fish,Scorpaeniformes,Liparidae,Slipskin Snailfish,nan
Redwood National Park,Fish,Scorpaeniformes,Liparidae,Showy Snailfish,nan
Redwood National Park,Fish,Scorpaeniformes,Liparidae,Ringtail Snailfish,nan
Redwood National Park,Fish,Scorpaeniformes,Rhamphocottidae,Grunt Sculpin,Unknown
Redwood National Park,Fish,Scorpaeniformes,Scorpaenidae,"Rockcod, Rockfishes, Rosefishes",nan
Redwood National Park,Fish,Scorpaeniformes,Scorpaenidae,Brown Rockfish,nan
Redwood National Park,Fish,Scorpaeniformes,Scorpaenidae,Copper Rockfish,Common
Redwood National Park,Fish,Scorpaeniformes,Scorpaenidae,Greenstriped Rockfish,nan
Redwood National Park,Fish,Scorpaeniformes,Scorpaenidae,Yellowtail Rockfish,nan
Redwood National Park,Fish,Scorpaeniformes,Scorpaenidae,Chilipepper,nan
Redwood National Park,Fish,Scorpaeniformes,Scorpaenidae,Quillback Rockfish,nan
Redwood National Park,Fish,Scorpaeniformes,Scorpaenidae,Black Rockfish,Abundant
Redwood National Park,Fish,Scorpaeniformes,Scorpaenidae,Vermilion Rockfish,Uncommon
Redwood National Park,Fish,Scorpaeniformes,Scorpaenidae,Blue Rockfish,nan
Redwood National Park,Fish,Scorpaeniformes,Scorpaenidae,China Rockfish,Uncommon
Redwood National Park,Fish,Scorpaeniformes,Scorpaenidae,Bocaccio,nan
Redwood National Park,Fish,Scorpaeniformes,Scorpaenidae,Canary Rockfish,Common
Redwood National Park,Fish,Scorpaeniformes,Scorpaenidae,Grass Rockfish,nan
Redwood National Park,Fish,Scorpaeniformes,Scorpaenidae,"Rasphead Rockfish, Yelloweye Rockfish",Common
Redwood National Park,Fish,Siluriformes,Ictaluridae,Brown Bullhead,Unknown
Redwood National Park,Fish,Siluriformes,Ictaluridae,"Channel Catfishes, Forktail Catfishes",nan
Redwood National Park,Fish,Siluriformes,Ictaluridae,Black Bullhead,Unknown
Redwood National Park,Fish,Siluriformes,Ictaluridae,Yellow Bullhead,Unknown
Redwood National Park,Fish,Siluriformes,Ictaluridae,Brown Bullhead,Unknown
Redwood National Park,Fish,Squaliformes,Squalidae,"Dogfish, Grayfish, Piked Dogfish, Spiny Dogfish, Spurdog",nan
Redwood National Park,Fish,Squatiniformes,Squatinidae,Pacific Angel Shark,nan
Redwood National Park,Fish,Stomiiformes,Gonostomatidae,Benttooth Ristlemouth,nan
Redwood National Park,Fish,Stomiiformes,Stomiidae,None,nan
Redwood National Park,Fish,Tetraodontiformes,Molidae,Ocean Sunfish,Unknown
Redwood National Park,Fish,Zeiformes,Oreosomatidae,Oxeye Oreo,nan
Redwood National Park,Vascular Plant,nan,nan,None,nan
Redwood National Park,Vascular Plant,nan,nan,None,nan
Redwood National Park,Vascular Plant,nan,nan,None,nan
Redwood National Park,Vascular Plant,nan,nan,None,nan
Redwood National Park,Vascular Plant,nan,nan,None,nan
Redwood National Park,Vascular Plant,nan,nan,None,nan
Redwood National Park,Vascular Plant,nan,nan,None,nan
Redwood National Park,Vascular Plant,nan,nan,None,nan
Redwood National Park,Vascular Plant,nan,nan,None,nan
Redwood National Park,Vascular Plant,nan,nan,None,nan
Redwood National Park,Vascular Plant,nan,nan,None,nan
Redwood National Park,Vascular Plant,nan,nan,None,nan
Redwood National Park,Vascular Plant,nan,nan,None,nan
Redwood National Park,Vascular Plant,nan,nan,None,nan
Redwood National Park,Vascular Plant,nan,nan,None,nan
Redwood National Park,Vascular Plant,nan,nan,None,nan
Redwood National Park,Vascular Plant,nan,nan,None,nan
Redwood National Park,Vascular Plant,nan,nan,None,nan
Redwood National Park,Vascular Plant,nan,nan,None,nan
Redwood National Park,Vascular Plant,nan,nan,None,nan
Redwood National Park,Vascular Plant,nan,nan,None,nan
Redwood National Park,Vascular Plant,nan,nan,None,nan
Redwood National Park,Vascular Plant,nan,nan,None,nan
Redwood National Park,Vascular Plant,nan,nan,None,nan
Redwood National Park,Vascular Plant,nan,nan,None,nan
Redwood National Park,Vascular Plant,nan,nan,None,nan
Redwood National Park,Vascular Plant,nan,nan,None,nan
Redwood National Park,Vascular Plant,nan,nan,None,nan
Redwood National Park,Vascular Plant,nan,nan,None,nan
Redwood National Park,Vascular Plant,nan,nan,None,nan
Redwood National Park,Vascular Plant,nan,nan,None,nan
Redwood National Park,Vascular Plant,nan,nan,None,nan
Redwood National Park,Vascular Plant,nan,nan,None,nan
Redwood National Park,Vascular Plant,nan,nan,None,nan
Redwood National Park,Vascular Plant,nan,nan,None,nan
Redwood National Park,Vascular Plant,nan,nan,None,nan
Redwood National Park,Vascular Plant,nan,nan,None,nan
Redwood National Park,Vascular Plant,nan,nan,None,nan
Redwood National Park,Vascular Plant,nan,nan,None,nan
Redwood National Park,Vascular Plant,nan,nan,None,nan
Redwood National Park,Vascular Plant,nan,nan,None,nan
Redwood National Park,Vascular Plant,nan,nan,None,nan
Redwood National Park,Vascular Plant,nan,nan,None,nan
Redwood National Park,Vascular Plant,nan,nan,None,nan
Redwood National Park,Vascular Plant,nan,nan,None,nan
Redwood National Park,Vascular Plant,nan,nan,None,nan
Redwood National Park,Vascular Plant,nan,nan,None,nan
Redwood National Park,Vascular Plant,nan,nan,None,nan
Redwood National Park,Vascular Plant,nan,nan,None,nan
Redwood National Park,Vascular Plant,nan,nan,None,nan
Redwood National Park,Vascular Plant,nan,nan,None,nan
Redwood National Park,Vascular Plant,nan,nan,None,nan
Redwood National Park,Vascular Plant,nan,nan,None,nan
Redwood National Park,Vascular Plant,nan,nan,None,nan
Redwood National Park,Vascular Plant,nan,nan,None,nan
Redwood National Park,Vascular Plant,nan,nan,None,nan
Redwood National Park,Vascular Plant,nan,nan,None,nan
Redwood National Park,Vascular Plant,nan,nan,None,Common
Redwood National Park,Vascular Plant,nan,nan,None,nan
Redwood National Park,Vascular Plant,nan,nan,None,nan
Redwood National Park,Vascular Plant,nan,nan,None,nan
Redwood National Park,Vascular Plant,nan,nan,None,nan
Redwood National Park,Vascular Plant,nan,nan,None,nan
Redwood National Park,Vascular Plant,nan,nan,None,nan
Redwood National Park,Vascular Plant,nan,nan,None,nan
Redwood National Park,Vascular Plant,nan,nan,None,nan
Redwood National Park,Vascular Plant,nan,nan,None,nan
Redwood National Park,Vascular Plant,nan,nan,None,nan
Redwood National Park,Vascular Plant,nan,nan,None,nan
Redwood National Park,Vascular Plant,nan,nan,None,nan
Redwood National Park,Vascular Plant,nan,nan,None,nan
Redwood National Park,Vascular Plant,nan,nan,None,Unknown
Redwood National Park,Vascular Plant,nan,nan,None,nan
Redwood National Park,Vascular Plant,nan,nan,None,nan
Redwood National Park,Vascular Plant,nan,nan,None,nan
Redwood National Park,Vascular Plant,nan,nan,None,nan
Redwood National Park,Vascular Plant,nan,nan,None,nan
Redwood National Park,Vascular Plant,nan,nan,None,nan
Redwood National Park,Vascular Plant,nan,nan,None,nan
Redwood National Park,Vascular Plant,nan,nan,None,nan
Redwood National Park,Vascular Plant,nan,nan,None,nan
Redwood National Park,Vascular Plant,nan,nan,None,nan
Redwood National Park,Vascular Plant,nan,nan,None,nan
Redwood National Park,Vascular Plant,nan,nan,None,nan
Redwood National Park,Vascular Plant,nan,nan,None,nan
Redwood National Park,Vascular Plant,nan,nan,None,nan
Redwood National Park,Vascular Plant,nan,nan,None,nan
Redwood National Park,Vascular Plant,nan,nan,None,nan
Redwood National Park,Vascular Plant,nan,nan,None,nan
Redwood National Park,Vascular Plant,nan,nan,None,nan
Redwood National Park,Vascular Plant,nan,nan,None,nan
Redwood National Park,Vascular Plant,nan,nan,None,nan
Redwood National Park,Vascular Plant,nan,nan,Lemon's Needlegrass,nan
Redwood National Park,Vascular Plant,nan,nan,None,nan
Redwood National Park,Vascular Plant,nan,nan,None,nan
Redwood National Park,Vascular Plant,nan,nan,None,nan
Redwood National Park,Vascular Plant,nan,Compositae,None,nan
Redwood National Park,Vascular Plant,nan,Compositae,None,nan
Redwood National Park,Vascular Plant,Alismatales,Araceae,Duckweed,Unknown
Redwood National Park,Vascular Plant,Alismatales,Araceae,"Common Duckweed, Least Duckweed, Lesser Duckweed",nan
Redwood National Park,Vascular Plant,Alismatales,Araceae,Skunkcabbage,nan
Redwood National Park,Vascular Plant,Alismatales,Araceae,None,nan
Redwood National Park,Vascular Plant,Alismatales,Araceae,Yellow Skunk Cabbage,Common
Redwood National Park,Vascular Plant,Alismatales,Araceae,None,nan
Redwood National Park,Vascular Plant,Alismatales,Araceae,None,nan
Redwood National Park,Vascular Plant,Alismatales,Araceae,None,nan
Redwood National Park,Vascular Plant,Alismatales,Araceae,Giant Duckweed,nan
Redwood National Park,Vascular Plant,Alismatales,Araceae,"Dotted Duckmeat, Dotted Duckweed",nan
Redwood National Park,Vascular Plant,Alismatales,Hydrocharitaceae,Brazillian Waterweed,nan
Redwood National Park,Vascular Plant,Alismatales,Hydrocharitaceae,"Water Weed, Waterweed",nan
Redwood National Park,Vascular Plant,Alismatales,Hydrocharitaceae,Common Waterweed,Unknown
Redwood National Park,Vascular Plant,Alismatales,Hydrocharitaceae,South American Waterweed,nan
Redwood National Park,Vascular Plant,Alismatales,Hydrocharitaceae,"American Eelgrass, Eel-Grass, Watercelery",nan
Redwood National Park,Vascular Plant,Alismatales,Juncaginaceae,Seaside Arrow-Grass,nan
Redwood National Park,Vascular Plant,Alismatales,Juncaginaceae,Three-Ribbed Arrowgrass,Rare
Redwood National Park,Vascular Plant,Alismatales,Potamogetonaceae,Pondweed,nan
Redwood National Park,Vascular Plant,Alismatales,Potamogetonaceae,Ribbonleaf Pondweed,nan
Redwood National Park,Vascular Plant,Alismatales,Potamogetonaceae,Floating Leaved Pondweed,Unknown
Redwood National Park,Vascular Plant,Alismatales,Potamogetonaceae,Fennel Leaved Pondweed,Unknown
Redwood National Park,Vascular Plant,Alismatales,Potamogetonaceae,"Baby Pondweed, Small Pondweed",nan
Redwood National Park,Vascular Plant,Alismatales,Potamogetonaceae,"Red-Head Pondweed, Richardson Pondweed, Richardson's Pondweed",nan
Redwood National Park,Vascular Plant,Alismatales,Ruppiaceae,"Widgeongrass, Widgeon-Grass",nan
Redwood National Park,Vascular Plant,Alismatales,Zosteraceae,None,nan
Redwood National Park,Vascular Plant,Alismatales,Zosteraceae,Scouler's Surfgrass,nan
Redwood National Park,Vascular Plant,Alismatales,Zosteraceae,None,nan
Redwood National Park,Vascular Plant,Alismatales,Zosteraceae,Torrey's Surfgrass,nan
Redwood National Park,Vascular Plant,Alismatales,Zosteraceae,None,nan
Redwood National Park,Vascular Plant,Apiales,Apiaceae,Dill,Unknown
Redwood National Park,Vascular Plant,Apiales,Apiaceae,"Angelica, Wild Celery",nan
Redwood National Park,Vascular Plant,Apiales,Apiaceae,"Angelica, Lyall's Angelica, Sharptooth Angelica",nan
Redwood National Park,Vascular Plant,Apiales,Apiaceae,Kneeling Angelica,Rare
Redwood National Park,Vascular Plant,Apiales,Apiaceae,Henderson's Angelica,Common
Redwood National Park,Vascular Plant,Apiales,Apiaceae,Sea-Watch,nan
Redwood National Park,Vascular Plant,Apiales,Apiaceae,California Angelica,Unknown
Redwood National Park,Vascular Plant,Apiales,Apiaceae,None,Common
Redwood National Park,Vascular Plant,Apiales,Apiaceae,Woolly Angelica,Unknown
Redwood National Park,Vascular Plant,Apiales,Apiaceae,"Celery, Wild Celery",nan
Redwood National Park,Vascular Plant,Apiales,Apiaceae,Wild Celery,nan
Redwood National Park,Vascular Plant,Apiales,Apiaceae,California Hedge-Parsley,Unknown
Redwood National Park,Vascular Plant,Apiales,Apiaceae,Water Hemlock,nan
Redwood National Park,Vascular Plant,Apiales,Apiaceae,"Douglas' Waterhemlock, Water Hemlock, Western Water Hemlock",nan
Redwood National Park,Vascular Plant,Apiales,Apiaceae,Hemlock-Parsley,nan
Redwood National Park,Vascular Plant,Apiales,Apiaceae,Poison Hemlock,Common
Redwood National Park,Vascular Plant,Apiales,Apiaceae,"Queen Anne's Lace, Wild Carrot",Abundant
Redwood National Park,Vascular Plant,Apiales,Apiaceae,"American Wild Carrot, Rattlesnake Carrot, Rattlesnake Weed, Southwest Wild Carrot",Uncommon
Redwood National Park,Vascular Plant,Apiales,Apiaceae,Prickly Coyote-Thistle,nan
Redwood National Park,Vascular Plant,Apiales,Apiaceae,Sweet Fennel,Uncommon
Redwood National Park,Vascular Plant,Apiales,Apiaceae,None,nan
Redwood National Park,Vascular Plant,Apiales,Apiaceae,American Silvertop,Unknown
Redwood National Park,Vascular Plant,Apiales,Apiaceae,American Silvertop,Common
Redwood National Park,Vascular Plant,Apiales,Apiaceae,"Cow Parsnip, Cowparsnip",nan
Redwood National Park,Vascular Plant,Apiales,Apiaceae,Cow Parsnip,Common
Redwood National Park,Vascular Plant,Apiales,Apiaceae,Lovage,Unknown
Redwood National Park,Vascular Plant,Apiales,Apiaceae,California Licorice-Root,Unknown
Redwood National Park,Vascular Plant,Apiales,Apiaceae,California Lomatium,nan
Redwood National Park,Vascular Plant,Apiales,Apiaceae,Fern Leafed Lomatium,Unknown
Redwood National Park,Vascular Plant,Apiales,Apiaceae,"Howell's Biscuitroot, Howell's Lomatium",nan
Redwood National Park,Vascular Plant,Apiales,Apiaceae,"Bigseed Biscuitroot, Bigseed Lomatium, Largefruit Biscuitroot, Large-Fruit Desert-Parsley, Long Mamma",Unknown
Redwood National Park,Vascular Plant,Apiales,Apiaceae,Tracy's Lomatium,nan
Redwood National Park,Vascular Plant,Apiales,Apiaceae,Common Lomatium,Unknown
Redwood National Park,Vascular Plant,Apiales,Apiaceae,Corkyfruit Waterdropwort,nan
Redwood National Park,Vascular Plant,Apiales,Apiaceae,Water Parsley,Common
Redwood National Park,Vascular Plant,Apiales,Apiaceae,Mountain Sweet Cicely,Common
Redwood National Park,Vascular Plant,Apiales,Apiaceae,Western Sweet Cicely,Uncommon
Redwood National Park,Vascular Plant,Apiales,Apiaceae,Purple Sweetroot,Unknown
Redwood National Park,Vascular Plant,Apiales,Apiaceae,"Squawroot, Yampah",Unknown
Redwood National Park,Vascular Plant,Apiales,Apiaceae,Howell's Yampah,nan
Redwood National Park,Vascular Plant,Apiales,Apiaceae,Kellogg's Yampah,Unknown
Redwood National Park,Vascular Plant,Apiales,Apiaceae,Oregon Yampah,nan
Redwood National Park,Vascular Plant,Apiales,Apiaceae,Sanicle,nan
Redwood National Park,Vascular Plant,Apiales,Apiaceae,"Footsteps Of Spring, Yellowmat",Uncommon
Redwood National Park,Vascular Plant,Apiales,Apiaceae,"Purple Sanicle, Shoe Buttons",Uncommon
Redwood National Park,Vascular Plant,Apiales,Apiaceae,"Pacific Snakeroot, Thick-Stemmed Sanicle",Uncommon
Redwood National Park,Vascular Plant,Apiales,Apiaceae,Pacific Blacksnakeroot,nan
Redwood National Park,Vascular Plant,Apiales,Apiaceae,"Sanicle, Snakeroot",Unknown
Redwood National Park,Vascular Plant,Apiales,Apiaceae,Peck's Sanicle,Uncommon
Redwood National Park,Vascular Plant,Apiales,Apiaceae,"Tracy's Blacksnakeroot, Tracy's Sanicle",nan
Redwood National Park,Vascular Plant,Apiales,Apiaceae,Shepherd's Or Venus' Needle,Unknown
Redwood National Park,Vascular Plant,Apiales,Apiaceae,Glaucous Tauschia,Rare
Redwood National Park,Vascular Plant,Apiales,Apiaceae,"Howell's Tauschia, Howell's Umbrellawort",nan
Redwood National Park,Vascular Plant,Apiales,Apiaceae,Kellogg's Tauschia,Uncommon
Redwood National Park,Vascular Plant,Apiales,Apiaceae,"Hedge Parsley, Hedgeparsley",nan
Redwood National Park,Vascular Plant,Apiales,Apiaceae,Hedge Parsley,Unknown
Redwood National Park,Vascular Plant,Apiales,Apiaceae,"Hedgeparsley, Spreading Hedgeparsley",nan
Redwood National Park,Vascular Plant,Apiales,Apiaceae,Erect Hedgeparsley,Unknown
Redwood National Park,Vascular Plant,Apiales,Apiaceae,Hedge Parsley,Unknown
Redwood National Park,Vascular Plant,Apiales,Apiaceae,"False Carrot, False Hedge-Parsley, Falsecarrot",Unknown
Redwood National Park,Vascular Plant,Apiales,Araliaceae,"Elk Clover, Spikenard",Uncommon
Redwood National Park,Vascular Plant,Apiales,Araliaceae,English Ivy,Common
Redwood National Park,Vascular Plant,Apiales,Araliaceae,Marsh Pennywort,Unknown
Redwood National Park,Vascular Plant,Apiales,Araliaceae,"Floating Marsh Pennywort, Floating Marshpennywort, Floating Pennyroyal",nan
Redwood National Park,Vascular Plant,Aquifoliales,Aquifoliaceae,"Hollies, Holly",nan
Redwood National Park,Vascular Plant,Aquifoliales,Aquifoliaceae,English Holly,Uncommon
Redwood National Park,Vascular Plant,Aquifoliales,Aquifoliaceae,None,nan
Redwood National Park,Vascular Plant,Asparagales,Amaryllidaceae,"Onion, Wild Onion",Uncommon
Redwood National Park,Vascular Plant,Asparagales,Amaryllidaceae,Scytheleaf Onion,Uncommon
Redwood National Park,Vascular Plant,Asparagales,Amaryllidaceae,"Daffodil, Narcissus",nan
Redwood National Park,Vascular Plant,Asparagales,Amaryllidaceae,Daffodil,Uncommon
Redwood National Park,Vascular Plant,Asparagales,Amaryllidaceae,None,nan
Redwood National Park,Vascular Plant,Asparagales,Asparagaceae,Brodiaea,nan
Redwood National Park,Vascular Plant,Asparagales,Asparagaceae,None,nan
Redwood National Park,Vascular Plant,Asparagales,Asparagaceae,None,nan
Redwood National Park,Vascular Plant,Asparagales,Asparagaceae,Crown Brodiaea,nan
Redwood National Park,Vascular Plant,Asparagales,Asparagaceae,None,nan
Redwood National Park,Vascular Plant,Asparagales,Asparagaceae,None,nan
Redwood National Park,Vascular Plant,Asparagales,Asparagaceae,Harvest Brodiaea,Common
Redwood National Park,Vascular Plant,Asparagales,Asparagaceae,None,nan
Redwood National Park,Vascular Plant,Asparagales,Asparagaceae,None,Common
Redwood National Park,Vascular Plant,Asparagales,Asparagaceae,None,nan
Redwood National Park,Vascular Plant,Asparagales,Asparagaceae,None,nan
Redwood National Park,Vascular Plant,Asparagales,Asparagaceae,None,nan
Redwood National Park,Vascular Plant,Asparagales,Asparagaceae,None,nan
Redwood National Park,Vascular Plant,Asparagales,Asparagaceae,Dwarf Brodiaea,Common
Redwood National Park,Vascular Plant,Asparagales,Asparagaceae,None,nan
Redwood National Park,Vascular Plant,Asparagales,Asparagaceae,Camas,nan
Redwood National Park,Vascular Plant,Asparagales,Asparagaceae,"Common Camas, Small Camas",nan
Redwood National Park,Vascular Plant,Asparagales,Asparagaceae,Small Camas,Uncommon
Redwood National Park,Vascular Plant,Asparagales,Asparagaceae,Soapplant,nan
Redwood National Park,Vascular Plant,Asparagales,Asparagaceae,Wavyleaf Soap Plant,Unknown
Redwood National Park,Vascular Plant,Asparagales,Asparagaceae,Soap Plant,Uncommon
Redwood National Park,Vascular Plant,Asparagales,Asparagaceae,Blue Dics,Uncommon
Redwood National Park,Vascular Plant,Asparagales,Asparagaceae,Ookow,Uncommon
Redwood National Park,Vascular Plant,Asparagales,Asparagaceae,Firecracker Flower,Uncommon
Redwood National Park,Vascular Plant,Asparagales,Asparagaceae,"Many-Flowered Hyacinth, Wild Hyacinth",nan
Redwood National Park,Vascular Plant,Asparagales,Asparagaceae,Roundtooth Snakelily,nan
Redwood National Park,Vascular Plant,Asparagales,Asparagaceae,"Blue Dicks, Blue-Dicks",nan
Redwood National Park,Vascular Plant,Asparagales,Asparagaceae,None,nan
Redwood National Park,Vascular Plant,Asparagales,Asparagaceae,None,nan
Redwood National Park,Vascular Plant,Asparagales,Asparagaceae,Rose Firecracker Flower,nan
Redwood National Park,Vascular Plant,Asparagales,Asparagaceae,"Rose Firecracker Flower, Snakelily",Uncommon
Redwood National Park,Vascular Plant,Asparagales,Asparagaceae,White Rushlily,Unknown
Redwood National Park,Vascular Plant,Asparagales,Asparagaceae,Largeflower Rushlily,nan
Redwood National Park,Vascular Plant,Asparagales,Asparagaceae,None,Unknown
Redwood National Park,Vascular Plant,Asparagales,Asparagaceae,None,nan
Redwood National Park,Vascular Plant,Asparagales,Asparagaceae,Western Mayflower,Uncommon
Redwood National Park,Vascular Plant,Asparagales,Asparagaceae,None,nan
Redwood National Park,Vascular Plant,Asparagales,Asparagaceae,"Feathery False Lily Of The Valley, Feathery False Lily Of The Vally, Western Solomon's Seal, Western Solomon's-Seal",Unknown
Redwood National Park,Vascular Plant,Asparagales,Asparagaceae,White Sunnybell,Unknown
Redwood National Park,Vascular Plant,Asparagales,Asparagaceae,None,nan
Redwood National Park,Vascular Plant,Asparagales,Asparagaceae,None,nan
Redwood National Park,Vascular Plant,Asparagales,Asparagaceae,False Solomon's Seal,Uncommon
Redwood National Park,Vascular Plant,Asparagales,Asparagaceae,Star-Flowered False Solomon Seal,Uncommon
Redwood National Park,Vascular Plant,Asparagales,Asparagaceae,None,Uncommon
Redwood National Park,Vascular Plant,Asparagales,Asparagaceae,Bridges' Brodiaea,Uncommon
Redwood National Park,Vascular Plant,Asparagales,Asparagaceae,White Brodiaea,Uncommon
Redwood National Park,Vascular Plant,Asparagales,Asparagaceae,"Grass Nut, Ithuriel's Spear",Uncommon
Redwood National Park,Vascular Plant,Asparagales,Iridaceae,"Crocosmia, Montbretia",Uncommon
Redwood National Park,Vascular Plant,Asparagales,Iridaceae,Iris,nan
Redwood National Park,Vascular Plant,Asparagales,Iridaceae,Siskiyou Iris,nan
Redwood National Park,Vascular Plant,Asparagales,Iridaceae,None,nan
Redwood National Park,Vascular Plant,Asparagales,Iridaceae,Douglas' Iris,Common
Redwood National Park,Vascular Plant,Asparagales,Iridaceae,Douglas Iris,nan
Redwood National Park,Vascular Plant,Asparagales,Iridaceae,None,nan
Redwood National Park,Vascular Plant,Asparagales,Iridaceae,None,nan
Redwood National Park,Vascular Plant,Asparagales,Iridaceae,Del Norte County Iris,Uncommon
Redwood National Park,Vascular Plant,Asparagales,Iridaceae,Purdy's Iris,nan
Redwood National Park,Vascular Plant,Asparagales,Iridaceae,"Klamath Iris, Wild Iris",Unknown
Redwood National Park,Vascular Plant,Asparagales,Iridaceae,Iris,Unknown
Redwood National Park,Vascular Plant,Asparagales,Iridaceae,None,nan
Redwood National Park,Vascular Plant,Asparagales,Iridaceae,None,nan
Redwood National Park,Vascular Plant,Asparagales,Iridaceae,Blue Eyed Grass,Uncommon
Redwood National Park,Vascular Plant,Asparagales,Iridaceae,Golden Eyed Grass,Uncommon
Redwood National Park,Vascular Plant,Asparagales,Orchidaceae,"Calypso Orchid, Fairy Slipper",Uncommon
Redwood National Park,Vascular Plant,Asparagales,Orchidaceae,Phantom Orchid,Uncommon
Redwood National Park,Vascular Plant,Asparagales,Orchidaceae,Coralroot,nan
Redwood National Park,Vascular Plant,Asparagales,Orchidaceae,Spotted Coralroot,Common
Redwood National Park,Vascular Plant,Asparagales,Orchidaceae,Striped Coralroot,Uncommon
Redwood National Park,Vascular Plant,Asparagales,Orchidaceae,Hooded Coralroot,nan
Redwood National Park,Vascular Plant,Asparagales,Orchidaceae,California Lady-Slipper,Rare
Redwood National Park,Vascular Plant,Asparagales,Orchidaceae,"Clustered Lady's Slipper, Clustered Ladyslipper",nan
Redwood National Park,Vascular Plant,Asparagales,Orchidaceae,"Mountain Lady's Slipper, Mountain Ladyslipper",nan
Redwood National Park,Vascular Plant,Asparagales,Orchidaceae,None,nan
Redwood National Park,Vascular Plant,Asparagales,Orchidaceae,"Giant Helleborine, Stream Orchid",nan
Redwood National Park,Vascular Plant,Asparagales,Orchidaceae,Rattlesnake Plantain,nan
Redwood National Park,Vascular Plant,Asparagales,Orchidaceae,Rattlesnake Plantain,Common
Redwood National Park,Vascular Plant,Asparagales,Orchidaceae,Bog Orchid,nan
Redwood National Park,Vascular Plant,Asparagales,Orchidaceae,None,nan
Redwood National Park,Vascular Plant,Asparagales,Orchidaceae,None,nan
Redwood National Park,Vascular Plant,Asparagales,Orchidaceae,Northwest Twayblade,Uncommon
Redwood National Park,Vascular Plant,Asparagales,Orchidaceae,Heartleaf Twayblade,Uncommon
Redwood National Park,Vascular Plant,Asparagales,Orchidaceae,Heartleaf Twayblade,nan
Redwood National Park,Vascular Plant,Asparagales,Orchidaceae,Whiteflower Rein Orchid,nan
Redwood National Park,Vascular Plant,Asparagales,Orchidaceae,Rein Orchid,Uncommon
Redwood National Park,Vascular Plant,Asparagales,Orchidaceae,Elegant Piperia,Uncommon
Redwood National Park,Vascular Plant,Asparagales,Orchidaceae,None,nan
Redwood National Park,Vascular Plant,Asparagales,Orchidaceae,"Creamy Ladies'-Tresses, Creamy Lady's Tresses, Western Lady's Tresses",nan
Redwood National Park,Vascular Plant,Asparagales,Orchidaceae,Ladies' Tresses,Uncommon
Redwood National Park,Vascular Plant,Asterales,Asteraceae,Yarrow,nan
Redwood National Park,Vascular Plant,Asterales,Asteraceae,None,nan
Redwood National Park,Vascular Plant,Asterales,Asteraceae,"Common Yarrow, Milfoil",Abundant
Redwood National Park,Vascular Plant,Asterales,Asteraceae,California Yarrow,nan
Redwood National Park,Vascular Plant,Asterales,Asteraceae,None,nan
Redwood National Park,Vascular Plant,Asterales,Asteraceae,"Blow Wives, Soft Blow Wives",nan
Redwood National Park,Vascular Plant,Asterales,Asteraceae,Trail Plant,Common
Redwood National Park,Vascular Plant,Asterales,Asteraceae,"Western Eupatorium, Western Joepyeweed, Western Snakeroot",Rare
Redwood National Park,Vascular Plant,Asterales,Asteraceae,Woolly Goat Chicory,nan
Redwood National Park,Vascular Plant,Asterales,Asteraceae,Mountain Dandelion,Unknown
Redwood National Park,Vascular Plant,Asterales,Asteraceae,"Bigflower Agoseris, Shortbeak Agoseris",Uncommon
Redwood National Park,Vascular Plant,Asterales,Asteraceae,"Bursage, Silver Beachweed",Common
Redwood National Park,Vascular Plant,Asterales,Asteraceae,None,nan
Redwood National Park,Vascular Plant,Asterales,Asteraceae,Pearly Everlasting,Uncommon
Redwood National Park,Vascular Plant,Asterales,Asteraceae,None,nan
Redwood National Park,Vascular Plant,Asterales,Asteraceae,"Dog Fennel, Mayweed, Stinkweed",Uncommon
Redwood National Park,Vascular Plant,Asterales,Asteraceae,"Great Burdock, Greater Burdock, Greater Burrdock, Woodland Burdock",nan
Redwood National Park,Vascular Plant,Asterales,Asteraceae,Burdock,Unknown
Redwood National Park,Vascular Plant,Asterales,Asteraceae,Serpentine Arnica,nan
Redwood National Park,Vascular Plant,Asterales,Asteraceae,"Heartleaf Arnica, Heart-Leaf Leopardbane",Rare
Redwood National Park,Vascular Plant,Asterales,Asteraceae,Rayless Arnica,nan
Redwood National Park,Vascular Plant,Asterales,Asteraceae,None,nan
Redwood National Park,Vascular Plant,Asterales,Asteraceae,Klamath Arnica,Rare
Redwood National Park,Vascular Plant,Asterales,Asteraceae,"Curtis Churchmouse Threeawn, Rayless Arnica, Sticky Arnica",Unknown
Redwood National Park,Vascular Plant,Asterales,Asteraceae,"Sagebrush, Sagewort, Wormwood",nan
Redwood National Park,Vascular Plant,Asterales,Asteraceae,"Common Sagewort, Field Sagewort, Pacific Wormwood, Wormwood Sagewort",nan
Redwood National Park,Vascular Plant,Asterales,Asteraceae,Sagebrush,Unknown
Redwood National Park,Vascular Plant,Asterales,Asteraceae,Beach Wormwood,nan
Redwood National Park,Vascular Plant,Asterales,Asteraceae,Coastal Mugwort,Unknown
Redwood National Park,Vascular Plant,Asterales,Asteraceae,Golden Aster,Unknown
Redwood National Park,Vascular Plant,Asterales,Asteraceae,Aster,Unknown
Redwood National Park,Vascular Plant,Asterales,Asteraceae,None,Unknown
Redwood National Park,Vascular Plant,Asterales,Asteraceae,Broadleaf Aster,Unknown
Redwood National Park,Vascular Plant,Asterales,Asteraceae,None,Rare
Redwood National Park,Vascular Plant,Asterales,Asteraceae,Douglas Aster,nan
Redwood National Park,Vascular Plant,Asterales,Asteraceae,Baccharis,nan
Redwood National Park,Vascular Plant,Asterales,Asteraceae,"Chaparal Broom, Coyote Brush",Common
Redwood National Park,Vascular Plant,Asterales,Asteraceae,None,nan
Redwood National Park,Vascular Plant,Asterales,Asteraceae,"Chapparal Broom, Coyote Brush",Unknown
Redwood National Park,Vascular Plant,Asterales,Asteraceae,None,Unknown
Redwood National Park,Vascular Plant,Asterales,Asteraceae,None,nan
Redwood National Park,Vascular Plant,Asterales,Asteraceae,English Daisy,Common
Redwood National Park,Vascular Plant,Asterales,Asteraceae,Nodding Bur-Marigold,nan
Redwood National Park,Vascular Plant,Asterales,Asteraceae,"Bur-Marigold, Sticktight",Unknown
Redwood National Park,Vascular Plant,Asterales,Asteraceae,"Compact-Headed Thistle, Italian Plumeless Thistle, Italian Thistle",nan
Redwood National Park,Vascular Plant,Asterales,Asteraceae,"Knapweed, Star Thistle",nan
Redwood National Park,Vascular Plant,Asterales,Asteraceae,"Diffuse Knapweed, White Knapweed",nan
Redwood National Park,Vascular Plant,Asterales,Asteraceae,Wild Sandheath,nan
Redwood National Park,Vascular Plant,Asterales,Asteraceae,Purple Spotted Knapweed,Uncommon
Redwood National Park,Vascular Plant,Asterales,Asteraceae,Tocalote,Unknown
Redwood National Park,Vascular Plant,Asterales,Asteraceae,Meadow Knapweed,nan
Redwood National Park,Vascular Plant,Asterales,Asteraceae,Yellow Star Thistle,nan
Redwood National Park,Vascular Plant,Asterales,Asteraceae,None,nan
Redwood National Park,Vascular Plant,Asterales,Asteraceae,None,nan
Redwood National Park,Vascular Plant,Asterales,Asteraceae,"Pineappleweed, Rayless Chamomile",Uncommon
Redwood National Park,Vascular Plant,Asterales,Asteraceae,Daisy,nan
Redwood National Park,Vascular Plant,Asterales,Asteraceae,"Oxeye Daisy, Ox-Eye Daisy",Common
Redwood National Park,Vascular Plant,Asterales,Asteraceae,Corndaisy,nan
Redwood National Park,Vascular Plant,Asterales,Asteraceae,None,nan
Redwood National Park,Vascular Plant,Asterales,Asteraceae,Chicory,Uncommon
Redwood National Park,Vascular Plant,Asterales,Asteraceae,Thistle,nan
Redwood National Park,Vascular Plant,Asterales,Asteraceae,None,Unknown
Redwood National Park,Vascular Plant,Asterales,Asteraceae,Canada Thistle,Common
Redwood National Park,Vascular Plant,Asterales,Asteraceae,Indian Thistle,Common
Redwood National Park,Vascular Plant,Asterales,Asteraceae,None,nan
Redwood National Park,Vascular Plant,Asterales,Asteraceae,"Cardoon, Edible Thistle, Hall's Thistle",nan
Redwood National Park,Vascular Plant,Asterales,Asteraceae,Bull Thistle,nan
Redwood National Park,Vascular Plant,Asterales,Asteraceae,Snowy Thistle,nan
Redwood National Park,Vascular Plant,Asterales,Asteraceae,Venus Thistle,Unknown
Redwood National Park,Vascular Plant,Asterales,Asteraceae,Snowy Thistle,Unknown
Redwood National Park,Vascular Plant,Asterales,Asteraceae,Venus Thistle,Unknown
Redwood National Park,Vascular Plant,Asterales,Asteraceae,Alameda County Thistle,nan
Redwood National Park,Vascular Plant,Asterales,Asteraceae,Fewleaf Thistle,Unknown
Redwood National Park,Vascular Plant,Asterales,Asteraceae,Bull Thistle,Common
Redwood National Park,Vascular Plant,Asterales,Asteraceae,Horseweed,Uncommon
Redwood National Park,Vascular Plant,Asterales,Asteraceae,Sandaster,nan
Redwood National Park,Vascular Plant,Asterales,Asteraceae,Australian Waterbuttons,Unknown
Redwood National Park,Vascular Plant,Asterales,Asteraceae,Brass Buttons,Unknown
Redwood National Park,Vascular Plant,Asterales,Asteraceae,Hawksbeard,nan
Redwood National Park,Vascular Plant,Asterales,Asteraceae,Hawksbeard,Uncommon
Redwood National Park,Vascular Plant,Asterales,Asteraceae,"Largeflower Hawksbeard, Large-Flower Hawk's-Beard, Western Hawksbeard",nan
Redwood National Park,Vascular Plant,Asterales,Asteraceae,"Cape Ivy, Cape-Ivy, German Ivy, Italian Ivy",Uncommon
Redwood National Park,Vascular Plant,Asterales,Asteraceae,Burnweed,nan
Redwood National Park,Vascular Plant,Asterales,Asteraceae,None,Unknown
Redwood National Park,Vascular Plant,Asterales,Asteraceae,"Australian Fireweed, Cutleaf Burnweed",Uncommon
Redwood National Park,Vascular Plant,Asterales,Asteraceae,"Australian Fireweed, Coastal Burnweed",Abundant
Redwood National Park,Vascular Plant,Asterales,Asteraceae,None,nan
Redwood National Park,Vascular Plant,Asterales,Asteraceae,None,nan
Redwood National Park,Vascular Plant,Asterales,Asteraceae,"Daisy, Fleabane",nan
Redwood National Park,Vascular Plant,Asterales,Asteraceae,Siskiyou Daisy,nan
Redwood National Park,Vascular Plant,Asterales,Asteraceae,None,nan
Redwood National Park,Vascular Plant,Asterales,Asteraceae,Leafy Fleabane,Unknown
Redwood National Park,Vascular Plant,Asterales,Asteraceae,Leafy Fleabane,nan
Redwood National Park,Vascular Plant,Asterales,Asteraceae,Hartweg's Fleabane,Uncommon
Redwood National Park,Vascular Plant,Asterales,Asteraceae,"Fleabane, Seaside Daisy",Common
Redwood National Park,Vascular Plant,Asterales,Asteraceae,Wild Daisy,Unknown
Redwood National Park,Vascular Plant,Asterales,Asteraceae,"California Rayless Daisy, California Rayless Fleabane",Unknown
Redwood National Park,Vascular Plant,Asterales,Asteraceae,None,nan
Redwood National Park,Vascular Plant,Asterales,Asteraceae,"Philadelphia Daisy, Philadelphia Fleabane",Uncommon
Redwood National Park,Vascular Plant,Asterales,Asteraceae,"Fleabane, Wild Daisy",Unknown
Redwood National Park,Vascular Plant,Asterales,Asteraceae,Supple Fleabane,nan
Redwood National Park,Vascular Plant,Asterales,Asteraceae,"Eriophyllum, Woolly Sunflower",nan
Redwood National Park,Vascular Plant,Asterales,Asteraceae,Woolly Sunflower,Uncommon
Redwood National Park,Vascular Plant,Asterales,Asteraceae,Common Woolly Sunflower,Unknown
Redwood National Park,Vascular Plant,Asterales,Asteraceae,Golden Yarrow,Unknown
Redwood National Park,Vascular Plant,Asterales,Asteraceae,None,nan
Redwood National Park,Vascular Plant,Asterales,Asteraceae,None,Unknown
Redwood National Park,Vascular Plant,Asterales,Asteraceae,Herba Impia,Unknown
Redwood National Park,Vascular Plant,Asterales,Asteraceae,None,nan
Redwood National Park,Vascular Plant,Asterales,Asteraceae,None,nan
Redwood National Park,Vascular Plant,Asterales,Asteraceae,Cudweed,nan
Redwood National Park,Vascular Plant,Asterales,Asteraceae,"California Cudweed, California Everlasting",nan
Redwood National Park,Vascular Plant,Asterales,Asteraceae,None,Unknown
Redwood National Park,Vascular Plant,Asterales,Asteraceae,None,Unknown
Redwood National Park,Vascular Plant,Asterales,Asteraceae,None,Unknown
Redwood National Park,Vascular Plant,Asterales,Asteraceae,"Cudweed, Lowland Cudweed, Marsh Everlasting, Western Marsh Cudweed",Unknown
Redwood National Park,Vascular Plant,Asterales,Asteraceae,"Catfoot, Chafe Weed, Everlasting, Purple Cudweed, Rabbit Tobacco, Spoonleaf Purple Everlasting",Unknown
Redwood National Park,Vascular Plant,Asterales,Asteraceae,"Cudweed, Everlasting",Unknown
Redwood National Park,Vascular Plant,Asterales,Asteraceae,"Cudweed, Everlasting",Unknown
Redwood National Park,Vascular Plant,Asterales,Asteraceae,Puget Sound Gumweed,nan
Redwood National Park,Vascular Plant,Asterales,Asteraceae,None,nan
Redwood National Park,Vascular Plant,Asterales,Asteraceae,Oregon Gumweed,Common
Redwood National Park,Vascular Plant,Asterales,Asteraceae,None,nan
Redwood National Park,Vascular Plant,Asterales,Asteraceae,None,nan
Redwood National Park,Vascular Plant,Asterales,Asteraceae,Gumplant,Common
Redwood National Park,Vascular Plant,Asterales,Asteraceae,Coastal Sneezeweed,nan
Redwood National Park,Vascular Plant,Asterales,Asteraceae,Sneezegrass,Unknown
Redwood National Park,Vascular Plant,Asterales,Asteraceae,Tarweed,nan
Redwood National Park,Vascular Plant,Asterales,Asteraceae,Hayfield Tarweed,Unknown
Redwood National Park,Vascular Plant,Asterales,Asteraceae,Tracy's Tarplant,Common
Redwood National Park,Vascular Plant,Asterales,Asteraceae,Tracy's Tarplant,Common
Redwood National Park,Vascular Plant,Asterales,Asteraceae,Oregon False Goldenaster,Uncommon
Redwood National Park,Vascular Plant,Asterales,Asteraceae,Hawkweed,nan
Redwood National Park,Vascular Plant,Asterales,Asteraceae,White Flowered Hawkweed,Common
Redwood National Park,Vascular Plant,Asterales,Asteraceae,Bolander's Hawkweed,Unknown
Redwood National Park,Vascular Plant,Asterales,Asteraceae,Houndstongue Hawkweed,Unknown
Redwood National Park,Vascular Plant,Asterales,Asteraceae,None,nan
Redwood National Park,Vascular Plant,Asterales,Asteraceae,Scouler's Hawkweed,Unknown
Redwood National Park,Vascular Plant,Asterales,Asteraceae,Cat's Ear,Uncommon
Redwood National Park,Vascular Plant,Asterales,Asteraceae,Hairy Cat's Ear,Common
Redwood National Park,Vascular Plant,Asterales,Asteraceae,Catsear,nan
Redwood National Park,Vascular Plant,Asterales,Asteraceae,"Willowleaf Lettuce, Willow-Leaf Lettuce",Unknown
Redwood National Park,Vascular Plant,Asterales,Asteraceae,Nipplewort,Common
Redwood National Park,Vascular Plant,Asterales,Asteraceae,None,nan
Redwood National Park,Vascular Plant,Asterales,Asteraceae,"Beach Layia, Beach Tidytips",nan
Redwood National Park,Vascular Plant,Asterales,Asteraceae,"Hawkbit, Leontodon",nan
Redwood National Park,Vascular Plant,Asterales,Asteraceae,None,Unknown
Redwood National Park,Vascular Plant,Asterales,Asteraceae,Hairy Hawkbit,Unknown
Redwood National Park,Vascular Plant,Asterales,Asteraceae,None,Rare
Redwood National Park,Vascular Plant,Asterales,Asteraceae,"Oxeye Daisy, Ox-Eye Daisy, Oxeyedaisy, Oxeye-Daisy",Common
Redwood National Park,Vascular Plant,Asterales,Asteraceae,Narrowleaf Cottonrose,nan
Redwood National Park,Vascular Plant,Asterales,Asteraceae,Tarweed,nan
Redwood National Park,Vascular Plant,Asterales,Asteraceae,Coast Tarweed,Unknown
Redwood National Park,Vascular Plant,Asterales,Asteraceae,"Common Madia, Showy Tarweed, Spring Madia",Unknown
Redwood National Park,Vascular Plant,Asterales,Asteraceae,Common Madia,Unknown
Redwood National Park,Vascular Plant,Asterales,Asteraceae,Threadstem Tarweed,Unknown
Redwood National Park,Vascular Plant,Asterales,Asteraceae,"Gumweed, Slender Tarweed",Unknown
Redwood National Park,Vascular Plant,Asterales,Asteraceae,None,nan
Redwood National Park,Vascular Plant,Asterales,Asteraceae,Woodland Tarweed,Unknown
Redwood National Park,Vascular Plant,Asterales,Asteraceae,"Least Tarweed, Oppositeleaved Tarweed",nan
Redwood National Park,Vascular Plant,Asterales,Asteraceae,Coast Tarweed,Unknown
Redwood National Park,Vascular Plant,Asterales,Asteraceae,"Disc Mayweed, Pineappleweed",nan
Redwood National Park,Vascular Plant,Asterales,Asteraceae,None,nan
Redwood National Park,Vascular Plant,Asterales,Asteraceae,Q-Tips,Unknown
Redwood National Park,Vascular Plant,Asterales,Asteraceae,Slender Cottonweed,Unknown
Redwood National Park,Vascular Plant,Asterales,Asteraceae,"Microseris, Silverpuffs",nan
Redwood National Park,Vascular Plant,Asterales,Asteraceae,Coastal Silverpuffs,Unknown
Redwood National Park,Vascular Plant,Asterales,Asteraceae,Cutleaf Silverpuffs,Unknown
Redwood National Park,Vascular Plant,Asterales,Asteraceae,Cutleaf Silverpuffs,Unknown
Redwood National Park,Vascular Plant,Asterales,Asteraceae,"Nodding Microseris, Nodding Silverpuffs",Unknown
Redwood National Park,Vascular Plant,Asterales,Asteraceae,None,nan
Redwood National Park,Vascular Plant,Asterales,Asteraceae,None,nan
Redwood National Park,Vascular Plant,Asterales,Asteraceae,"Arctic Sweet Coltsfoot, Arctic Sweet-Colt's-Foot",Unknown
Redwood National Park,Vascular Plant,Asterales,Asteraceae,Colt's Foot,Common
Redwood National Park,Vascular Plant,Asterales,Asteraceae,None,nan
Redwood National Park,Vascular Plant,Asterales,Asteraceae,None,nan
Redwood National Park,Vascular Plant,Asterales,Asteraceae,Bristly Oxtongue,Unknown
Redwood National Park,Vascular Plant,Asterales,Asteraceae,Del Norte Pyrrocoma,nan
Redwood National Park,Vascular Plant,Asterales,Asteraceae,"California Chicory, California Plumeseed",Unknown
Redwood National Park,Vascular Plant,Asterales,Asteraceae,"Groundsel, Ragwort",nan
Redwood National Park,Vascular Plant,Asterales,Asteraceae,Bolander's Ragwort,nan
Redwood National Park,Vascular Plant,Asterales,Asteraceae,"Bolander's Groundsel, Seacoast Ragwort",Uncommon
Redwood National Park,Vascular Plant,Asterales,Asteraceae,Harford's Ragwort,nan
Redwood National Park,Vascular Plant,Asterales,Asteraceae,"Lambstongue Groundsel, Lambstongue Ragwort, Lamb-Tongue Ragwort",Unknown
Redwood National Park,Vascular Plant,Asterales,Asteraceae,"Lambstongue Groundsel, Lambstongue Ragwort",Unknown
Redwood National Park,Vascular Plant,Asterales,Asteraceae,"Jacob's Ladder, Tansy-Ragwort",Uncommon
Redwood National Park,Vascular Plant,Asterales,Asteraceae,None,nan
Redwood National Park,Vascular Plant,Asterales,Asteraceae,Siskiyou Mountain Ragwort,nan
Redwood National Park,Vascular Plant,Asterales,Asteraceae,German-Ivy,Uncommon
Redwood National Park,Vascular Plant,Asterales,Asteraceae,"Groundsel, Ragwort",Unknown
Redwood National Park,Vascular Plant,Asterales,Asteraceae,"Groundsel, Ragwort",Common
Redwood National Park,Vascular Plant,Asterales,Asteraceae,Milk Thisle,Uncommon
Redwood National Park,Vascular Plant,Asterales,Asteraceae,Goldenrod,nan
Redwood National Park,Vascular Plant,Asterales,Asteraceae,California Goldenrod,nan
Redwood National Park,Vascular Plant,Asterales,Asteraceae,"Canada Goldenrod, Canadian Goldenrod, Common Goldenrod",Unknown
Redwood National Park,Vascular Plant,Asterales,Asteraceae,None,Unknown
Redwood National Park,Vascular Plant,Asterales,Asteraceae,None,nan
Redwood National Park,Vascular Plant,Asterales,Asteraceae,Canada Goldenrod,Unknown
Redwood National Park,Vascular Plant,Asterales,Asteraceae,"Coast Goldenrod, Mt. Albert Goldenrod",nan
Redwood National Park,Vascular Plant,Asterales,Asteraceae,Coast Goldenrod,Unknown
Redwood National Park,Vascular Plant,Asterales,Asteraceae,"Sow Thistle, Sowthistle",nan
Redwood National Park,Vascular Plant,Asterales,Asteraceae,Perennial Sow Thistle,Unknown
Redwood National Park,Vascular Plant,Asterales,Asteraceae,"Perennial Sowthistle, Prickly Sow Thistle, Prickly Sowthistle, Spiny Sowthistle, Spiny-Leaf Sow-Thistle",Unknown
Redwood National Park,Vascular Plant,Asterales,Asteraceae,Prickly Sow Thistle,Unknown
Redwood National Park,Vascular Plant,Asterales,Asteraceae,Common Sow Thistle,Unknown
Redwood National Park,Vascular Plant,Asterales,Asteraceae,Beach Or Dune Tansy,Uncommon
Redwood National Park,Vascular Plant,Asterales,Asteraceae,None,nan
Redwood National Park,Vascular Plant,Asterales,Asteraceae,Feverfew,Rare
Redwood National Park,Vascular Plant,Asterales,Asteraceae,Dandelion,nan
Redwood National Park,Vascular Plant,Asterales,Asteraceae,Dandelion,Uncommon
Redwood National Park,Vascular Plant,Asterales,Asteraceae,None,nan
Redwood National Park,Vascular Plant,Asterales,Asteraceae,"Common Salsify, Goatsbeard, Purple Salsify, Salsify",Rare
Redwood National Park,Vascular Plant,Asterales,Asteraceae,Narrow Leaved Mule Ear,Unknown
Redwood National Park,Vascular Plant,Asterales,Asteraceae,"Canada Cocklebur, Cocklebur, Cockleburr, Common Cocklebur, Rough Cocklebur, Rough Cockleburr",Rare
Redwood National Park,Vascular Plant,Asterales,Campanulaceae,California Harebell,Unknown
Redwood National Park,Vascular Plant,Asterales,Campanulaceae,Scouler's Harebell,nan
Redwood National Park,Vascular Plant,Asterales,Campanulaceae,Common Bluecup,Unknown
Redwood National Park,Vascular Plant,Boraginales,Boraginaceae,"Coast Fiddleneck, Common Fiddleneck, Fiddleneck",Uncommon
Redwood National Park,Vascular Plant,Boraginales,Boraginaceae,"Bugloss Fiddleneck, Tarweed Fiddleneck",Unknown
Redwood National Park,Vascular Plant,Boraginales,Boraginaceae,"Coast Buckthorn, Coast Fiddleneck, Common Fiddleneck, Intermediate Fiddleneck",Uncommon
Redwood National Park,Vascular Plant,Boraginales,Boraginaceae,Coastal Cryptantha,nan
Redwood National Park,Vascular Plant,Boraginales,Boraginaceae,Hound's Tongue,Uncommon
Redwood National Park,Vascular Plant,Boraginales,Boraginaceae,"Changing Forget-Me-Not, Yellowandblue Forget-Me-Not",Uncommon
Redwood National Park,Vascular Plant,Boraginales,Boraginaceae,Forget-Me-Not,Unknown
Redwood National Park,Vascular Plant,Boraginales,Boraginaceae,None,nan
Redwood National Park,Vascular Plant,Boraginales,Boraginaceae,Strict Forget-Me-Not,nan
Redwood National Park,Vascular Plant,Boraginales,Boraginaceae,Woodland Forget-Me-Not,Unknown
Redwood National Park,Vascular Plant,Boraginales,Boraginaceae,None,nan
Redwood National Park,Vascular Plant,Boraginales,Boraginaceae,Popcornflower,nan
Redwood National Park,Vascular Plant,Boraginales,Boraginaceae,Popcorn Flower,Unknown
Redwood National Park,Vascular Plant,Boraginales,Heliotropiaceae,"Quail Plant, Salt Heliotrope, Seaside Heliotrope",nan
Redwood National Park,Vascular Plant,Boraginales,Hydrophyllaceae,Waterleaf,nan
Redwood National Park,Vascular Plant,Boraginales,Hydrophyllaceae,Waterleaf,Unknown
Redwood National Park,Vascular Plant,Boraginales,Hydrophyllaceae,Waterleaf,Unknown
Redwood National Park,Vascular Plant,Boraginales,Hydrophyllaceae,"Baby Blue Eyes, Blue-Eyes",nan
Redwood National Park,Vascular Plant,Boraginales,Hydrophyllaceae,"Baby Blue Eyes, Baby Blue-Eyes",Uncommon
Redwood National Park,Vascular Plant,Boraginales,Hydrophyllaceae,None,nan
Redwood National Park,Vascular Plant,Boraginales,Hydrophyllaceae,Baby Blue Eyes,nan
Redwood National Park,Vascular Plant,Boraginales,Hydrophyllaceae,"Smallflower Blue-Eyes, Smallflower Nemophila",Uncommon
Redwood National Park,Vascular Plant,Boraginales,Hydrophyllaceae,Smallflower Nemophila,Unknown
Redwood National Park,Vascular Plant,Boraginales,Hydrophyllaceae,Scorpion-Weed,nan
Redwood National Park,Vascular Plant,Boraginales,Hydrophyllaceae,"Sand Dune Phacelia, Sanddune Phacelia",nan
Redwood National Park,Vascular Plant,Boraginales,Hydrophyllaceae,Bolander's Phacelia,Uncommon
Redwood National Park,Vascular Plant,Boraginales,Hydrophyllaceae,Serpentine Phacelia,nan
Redwood National Park,Vascular Plant,Boraginales,Hydrophyllaceae,"Variable-Leaf Scorpion-Weed, Varileaf Phacelia, Virgate Phacelia, Wand Phacelia",nan
Redwood National Park,Vascular Plant,Boraginales,Hydrophyllaceae,Varileaf Phacelia,Unknown
Redwood National Park,Vascular Plant,Boraginales,Hydrophyllaceae,Shade Phacelia,Unknown
Redwood National Park,Vascular Plant,Boraginales,Hydrophyllaceae,"Branched Scorpion-Weed, Branching Phacelia",Unknown
Redwood National Park,Vascular Plant,Boraginales,Hydrophyllaceae,Mistmaiden,nan
Redwood National Park,Vascular Plant,Brassicales,Brassicaceae,Tower Mustard,Unknown
Redwood National Park,Vascular Plant,Brassicales,Brassicaceae,"Rock Cress, Tower Rockcress",Unknown
Redwood National Park,Vascular Plant,Brassicales,Brassicaceae,Mountain Rockcress,Unknown
Redwood National Park,Vascular Plant,Brassicales,Brassicaceae,Mcdonald's Rock Cress,nan
Redwood National Park,Vascular Plant,Brassicales,Brassicaceae,Wintercress,Unknown
Redwood National Park,Vascular Plant,Brassicales,Brassicaceae,None,nan
Redwood National Park,Vascular Plant,Brassicales,Brassicaceae,None,Unknown
Redwood National Park,Vascular Plant,Brassicales,Brassicaceae,Mustard,nan
Redwood National Park,Vascular Plant,Brassicales,Brassicaceae,None,Common
Redwood National Park,Vascular Plant,Brassicales,Brassicaceae,Black Mustard,Common
Redwood National Park,Vascular Plant,Brassicales,Brassicaceae,"Field Mustard, Turnip",Common
Redwood National Park,Vascular Plant,Brassicales,Brassicaceae,American Searocket,nan
Redwood National Park,Vascular Plant,Brassicales,Brassicaceae,None,nan
Redwood National Park,Vascular Plant,Brassicales,Brassicaceae,Sea Rocket,Common
Redwood National Park,Vascular Plant,Brassicales,Brassicaceae,Shepherds Purse,Unknown
Redwood National Park,Vascular Plant,Brassicales,Brassicaceae,Seaside Bittercress,nan
Redwood National Park,Vascular Plant,Brassicales,Brassicaceae,Milkmaids,nan
Redwood National Park,Vascular Plant,Brassicales,Brassicaceae,Milkmaids,nan
Redwood National Park,Vascular Plant,Brassicales,Brassicaceae,Toothwort,nan
Redwood National Park,Vascular Plant,Brassicales,Brassicaceae,Toothwort,Uncommon
Redwood National Park,Vascular Plant,Brassicales,Brassicaceae,Yellow-Tubered Toothwort,nan
Redwood National Park,Vascular Plant,Brassicales,Brassicaceae,Hairy Bittercress,nan
Redwood National Park,Vascular Plant,Brassicales,Brassicaceae,None,nan
Redwood National Park,Vascular Plant,Brassicales,Brassicaceae,None,Unknown
Redwood National Park,Vascular Plant,Brassicales,Brassicaceae,None,nan
Redwood National Park,Vascular Plant,Brassicales,Brassicaceae,Yellow-Tubered Toothwort,nan
Redwood National Park,Vascular Plant,Brassicales,Brassicaceae,Bittercress,Common
Redwood National Park,Vascular Plant,Brassicales,Brassicaceae,Wartcress,Uncommon
Redwood National Park,Vascular Plant,Brassicales,Brassicaceae,None,nan
Redwood National Park,Vascular Plant,Brassicales,Brassicaceae,None,nan
Redwood National Park,Vascular Plant,Brassicales,Brassicaceae,None,nan
Redwood National Park,Vascular Plant,Brassicales,Brassicaceae,None,nan
Redwood National Park,Vascular Plant,Brassicales,Brassicaceae,"Coast Wallflower, Sand Dune Wallflower, Western Wallflower",Unknown
Redwood National Park,Vascular Plant,Brassicales,Brassicaceae,Western Wall Flower,Unknown
Redwood National Park,Vascular Plant,Brassicales,Brassicaceae,San Francisco Wall Flower,nan
Redwood National Park,Vascular Plant,Brassicales,Brassicaceae,Menzies' Wallflower,nan
Redwood National Park,Vascular Plant,Brassicales,Brassicaceae,None,nan
Redwood National Park,Vascular Plant,Brassicales,Brassicaceae,Woad,Unknown
Redwood National Park,Vascular Plant,Brassicales,Brassicaceae,Veiny Pepperweed,nan
Redwood National Park,Vascular Plant,Brassicales,Brassicaceae,None,nan
Redwood National Park,Vascular Plant,Brassicales,Brassicaceae,Jointed Charlock,Common
Redwood National Park,Vascular Plant,Brassicales,Brassicaceae,Radish,nan
Redwood National Park,Vascular Plant,Brassicales,Brassicaceae,Wild Radish,Common
Redwood National Park,Vascular Plant,Brassicales,Brassicaceae,Curvepod Yellowcress,nan
Redwood National Park,Vascular Plant,Brassicales,Brassicaceae,Watercress,Uncommon
Redwood National Park,Vascular Plant,Brassicales,Brassicaceae,"Hedge Mustard, Hedgemustard",nan
Redwood National Park,Vascular Plant,Brassicales,Brassicaceae,Tumble Or Jim Hil Mustard,Unknown
Redwood National Park,Vascular Plant,Brassicales,Brassicaceae,Hedge Mustard,Uncommon
Redwood National Park,Vascular Plant,Brassicales,Brassicaceae,None,nan
Redwood National Park,Vascular Plant,Brassicales,Brassicaceae,Kneeland Prairie Pennycress,nan
Redwood National Park,Vascular Plant,Brassicales,Brassicaceae,Kneeland Prairie Pennycress,nan
Redwood National Park,Vascular Plant,Brassicales,Limnanthaceae,Douglas' Meadowfoam,Unknown
Redwood National Park,Vascular Plant,Brassicales,Tropaeolaceae,Nasturtium,nan
Redwood National Park,Vascular Plant,Buxales,Buxaceae,Littleleaf Boxwood,Unknown
Redwood National Park,Vascular Plant,Caryophyllales,Aizoaceae,"Hottentot Fig, Ice Plant, Sea Fig Iceplant",nan
Redwood National Park,Vascular Plant,Caryophyllales,Aizoaceae,Sea Fig,Uncommon
Redwood National Park,Vascular Plant,Caryophyllales,Aizoaceae,"Freeway Iceplant, Hottentot-Fig",nan
Redwood National Park,Vascular Plant,Caryophyllales,Aizoaceae,Iceplant,nan
Redwood National Park,Vascular Plant,Caryophyllales,Aizoaceae,None,nan
Redwood National Park,Vascular Plant,Caryophyllales,Aizoaceae,"Slenderleaf Iceplant, Slender-Leaf Iceplant",nan
Redwood National Park,Vascular Plant,Caryophyllales,Aizoaceae,New-Zealand-Spinach,Uncommon
Redwood National Park,Vascular Plant,Caryophyllales,Amaranthaceae,"Fat-Hen, Spear Oracle",nan
Redwood National Park,Vascular Plant,Caryophyllales,Amaranthaceae,"Lamb's Quarters, Pigweed",Uncommon
Redwood National Park,Vascular Plant,Caryophyllales,Amaranthaceae,"Mexican Tea, Mexican-Tea",Common
Redwood National Park,Vascular Plant,Caryophyllales,Amaranthaceae,"Goosefoot, Jerusalem Oak",Uncommon
Redwood National Park,Vascular Plant,Caryophyllales,Amaranthaceae,Largeseed Goosefoot,nan
Redwood National Park,Vascular Plant,Caryophyllales,Cactaceae,None,nan
Redwood National Park,Vascular Plant,Caryophyllales,Caryophyllaceae,None,nan
Redwood National Park,Vascular Plant,Caryophyllales,Caryophyllaceae,None,Unknown
Redwood National Park,Vascular Plant,Caryophyllales,Caryophyllaceae,None,nan
Redwood National Park,Vascular Plant,Caryophyllales,Caryophyllaceae,Howell's Sandwort,nan
Redwood National Park,Vascular Plant,Caryophyllales,Caryophyllaceae,None,nan
Redwood National Park,Vascular Plant,Caryophyllales,Caryophyllaceae,None,nan
Redwood National Park,Vascular Plant,Caryophyllales,Caryophyllaceae,Sandcarpet,Unknown
Redwood National Park,Vascular Plant,Caryophyllales,Caryophyllaceae,"Chickweed, Mouse-Ear Chickweed",nan
Redwood National Park,Vascular Plant,Caryophyllales,Caryophyllaceae,Field Chickweed,Common
Redwood National Park,Vascular Plant,Caryophyllales,Caryophyllaceae,"Common Chickweed, Common Mouse-Ear Chickweed, Mouse-Ear Chickweed",nan
Redwood National Park,Vascular Plant,Caryophyllales,Caryophyllaceae,Mouse-Ear Chickweed,Unknown
Redwood National Park,Vascular Plant,Caryophyllales,Caryophyllaceae,None,Unknown
Redwood National Park,Vascular Plant,Caryophyllales,Caryophyllaceae,California Sandwort,Unknown
Redwood National Park,Vascular Plant,Caryophyllales,Caryophyllaceae,Douglas' Sandwort,Unknown
Redwood National Park,Vascular Plant,Caryophyllales,Caryophyllaceae,Howell's Sandwort,Rare
Redwood National Park,Vascular Plant,Caryophyllales,Caryophyllaceae,Large Leaved Sandwort,Unknown
Redwood National Park,Vascular Plant,Caryophyllales,Caryophyllaceae,San Francisco Nailwort,nan
Redwood National Park,Vascular Plant,Caryophyllales,Caryophyllaceae,Hairypink,Rare
Redwood National Park,Vascular Plant,Caryophyllales,Caryophyllaceae,Four Leaved Allseed,Common
Redwood National Park,Vascular Plant,Caryophyllales,Caryophyllaceae,Pearlwort,nan
Redwood National Park,Vascular Plant,Caryophyllales,Caryophyllaceae,Stickystem Pearlwort,Common
Redwood National Park,Vascular Plant,Caryophyllales,Caryophyllaceae,None,nan
Redwood National Park,Vascular Plant,Caryophyllales,Caryophyllaceae,Arctic Pearlwort,Unknown
Redwood National Park,Vascular Plant,Caryophyllales,Caryophyllaceae,Pearlwort,Unknown
Redwood National Park,Vascular Plant,Caryophyllales,Caryophyllaceae,None,nan
Redwood National Park,Vascular Plant,Caryophyllales,Caryophyllaceae,"Bouncing Bet, Bouncingbet, Bouncingbet Soapweed, Soapwort, Sweet Betty",Uncommon
Redwood National Park,Vascular Plant,Caryophyllales,Caryophyllaceae,"Campion, Catchfly",nan
Redwood National Park,Vascular Plant,Caryophyllales,Caryophyllaceae,"Catchfly, Sleepy Campion, Sleepy Catchfly, Sleepy Silene",nan
Redwood National Park,Vascular Plant,Caryophyllales,Caryophyllaceae,California Indian Pink,Uncommon
Redwood National Park,Vascular Plant,Caryophyllales,Caryophyllaceae,Common Catchfly,Uncommon
Redwood National Park,Vascular Plant,Caryophyllales,Caryophyllaceae,Hooker's Campion,Uncommon
Redwood National Park,Vascular Plant,Caryophyllales,Caryophyllaceae,Hooker's Silene,nan
Redwood National Park,Vascular Plant,Caryophyllales,Caryophyllaceae,None,nan
Redwood National Park,Vascular Plant,Caryophyllales,Caryophyllaceae,None,nan
Redwood National Park,Vascular Plant,Caryophyllales,Caryophyllaceae,None,nan
Redwood National Park,Vascular Plant,Caryophyllales,Caryophyllaceae,None,nan
Redwood National Park,Vascular Plant,Caryophyllales,Caryophyllaceae,"Scouler's Campion, Scouler's Catchfly, Simple Campion",nan
Redwood National Park,Vascular Plant,Caryophyllales,Caryophyllaceae,Serpentine Catchfly,nan
Redwood National Park,Vascular Plant,Caryophyllales,Caryophyllaceae,None,nan
Redwood National Park,Vascular Plant,Caryophyllales,Caryophyllaceae,"Starwort, Stickwort",Unknown
Redwood National Park,Vascular Plant,Caryophyllales,Caryophyllaceae,None,nan
Redwood National Park,Vascular Plant,Caryophyllales,Caryophyllaceae,Sticky Sandspurry,nan
Redwood National Park,Vascular Plant,Caryophyllales,Caryophyllaceae,Sand Spurry,Uncommon
Redwood National Park,Vascular Plant,Caryophyllales,Caryophyllaceae,Starwort,nan
Redwood National Park,Vascular Plant,Caryophyllales,Caryophyllaceae,Northern Starwort,Rare
Redwood National Park,Vascular Plant,Caryophyllales,Caryophyllaceae,"Chickweed, Starwort",Unknown
Redwood National Park,Vascular Plant,Caryophyllales,Caryophyllaceae,Beach Starwort,nan
Redwood National Park,Vascular Plant,Caryophyllales,Caryophyllaceae,Common Chickweed,Common
Redwood National Park,Vascular Plant,Caryophyllales,Caryophyllaceae,Shining Chickweed,Unknown
Redwood National Park,Vascular Plant,Caryophyllales,Montiaceae,Red Maids,Uncommon
Redwood National Park,Vascular Plant,Caryophyllales,Montiaceae,None,nan
Redwood National Park,Vascular Plant,Caryophyllales,Montiaceae,Springbeauty,nan
Redwood National Park,Vascular Plant,Caryophyllales,Montiaceae,None,nan
Redwood National Park,Vascular Plant,Caryophyllales,Montiaceae,Serpentine Springbeauty,nan
Redwood National Park,Vascular Plant,Caryophyllales,Montiaceae,"Littleleaf Springbeauty, Streambank Springbeauty",nan
Redwood National Park,Vascular Plant,Caryophyllales,Montiaceae,Miner's Lettuce,Unknown
Redwood National Park,Vascular Plant,Caryophyllales,Montiaceae,None,nan
Redwood National Park,Vascular Plant,Caryophyllales,Montiaceae,Candyflower,Common
Redwood National Park,Vascular Plant,Caryophyllales,Montiaceae,Siberian Springbeauty,Unknown
Redwood National Park,Vascular Plant,Caryophyllales,Montiaceae,Washington Springbeauty,Unknown
Redwood National Park,Vascular Plant,Caryophyllales,Montiaceae,Cantelow's Lewisia,nan
Redwood National Park,Vascular Plant,Caryophyllales,Montiaceae,"Miner's Lettuce, Minerslettuce, Water Chickweed",nan
Redwood National Park,Vascular Plant,Caryophyllales,Montiaceae,"Toadlily, Water Indianlettuce, Water Miner's Lettuce, Water Minerslettuce",nan
Redwood National Park,Vascular Plant,Caryophyllales,Montiaceae,Spreading Minerslettuce,Unknown
Redwood National Park,Vascular Plant,Caryophyllales,Montiaceae,"Blinks, Toad Lily, Water Chickweed",Unknown
Redwood National Park,Vascular Plant,Caryophyllales,Montiaceae,"Howell's Minerslettuce, Howell's Montia",nan
Redwood National Park,Vascular Plant,Caryophyllales,Montiaceae,None,Unknown
Redwood National Park,Vascular Plant,Caryophyllales,Montiaceae,Littleleaf Minerslettuce,Unknown
Redwood National Park,Vascular Plant,Caryophyllales,Montiaceae,Miner's Lettuce,nan
Redwood National Park,Vascular Plant,Caryophyllales,Montiaceae,None,Common
Redwood National Park,Vascular Plant,Caryophyllales,Montiaceae,None,nan
Redwood National Park,Vascular Plant,Caryophyllales,Montiaceae,None,nan
Redwood National Park,Vascular Plant,Caryophyllales,Nyctaginaceae,Sand Verbena,nan
Redwood National Park,Vascular Plant,Caryophyllales,Nyctaginaceae,None,nan
Redwood National Park,Vascular Plant,Caryophyllales,Nyctaginaceae,Yellow Sand Verbena,Common
Redwood National Park,Vascular Plant,Caryophyllales,Nyctaginaceae,Pink Sand Verbena,Uncommon
Redwood National Park,Vascular Plant,Caryophyllales,Nyctaginaceae,Pink Sand Verbena,Uncommon
Redwood National Park,Vascular Plant,Caryophyllales,Nyctaginaceae,None,nan
Redwood National Park,Vascular Plant,Caryophyllales,Nyctaginaceae,None,nan
Redwood National Park,Vascular Plant,Caryophyllales,Nyctaginaceae,None,nan
Redwood National Park,Vascular Plant,Caryophyllales,Nyctaginaceae,None,nan
Redwood National Park,Vascular Plant,Caryophyllales,Nyctaginaceae,Four O'Clocks,nan
Redwood National Park,Vascular Plant,Caryophyllales,Plumbaginaceae,Thrift Seapink,nan
Redwood National Park,Vascular Plant,Caryophyllales,Plumbaginaceae,None,Unknown
Redwood National Park,Vascular Plant,Caryophyllales,Polygonaceae,"Buckwheat, Wild Buckwheat",nan
Redwood National Park,Vascular Plant,Caryophyllales,Polygonaceae,"Eastern Mojave Buckwheat, Flattop Buckwheat, Yellow Buckwheat",nan
Redwood National Park,Vascular Plant,Caryophyllales,Polygonaceae,Seaside Buckwheat,Uncommon
Redwood National Park,Vascular Plant,Caryophyllales,Polygonaceae,Wild Buckwheat,Unknown
Redwood National Park,Vascular Plant,Caryophyllales,Polygonaceae,Wild Buckwheat,Unknown
Redwood National Park,Vascular Plant,Caryophyllales,Polygonaceae,Wild Buckwheat,Unknown
Redwood National Park,Vascular Plant,Caryophyllales,Polygonaceae,Del Norte Buckwheat,nan
Redwood National Park,Vascular Plant,Caryophyllales,Polygonaceae,Waldo Buckwheat,nan
Redwood National Park,Vascular Plant,Caryophyllales,Polygonaceae,"Sulfur Buckwheat, Sulfur Eriogonum, Sulphur Flower Buckwheat, Sulphur Wildbuckwheat, Sulphur-Flower Buckwheat",nan
Redwood National Park,Vascular Plant,Caryophyllales,Polygonaceae,"Knotweed, Smartweed Species",nan
Redwood National Park,Vascular Plant,Caryophyllales,Polygonaceae,"Common Knotweed, Doorweed",Unknown
Redwood National Park,Vascular Plant,Caryophyllales,Polygonaceae,"Persian Knotweed, Silversheath Knotweed, Silver-Sheath Knotweed",Rare
Redwood National Park,Vascular Plant,Caryophyllales,Polygonaceae,"Prostrate Knotweed, Yard Knotweed",nan
Redwood National Park,Vascular Plant,Caryophyllales,Polygonaceae,Japanese Knotweed,nan
Redwood National Park,Vascular Plant,Caryophyllales,Polygonaceae,Douglas' Knotweed,Unknown
Redwood National Park,Vascular Plant,Caryophyllales,Polygonaceae,Scatter Knotweed,Unknown
Redwood National Park,Vascular Plant,Caryophyllales,Polygonaceae,Fowler's Knotweed,nan
Redwood National Park,Vascular Plant,Caryophyllales,Polygonaceae,Water Pepper,nan
Redwood National Park,Vascular Plant,Caryophyllales,Polygonaceae,Knotweed,Uncommon
Redwood National Park,Vascular Plant,Caryophyllales,Polygonaceae,Lady's Thumb,Unknown
Redwood National Park,Vascular Plant,Caryophyllales,Polygonaceae,Himalayan Knotweed,nan
Redwood National Park,Vascular Plant,Caryophyllales,Polygonaceae,Knotweed,Uncommon
Redwood National Park,Vascular Plant,Caryophyllales,Polygonaceae,"Bushy Knotweed, Tall Knotweed, Yellow Knotweed, Yellow-Flower Knotweed",nan
Redwood National Park,Vascular Plant,Caryophyllales,Polygonaceae,Giant Knotweed,nan
Redwood National Park,Vascular Plant,Caryophyllales,Polygonaceae,None,nan
Redwood National Park,Vascular Plant,Caryophyllales,Polygonaceae,Scatter Knotweed,Unknown
Redwood National Park,Vascular Plant,Caryophyllales,Polygonaceae,Dock,nan
Redwood National Park,Vascular Plant,Caryophyllales,Polygonaceae,None,nan
Redwood National Park,Vascular Plant,Caryophyllales,Polygonaceae,Sheep Sorrel,Common
Redwood National Park,Vascular Plant,Caryophyllales,Polygonaceae,Green Dock,nan
Redwood National Park,Vascular Plant,Caryophyllales,Polygonaceae,Curly Dock,Common
Redwood National Park,Vascular Plant,Caryophyllales,Polygonaceae,"Bristle Dock, Golden Dock",nan
Redwood National Park,Vascular Plant,Caryophyllales,Polygonaceae,Bitter Dock,Unknown
Redwood National Park,Vascular Plant,Caryophyllales,Polygonaceae,None,nan
Redwood National Park,Vascular Plant,Caryophyllales,Polygonaceae,None,nan
Redwood National Park,Vascular Plant,Caryophyllales,Polygonaceae,Western Dock,nan
Redwood National Park,Vascular Plant,Caryophyllales,Polygonaceae,Fiddle Dock,nan
Redwood National Park,Vascular Plant,Caryophyllales,Polygonaceae,Willow Dock,nan
Redwood National Park,Vascular Plant,Caryophyllales,Polygonaceae,Willow Dock,Uncommon
Redwood National Park,Vascular Plant,Caryophyllales,Polygonaceae,Willow Dock,nan
Redwood National Park,Vascular Plant,Caryophyllales,Polygonaceae,Willow Dock,Unknown
Redwood National Park,Vascular Plant,Caryophyllales,Polygonaceae,Willow Dock,nan
Redwood National Park,Vascular Plant,Celastrales,Celastraceae,"Western Burning Bush, Western Burningbush, Western Wahoo",Uncommon
Redwood National Park,Vascular Plant,Celastrales,Celastraceae,Western Burning Bush,Uncommon
Redwood National Park,Vascular Plant,Ceratophyllales,Ceratophyllaceae,"Common Hornwort, Coon's Tail, Coon's-Tail, Coontail, Hornwort",nan
Redwood National Park,Vascular Plant,Cornales,Cornaceae,Dogwood,nan
Redwood National Park,Vascular Plant,Cornales,Cornaceae,"Bunchberry Dogwood, Canadian Bunchberry",nan
Redwood National Park,Vascular Plant,Cornales,Cornaceae,None,nan
Redwood National Park,Vascular Plant,Cornales,Cornaceae,Brown Dogwood,Unknown
Redwood National Park,Vascular Plant,Cornales,Cornaceae,Mountain Dogwood,Uncommon
Redwood National Park,Vascular Plant,Cornales,Cornaceae,"Redosier, Redosier Dogwood",Uncommon
Redwood National Park,Vascular Plant,Cornales,Cornaceae,Dogwood,Uncommon
Redwood National Park,Vascular Plant,Cornales,Hydrangeaceae,"Mock Orange, Mockorange",nan
Redwood National Park,Vascular Plant,Cornales,Hydrangeaceae,California Mock Orange,Unknown
Redwood National Park,Vascular Plant,Cornales,Hydrangeaceae,Wild Mock Orange,Uncommon
Redwood National Park,Vascular Plant,Cornales,Hydrangeaceae,Gordon's Mockorange,nan
Redwood National Park,Vascular Plant,Cornales,Hydrangeaceae,None,nan
Redwood National Park,Vascular Plant,Cornales,Hydrangeaceae,"Modesty, Yerba De Selva",Common
Redwood National Park,Vascular Plant,Cucurbitales,Cucurbitaceae,None,nan
Redwood National Park,Vascular Plant,Cucurbitales,Cucurbitaceae,Manroot,nan
Redwood National Park,Vascular Plant,Cucurbitales,Cucurbitaceae,None,nan
Redwood National Park,Vascular Plant,Cucurbitales,Cucurbitaceae,None,nan
Redwood National Park,Vascular Plant,Cucurbitales,Cucurbitaceae,"Coast Manroot, Wild Cucumber",Common
Redwood National Park,Vascular Plant,Dipsacales,Adoxaceae,Elderberry,nan
Redwood National Park,Vascular Plant,Dipsacales,Adoxaceae,"Blue Elder, Blue Elderberry",nan
Redwood National Park,Vascular Plant,Dipsacales,Adoxaceae,None,nan
Redwood National Park,Vascular Plant,Dipsacales,Adoxaceae,Pacific Red Elder,nan
Redwood National Park,Vascular Plant,Dipsacales,Adoxaceae,None,nan
Redwood National Park,Vascular Plant,Dipsacales,Adoxaceae,"Blue Elder, Blue Elderberry, Blueberry Elder, Mexican Elder",nan
Redwood National Park,Vascular Plant,Dipsacales,Adoxaceae,Blue Elderberry,Unknown
Redwood National Park,Vascular Plant,Dipsacales,Adoxaceae,None,nan
Redwood National Park,Vascular Plant,Dipsacales,Adoxaceae,Red Elderberry,Unknown
Redwood National Park,Vascular Plant,Dipsacales,Adoxaceae,None,Unknown
Redwood National Park,Vascular Plant,Dipsacales,Adoxaceae,None,nan
Redwood National Park,Vascular Plant,Dipsacales,Adoxaceae,"Pacific Red Elder, Red Elderberry, Red Elderberyy",nan
Redwood National Park,Vascular Plant,Dipsacales,Adoxaceae,None,nan
Redwood National Park,Vascular Plant,Dipsacales,Adoxaceae,"Bunchberry Elder, Red Elderberry",nan
Redwood National Park,Vascular Plant,Dipsacales,Adoxaceae,None,nan
Redwood National Park,Vascular Plant,Dipsacales,Caprifoliaceae,Honeysuckle,nan
Redwood National Park,Vascular Plant,Dipsacales,Caprifoliaceae,Pink Honeysuckle,Common
Redwood National Park,Vascular Plant,Dipsacales,Caprifoliaceae,Hairy Honeysuckle,Common
Redwood National Park,Vascular Plant,Dipsacales,Caprifoliaceae,Twinberry,Uncommon
Redwood National Park,Vascular Plant,Dipsacales,Caprifoliaceae,Twinberry,Uncommon
Redwood National Park,Vascular Plant,Dipsacales,Caprifoliaceae,Snowberry,nan
Redwood National Park,Vascular Plant,Dipsacales,Caprifoliaceae,Common Snowberry,nan
Redwood National Park,Vascular Plant,Dipsacales,Caprifoliaceae,Common Snowberry,Uncommon
Redwood National Park,Vascular Plant,Dipsacales,Caprifoliaceae,"Creeping Snowberry, Tripvine",Unknown
Redwood National Park,Vascular Plant,Dipsacales,Caprifoliaceae,None,nan
Redwood National Park,Vascular Plant,Dipsacales,Dipsacaceae,"Common Teasel, Fuller's Teasel, Teasel, Venuscup Teasle",Uncommon
Redwood National Park,Vascular Plant,Dipsacales,Dipsacaceae,Indian Teasel,nan
Redwood National Park,Vascular Plant,Dipsacales,Dipsacaceae,"Common Teasel, Fuller's Teasel",nan
Redwood National Park,Vascular Plant,Dipsacales,Linnaeaceae,Glossy Abelia,Unknown
Redwood National Park,Vascular Plant,Dipsacales,Linnaeaceae,Twinflower,nan
Redwood National Park,Vascular Plant,Dipsacales,Linnaeaceae,Longtube Twinflower,nan
Redwood National Park,Vascular Plant,Dipsacales,Linnaeaceae,None,nan
Redwood National Park,Vascular Plant,Dipsacales,Valerianaceae,Jupiter's Beard,Rare
Redwood National Park,Vascular Plant,Dipsacales,Valerianaceae,None,nan
Redwood National Park,Vascular Plant,Dipsacales,Valerianaceae,"Longspur Seablush, Long-Spur Seablush",nan
Redwood National Park,Vascular Plant,Dipsacales,Valerianaceae,Sea Blush,Unknown
Redwood National Park,Vascular Plant,Dipsacales,Valerianaceae,Shortspur Seablush,nan
Redwood National Park,Vascular Plant,Dipsacales,Valerianaceae,Shortspur Seablush,nan
Redwood National Park,Vascular Plant,Dipsacales,Valerianaceae,None,nan
Redwood National Park,Vascular Plant,Dipsacales,Valerianaceae,"Longhorn Plectritis, White Cornsalad",Unknown
Redwood National Park,Vascular Plant,Dipsacales,Valerianaceae,Valerian,nan
Redwood National Park,Vascular Plant,Dipsacales,Valerianaceae,Valerian,Uncommon
Redwood National Park,Vascular Plant,Dipsacales,Valerianaceae,"Scouler's Valerian, Sitka Valerian",Uncommon
Redwood National Park,Vascular Plant,Equisetales,Equisetaceae,"Horsetail, Scouring Rush, Scouringrush",nan
Redwood National Park,Vascular Plant,Equisetales,Equisetaceae,"Common Horsetail, Field Horsetail, Scouringrush, Western Horsetail",nan
Redwood National Park,Vascular Plant,Equisetales,Equisetaceae,"Horsetail, Scouring Horsetail, Scouringrush, Scouringrush Horsetail, Tall Scouring-Rush, Western Scouringrush",nan
Redwood National Park,Vascular Plant,Equisetales,Equisetaceae,Scouringrush Horsetail,Uncommon
Redwood National Park,Vascular Plant,Equisetales,Equisetaceae,None,nan
Redwood National Park,Vascular Plant,Equisetales,Equisetaceae,Giant Horsetail,nan
Redwood National Park,Vascular Plant,Equisetales,Equisetaceae,Giant Horsetail,nan
Redwood National Park,Vascular Plant,Equisetales,Equisetaceae,Giant Horsetail,Common
Redwood National Park,Vascular Plant,Equisetales,Equisetaceae,None,nan
Redwood National Park,Vascular Plant,Ericales,Ericaceae,Sugarstick,Uncommon
Redwood National Park,Vascular Plant,Ericales,Ericaceae,Madrones,nan
Redwood National Park,Vascular Plant,Ericales,Ericaceae,Pacific Madrone,Common
Redwood National Park,Vascular Plant,Ericales,Ericaceae,None,nan
Redwood National Park,Vascular Plant,Ericales,Ericaceae,Strawberry Tree,Rare
Redwood National Park,Vascular Plant,Ericales,Ericaceae,"Bearberry, Manzanitas",nan
Redwood National Park,Vascular Plant,Ericales,Ericaceae,Hoary Manzanita,Uncommon
Redwood National Park,Vascular Plant,Ericales,Ericaceae,None,Uncommon
Redwood National Park,Vascular Plant,Ericales,Ericaceae,Gray Manzantia,nan
Redwood National Park,Vascular Plant,Ericales,Ericaceae,Hairy Manzanita,Uncommon
Redwood National Park,Vascular Plant,Ericales,Ericaceae,Eastwood's Manzanita,nan
Redwood National Park,Vascular Plant,Ericales,Ericaceae,Howell's Manzanita,Unknown
Redwood National Park,Vascular Plant,Ericales,Ericaceae,Whiteleaf Manzanita,Uncommon
Redwood National Park,Vascular Plant,Ericales,Ericaceae,Pinemat Manzanita,Uncommon
Redwood National Park,Vascular Plant,Ericales,Ericaceae,"Pinemat Manzanita, Pine-Mat Manzanita",Uncommon
Redwood National Park,Vascular Plant,Ericales,Ericaceae,Del Norte Manzanita,nan
Redwood National Park,Vascular Plant,Ericales,Ericaceae,None,nan
Redwood National Park,Vascular Plant,Ericales,Ericaceae,None,nan
Redwood National Park,Vascular Plant,Ericales,Ericaceae,Bearberry,Uncommon
Redwood National Park,Vascular Plant,Ericales,Ericaceae,"Sticky Whiteleaf Manzanita, Whiteleaf Manzanita",Uncommon
Redwood National Park,Vascular Plant,Ericales,Ericaceae,"Pipsissewa, Prince's Pine",nan
Redwood National Park,Vascular Plant,Ericales,Ericaceae,Little Prince's Pine,Uncommon
Redwood National Park,Vascular Plant,Ericales,Ericaceae,"Pipsissewa, Prince's Pine",Uncommon
Redwood National Park,Vascular Plant,Ericales,Ericaceae,Pipsissewa,Unknown
Redwood National Park,Vascular Plant,Ericales,Ericaceae,None,nan
Redwood National Park,Vascular Plant,Ericales,Ericaceae,None,nan
Redwood National Park,Vascular Plant,Ericales,Ericaceae,Black Crowberry,nan
Redwood National Park,Vascular Plant,Ericales,Ericaceae,None,nan
Redwood National Park,Vascular Plant,Ericales,Ericaceae,Black Crowberry,nan
Redwood National Park,Vascular Plant,Ericales,Ericaceae,Spanish Heath,Rare
Redwood National Park,Vascular Plant,Ericales,Ericaceae,"Snowberry, Wintergreen",nan
Redwood National Park,Vascular Plant,Ericales,Ericaceae,Salal,Common
Redwood National Park,Vascular Plant,Ericales,Ericaceae,Gnome Plant,Unknown
Redwood National Park,Vascular Plant,Ericales,Ericaceae,"Glandular Labrador Tea, Western Labrador Tea",nan
Redwood National Park,Vascular Plant,Ericales,Ericaceae,None,nan
Redwood National Park,Vascular Plant,Ericales,Ericaceae,"False Azalea, Mock Azalea",Uncommon
Redwood National Park,Vascular Plant,Ericales,Ericaceae,None,nan
Redwood National Park,Vascular Plant,Ericales,Ericaceae,Woodnymph,Unknown
Redwood National Park,Vascular Plant,Ericales,Ericaceae,None,Unknown
Redwood National Park,Vascular Plant,Ericales,Ericaceae,Pinesap,Uncommon
Redwood National Park,Vascular Plant,Ericales,Ericaceae,Indian-Pipe,Uncommon
Redwood National Park,Vascular Plant,Ericales,Ericaceae,California Pinefoot,Uncommon
Redwood National Park,Vascular Plant,Ericales,Ericaceae,California Pinefoot,Uncommon
Redwood National Park,Vascular Plant,Ericales,Ericaceae,"Fringed Pinesap, Sierra Sap",Unknown
Redwood National Park,Vascular Plant,Ericales,Ericaceae,Long Bracted Wintergreen,Uncommon
Redwood National Park,Vascular Plant,Ericales,Ericaceae,None,nan
Redwood National Park,Vascular Plant,Ericales,Ericaceae,Long-Bracted Wintergreen,Uncommon
Redwood National Park,Vascular Plant,Ericales,Ericaceae,White-Veined Wintergreen,Uncommon
Redwood National Park,Vascular Plant,Ericales,Ericaceae,None,nan
Redwood National Park,Vascular Plant,Ericales,Ericaceae,None,nan
Redwood National Park,Vascular Plant,Ericales,Ericaceae,"Azaleas, Rhododendron",nan
Redwood National Park,Vascular Plant,Ericales,Ericaceae,None,nan
Redwood National Park,Vascular Plant,Ericales,Ericaceae,None,nan
Redwood National Park,Vascular Plant,Ericales,Ericaceae,None,nan
Redwood National Park,Vascular Plant,Ericales,Ericaceae,California Rose-Bay,Common
Redwood National Park,Vascular Plant,Ericales,Ericaceae,Western Azalea,Uncommon
Redwood National Park,Vascular Plant,Ericales,Ericaceae,Western Azalea,nan
Redwood National Park,Vascular Plant,Ericales,Ericaceae,None,nan
Redwood National Park,Vascular Plant,Ericales,Ericaceae,Snowplant,nan
Redwood National Park,Vascular Plant,Ericales,Ericaceae,"Blueberries, Blueberry, Huckleberry",nan
Redwood National Park,Vascular Plant,Ericales,Ericaceae,Evergreen Or Ca Huckleberry,Abundant
Redwood National Park,Vascular Plant,Ericales,Ericaceae,None,nan
Redwood National Park,Vascular Plant,Ericales,Ericaceae,None,nan
Redwood National Park,Vascular Plant,Ericales,Ericaceae,Red Huckleberry,Common
Redwood National Park,Vascular Plant,Ericales,Ericaceae,None,nan
Redwood National Park,Vascular Plant,Ericales,Polemoniaceae,Varied Leaf Collomia,Uncommon
Redwood National Park,Vascular Plant,Ericales,Polemoniaceae,None,nan
Redwood National Park,Vascular Plant,Ericales,Polemoniaceae,Blue Field Gilia,Unknown
Redwood National Park,Vascular Plant,Ericales,Polemoniaceae,Bluehead Gilia,nan
Redwood National Park,Vascular Plant,Ericales,Polemoniaceae,Blue Field Gilia,Unknown
Redwood National Park,Vascular Plant,Ericales,Polemoniaceae,None,nan
Redwood National Park,Vascular Plant,Ericales,Polemoniaceae,None,nan
Redwood National Park,Vascular Plant,Ericales,Polemoniaceae,False Babystars,Unknown
Redwood National Park,Vascular Plant,Ericales,Polemoniaceae,True Babystars,Unknown
Redwood National Park,Vascular Plant,Ericales,Polemoniaceae,True Babystars,Unknown
Redwood National Park,Vascular Plant,Ericales,Polemoniaceae,Slender Phlox,nan
Redwood National Park,Vascular Plant,Ericales,Polemoniaceae,None,nan
Redwood National Park,Vascular Plant,Ericales,Polemoniaceae,"Needleleaf Navarretia, Needle-Leaf Pincushion-Plant",nan
Redwood National Park,Vascular Plant,Ericales,Polemoniaceae,Honeyscented Pincushionplant,nan
Redwood National Park,Vascular Plant,Ericales,Polemoniaceae,Skunkbush,Uncommon
Redwood National Park,Vascular Plant,Ericales,Polemoniaceae,Northern Phlox,nan
Redwood National Park,Vascular Plant,Ericales,Polemoniaceae,Spreading Phlox,Unknown
Redwood National Park,Vascular Plant,Ericales,Polemoniaceae,Spreading Phlox,Unknown
Redwood National Park,Vascular Plant,Ericales,Polemoniaceae,Slender Phlox,Unknown
Redwood National Park,Vascular Plant,Ericales,Polemoniaceae,Showy Phlox,nan
Redwood National Park,Vascular Plant,Ericales,Polemoniaceae,Showy Phlox,Unknown
Redwood National Park,Vascular Plant,Ericales,Polemoniaceae,None,nan
Redwood National Park,Vascular Plant,Ericales,Polemoniaceae,Royal Jacob's-Ladder,nan
Redwood National Park,Vascular Plant,Ericales,Primulaceae,"Poorman's W, Scarlet Pimpernel",Common
Redwood National Park,Vascular Plant,Ericales,Primulaceae,None,nan
Redwood National Park,Vascular Plant,Ericales,Primulaceae,"Mosquito Bills, Shooting Star",Uncommon
Redwood National Park,Vascular Plant,Ericales,Primulaceae,Arctic Starflower,nan
Redwood National Park,Vascular Plant,Ericales,Primulaceae,Broadleaf Starflower,nan
Redwood National Park,Vascular Plant,Ericales,Primulaceae,Arctic Starflower,nan
Redwood National Park,Vascular Plant,Ericales,Primulaceae,None,nan
Redwood National Park,Vascular Plant,Ericales,Primulaceae,Starflower,Uncommon
Redwood National Park,Vascular Plant,Ericales,Sarraceniaceae,"Calf's Head, California Pitcherplant, Cobra Lily, Cobra Plant",nan
Redwood National Park,Vascular Plant,Ericales,Theaceae,Camellia,Uncommon
Redwood National Park,Vascular Plant,Escalloniales,Escalloniaceae,Escallonia,Common
Redwood National Park,Vascular Plant,Fabales,Fabaceae,None,nan
Redwood National Park,Vascular Plant,Fabales,Fabaceae,"Mimosa, Silver Wattle",Uncommon
Redwood National Park,Vascular Plant,Fabales,Fabaceae,"Black Wattle, Green Wattle",nan
Redwood National Park,Vascular Plant,Fabales,Fabaceae,Black Wattle,Occasional
Redwood National Park,Vascular Plant,Fabales,Fabaceae,"Locoweed, Milkvetch",nan
Redwood National Park,Vascular Plant,Fabales,Fabaceae,"Humboldt County Milkvetch, Humboldt Milk-Vetch",nan
Redwood National Park,Vascular Plant,Fabales,Fabaceae,Coastal Marsh Milkvetch,nan
Redwood National Park,Vascular Plant,Fabales,Fabaceae,Rattan's Milkvetch,nan
Redwood National Park,Vascular Plant,Fabales,Fabaceae,Broom,nan
Redwood National Park,Vascular Plant,Fabales,Fabaceae,French Broom,nan
Redwood National Park,Vascular Plant,Fabales,Fabaceae,White Spanishbroom,Rare
Redwood National Park,Vascular Plant,Fabales,Fabaceae,None,nan
Redwood National Park,Vascular Plant,Fabales,Fabaceae,Scotch Broom,Common
Redwood National Park,Vascular Plant,Fabales,Fabaceae,French Broom,Uncommon
Redwood National Park,Vascular Plant,Fabales,Fabaceae,"Pea, Peavine, Sweet Pea, Vetchling",nan
Redwood National Park,Vascular Plant,Fabales,Fabaceae,Two-Flowered Pea,nan
Redwood National Park,Vascular Plant,Fabales,Fabaceae,Pea,Unknown
Redwood National Park,Vascular Plant,Fabales,Fabaceae,None,nan
Redwood National Park,Vascular Plant,Fabales,Fabaceae,Del Norte Pea,Uncommon
Redwood National Park,Vascular Plant,Fabales,Fabaceae,None,nan
Redwood National Park,Vascular Plant,Fabales,Fabaceae,Sand Pea,Uncommon
Redwood National Park,Vascular Plant,Fabales,Fabaceae,Sand Pea,Uncommon
Redwood National Park,Vascular Plant,Fabales,Fabaceae,Everlasting Pea,nan
Redwood National Park,Vascular Plant,Fabales,Fabaceae,Everlasting Pea,Common
Redwood National Park,Vascular Plant,Fabales,Fabaceae,None,nan
Redwood National Park,Vascular Plant,Fabales,Fabaceae,"Gray Beach Pea, Silky Beach Pea",Uncommon
Redwood National Park,Vascular Plant,Fabales,Fabaceae,Sierra Pea,nan
Redwood National Park,Vascular Plant,Fabales,Fabaceae,Sierra Pea,Unknown
Redwood National Park,Vascular Plant,Fabales,Fabaceae,Sierra Nevada Pea,Unknown
Redwood National Park,Vascular Plant,Fabales,Fabaceae,Marsh Pea,Rare
Redwood National Park,Vascular Plant,Fabales,Fabaceae,"Fewflower Pea, Few-Flower Vetchling",nan
Redwood National Park,Vascular Plant,Fabales,Fabaceae,None,Unknown
Redwood National Park,Vascular Plant,Fabales,Fabaceae,None,nan
Redwood National Park,Vascular Plant,Fabales,Fabaceae,"Leafy Pea, Oregon Pea",nan
Redwood National Park,Vascular Plant,Fabales,Fabaceae,Smooth Pod Pea,Unknown
Redwood National Park,Vascular Plant,Fabales,Fabaceae,Redwood Pea,Unknown
Redwood National Park,Vascular Plant,Fabales,Fabaceae,Pacific Pea,Unknown
Redwood National Park,Vascular Plant,Fabales,Fabaceae,Bolander's Pea,nan
Redwood National Park,Vascular Plant,Fabales,Fabaceae,None,nan
Redwood National Park,Vascular Plant,Fabales,Fabaceae,Common Pacific Pea,Unknown
Redwood National Park,Vascular Plant,Fabales,Fabaceae,None,Unknown
Redwood National Park,Vascular Plant,Fabales,Fabaceae,"Deervetch, Trefoil",nan
Redwood National Park,Vascular Plant,Fabales,Fabaceae,None,nan
Redwood National Park,Vascular Plant,Fabales,Fabaceae,None,Unknown
Redwood National Park,Vascular Plant,Fabales,Fabaceae,Rosy Bird's-Foot Trefoil,Uncommon
Redwood National Park,Vascular Plant,Fabales,Fabaceae,None,nan
Redwood National Park,Vascular Plant,Fabales,Fabaceae,Birdfoot Trefoil,Unknown
Redwood National Park,Vascular Plant,Fabales,Fabaceae,Big Deervetch,nan
Redwood National Park,Vascular Plant,Fabales,Fabaceae,Seaside Bird's-Foot Trefoil,Unknown
Redwood National Park,Vascular Plant,Fabales,Fabaceae,"Foothill Deervetch, Maresfat",nan
Redwood National Park,Vascular Plant,Fabales,Fabaceae,Desert Deervetch,Common
Redwood National Park,Vascular Plant,Fabales,Fabaceae,"Narrowleaf Trefoil, Streambank Bird's-Foot Trefoil, Streambank Bird's-Foot-Trefoil",Uncommon
Redwood National Park,Vascular Plant,Fabales,Fabaceae,None,nan
Redwood National Park,Vascular Plant,Fabales,Fabaceae,Meadow Bird's-Foot Trefoil,Unknown
Redwood National Park,Vascular Plant,Fabales,Fabaceae,None,Common
Redwood National Park,Vascular Plant,Fabales,Fabaceae,California Broom,nan
Redwood National Park,Vascular Plant,Fabales,Fabaceae,Balsam Bird's-Foot Trefoil,nan
Redwood National Park,Vascular Plant,Fabales,Fabaceae,None,nan
Redwood National Park,Vascular Plant,Fabales,Fabaceae,"Big Trefoil, Greater Bird's-Foot Trefoil, Loto De Los Pantanos",Unknown
Redwood National Park,Vascular Plant,Fabales,Fabaceae,Chilean Bird's-Foot Trefoil,nan
Redwood National Park,Vascular Plant,Fabales,Fabaceae,Lupine,nan
Redwood National Park,Vascular Plant,Fabales,Fabaceae,Silver Lupine,nan
Redwood National Park,Vascular Plant,Fabales,Fabaceae,Yellow Bush Lupine,Uncommon
Redwood National Park,Vascular Plant,Fabales,Fabaceae,Miniature Annual Lupine,Unknown
Redwood National Park,Vascular Plant,Fabales,Fabaceae,Miniature Lupine,Unknown
Redwood National Park,Vascular Plant,Fabales,Fabaceae,Miniature Lupine,nan
Redwood National Park,Vascular Plant,Fabales,Fabaceae,Chamisso Bush Lupine,nan
Redwood National Park,Vascular Plant,Fabales,Fabaceae,Broad-Leafed Lupine,Common
Redwood National Park,Vascular Plant,Fabales,Fabaceae,Broadleaf Lupine,Common
Redwood National Park,Vascular Plant,Fabales,Fabaceae,Coastal Lupine,Unknown
Redwood National Park,Vascular Plant,Fabales,Fabaceae,"Annual Lupine, Sky Lupine",Uncommon
Redwood National Park,Vascular Plant,Fabales,Fabaceae,Riverbank Lupine,Common
Redwood National Park,Vascular Plant,Fabales,Fabaceae,None,nan
Redwood National Park,Vascular Plant,Fabales,Fabaceae,Alfalfa,nan
Redwood National Park,Vascular Plant,Fabales,Fabaceae,Spotted Burclover,Unknown
Redwood National Park,Vascular Plant,Fabales,Fabaceae,None,nan
Redwood National Park,Vascular Plant,Fabales,Fabaceae,"Black Medic, Black Medic Clover, Black Medick, Hop Clover, Hop Medic, Nonesuch, Yellow Trefoil",Unknown
Redwood National Park,Vascular Plant,Fabales,Fabaceae,"California Burclover, Medick",Unknown
Redwood National Park,Vascular Plant,Fabales,Fabaceae,Lucerne,Uncommon
Redwood National Park,Vascular Plant,Fabales,Fabaceae,"Sweet Clover, Sweetclover",nan
Redwood National Park,Vascular Plant,Fabales,Fabaceae,White Sweetclover,Uncommon
Redwood National Park,Vascular Plant,Fabales,Fabaceae,"Bokhara-Clover, Honey-Clover, White Melilot, White Sweet-Clover",nan
Redwood National Park,Vascular Plant,Fabales,Fabaceae,Sourclover,Unknown
Redwood National Park,Vascular Plant,Fabales,Fabaceae,"Annual Yellow Sweetclover, Indian Sweet-Clover",nan
Redwood National Park,Vascular Plant,Fabales,Fabaceae,None,Unknown
Redwood National Park,Vascular Plant,Fabales,Fabaceae,Black Locust,Rare
Redwood National Park,Vascular Plant,Fabales,Fabaceae,Black Locust,Rare
Redwood National Park,Vascular Plant,Fabales,Fabaceae,Rupert's Scurf Pea,Unknown
Redwood National Park,Vascular Plant,Fabales,Fabaceae,"Spanish Broom, Weaver's Broom",Rare
Redwood National Park,Vascular Plant,Fabales,Fabaceae,Clover,nan
Redwood National Park,Vascular Plant,Fabales,Fabaceae,Rancheria Clover,Unknown
Redwood National Park,Vascular Plant,Fabales,Fabaceae,None,Unknown
Redwood National Park,Vascular Plant,Fabales,Fabaceae,"Hairy Clover, Hare's Foot Clover, Oldfield Clover, Rabbitfoot Clover, Rabbit-Foot Clover, Stone Clover",Unknown
Redwood National Park,Vascular Plant,Fabales,Fabaceae,Bearded Clover,nan
Redwood National Park,Vascular Plant,Fabales,Fabaceae,Notchleaf Clover,Uncommon
Redwood National Park,Vascular Plant,Fabales,Fabaceae,Forest Clover,Rare
Redwood National Park,Vascular Plant,Fabales,Fabaceae,Cup Clover,Unknown
Redwood National Park,Vascular Plant,Fabales,Fabaceae,Clover,Unknown
Redwood National Park,Vascular Plant,Fabales,Fabaceae,Branched Indian Clover,nan
Redwood National Park,Vascular Plant,Fabales,Fabaceae,"Little Hop Clover, Shamrock",Common
Redwood National Park,Vascular Plant,Fabales,Fabaceae,Woollyhead Clover,Unknown
Redwood National Park,Vascular Plant,Fabales,Fabaceae,Woollyhead Clover,nan
Redwood National Park,Vascular Plant,Fabales,Fabaceae,Bull Clover,Unknown
Redwood National Park,Vascular Plant,Fabales,Fabaceae,"Pinpoint Clover, Pin-Point Clover",nan
Redwood National Park,Vascular Plant,Fabales,Fabaceae,Crimson Clover,nan
Redwood National Park,Vascular Plant,Fabales,Fabaceae,None,nan
Redwood National Park,Vascular Plant,Fabales,Fabaceae,None,nan
Redwood National Park,Vascular Plant,Fabales,Fabaceae,"Longstalk Clover, Long-Stalk Clover",nan
Redwood National Park,Vascular Plant,Fabales,Fabaceae,Elmer's Clover,Unknown
Redwood National Park,Vascular Plant,Fabales,Fabaceae,None,nan
Redwood National Park,Vascular Plant,Fabales,Fabaceae,Chilean Clover,nan
Redwood National Park,Vascular Plant,Fabales,Fabaceae,Small-Headed Clover,Uncommon
Redwood National Park,Vascular Plant,Fabales,Fabaceae,Valparaiso Clover,Unknown
Redwood National Park,Vascular Plant,Fabales,Fabaceae,Few-Flowered Clover,Unknown
Redwood National Park,Vascular Plant,Fabales,Fabaceae,Red Clover,Uncommon
Redwood National Park,Vascular Plant,Fabales,Fabaceae,White Clover,Common
Redwood National Park,Vascular Plant,Fabales,Fabaceae,Subterranean Clover,Uncommon
Redwood National Park,Vascular Plant,Fabales,Fabaceae,None,nan
Redwood National Park,Vascular Plant,Fabales,Fabaceae,None,Unknown
Redwood National Park,Vascular Plant,Fabales,Fabaceae,Variegated Clover,Unknown
Redwood National Park,Vascular Plant,Fabales,Fabaceae,None,Unknown
Redwood National Park,Vascular Plant,Fabales,Fabaceae,None,nan
Redwood National Park,Vascular Plant,Fabales,Fabaceae,Tomcat Clover,Unknown
Redwood National Park,Vascular Plant,Fabales,Fabaceae,"Cow Clover, Cows Clover, Sierra Clover",Unknown
Redwood National Park,Vascular Plant,Fabales,Fabaceae,None,nan
Redwood National Park,Vascular Plant,Fabales,Fabaceae,"Common Gorse, Furze, Gorse, Whin",nan
Redwood National Park,Vascular Plant,Fabales,Fabaceae,None,nan
Redwood National Park,Vascular Plant,Fabales,Fabaceae,Vetch,nan
Redwood National Park,Vascular Plant,Fabales,Fabaceae,"American Deervetch, American Purple Vetch, American Vetch",Unknown
Redwood National Park,Vascular Plant,Fabales,Fabaceae,None,nan
Redwood National Park,Vascular Plant,Fabales,Fabaceae,American Vetch,Unknown
Redwood National Park,Vascular Plant,Fabales,Fabaceae,None,nan
Redwood National Park,Vascular Plant,Fabales,Fabaceae,None,nan
Redwood National Park,Vascular Plant,Fabales,Fabaceae,None,nan
Redwood National Park,Vascular Plant,Fabales,Fabaceae,Common Vetch,Unknown
Redwood National Park,Vascular Plant,Fabales,Fabaceae,Purple Vetch,Unknown
Redwood National Park,Vascular Plant,Fabales,Fabaceae,None,nan
Redwood National Park,Vascular Plant,Fabales,Fabaceae,None,nan
Redwood National Park,Vascular Plant,Fabales,Fabaceae,Vetch,Unknown
Redwood National Park,Vascular Plant,Fabales,Fabaceae,Vetch,Unknown
Redwood National Park,Vascular Plant,Fabales,Fabaceae,None,nan
Redwood National Park,Vascular Plant,Fabales,Fabaceae,"Hairy Vetch, Tiny Vetch",Unknown
Redwood National Park,Vascular Plant,Fabales,Fabaceae,Spring Vetch,nan
Redwood National Park,Vascular Plant,Fabales,Fabaceae,Black Vetch,Unknown
Redwood National Park,Vascular Plant,Fabales,Fabaceae,Giant Vetch,Unknown
Redwood National Park,Vascular Plant,Fabales,Fabaceae,Hungarian Vetch,nan
Redwood National Park,Vascular Plant,Fabales,Fabaceae,Spring Vetch,Unknown
Redwood National Park,Vascular Plant,Fabales,Fabaceae,"Common Vetch, Garden Vetch, Slimleaf Vetch, Vetch",Unknown
Redwood National Park,Vascular Plant,Fabales,Fabaceae,Garden Vetch,Unknown
Redwood National Park,Vascular Plant,Fabales,Fabaceae,None,nan
Redwood National Park,Vascular Plant,Fabales,Fabaceae,"Lentil Vetch, Slender Vetch, Sparrow Vetch",Uncommon
Redwood National Park,Vascular Plant,Fabales,Fabaceae,"Hairy Vetch, Winter Vetch, Woolly Vetch",nan
Redwood National Park,Vascular Plant,Fabales,Fabaceae,"Vetch Woollypod, Winter Vetch",Unknown
Redwood National Park,Vascular Plant,Fabales,Fabaceae,"Hairy Vetch, Winter Vetch",nan
Redwood National Park,Vascular Plant,Fabales,Fabaceae,Wisteria,nan
Redwood National Park,Vascular Plant,Fabales,Fabaceae,Chinese Wisteria,Uncommon
Redwood National Park,Vascular Plant,Fabales,Polygalaceae,California Milkwort,Uncommon
Redwood National Park,Vascular Plant,Fabales,Polygalaceae,Milkwort,Unknown
Redwood National Park,Vascular Plant,Fagales,Betulaceae,Alder,nan
Redwood National Park,Vascular Plant,Fagales,Betulaceae,None,nan
Redwood National Park,Vascular Plant,Fagales,Betulaceae,None,nan
Redwood National Park,Vascular Plant,Fagales,Betulaceae,White Alder,Uncommon
Redwood National Park,Vascular Plant,Fagales,Betulaceae,Red Alder,Abundant
Redwood National Park,Vascular Plant,Fagales,Betulaceae,None,nan
Redwood National Park,Vascular Plant,Fagales,Betulaceae,None,nan
Redwood National Park,Vascular Plant,Fagales,Betulaceae,None,nan
Redwood National Park,Vascular Plant,Fagales,Betulaceae,None,nan
Redwood National Park,Vascular Plant,Fagales,Betulaceae,Hazelnut,nan
Redwood National Park,Vascular Plant,Fagales,Betulaceae,None,nan
Redwood National Park,Vascular Plant,Fagales,Betulaceae,"Beaked Hazel, Beaked Hazelnut, Western Hazel",Unknown
Redwood National Park,Vascular Plant,Fagales,Betulaceae,"California Hazel, California Hazelnut",Abundant
Redwood National Park,Vascular Plant,Fagales,Betulaceae,None,nan
Redwood National Park,Vascular Plant,Fagales,Fagaceae,Chinquapin,nan
Redwood National Park,Vascular Plant,Fagales,Fagaceae,Giant Chinkapin,Uncommon
Redwood National Park,Vascular Plant,Fagales,Fagaceae,None,nan
Redwood National Park,Vascular Plant,Fagales,Fagaceae,Giant Chinquapin,Uncommon
Redwood National Park,Vascular Plant,Fagales,Fagaceae,Giant Or Golden Chinquapin,Uncommon
Redwood National Park,Vascular Plant,Fagales,Fagaceae,None,nan
Redwood National Park,Vascular Plant,Fagales,Fagaceae,Tanoak,nan
Redwood National Park,Vascular Plant,Fagales,Fagaceae,None,nan
Redwood National Park,Vascular Plant,Fagales,Fagaceae,None,nan
Redwood National Park,Vascular Plant,Fagales,Fagaceae,None,nan
Redwood National Park,Vascular Plant,Fagales,Fagaceae,None,nan
Redwood National Park,Vascular Plant,Fagales,Fagaceae,Tanoak,Abundant
Redwood National Park,Vascular Plant,Fagales,Fagaceae,Tanoak,Abundant
Redwood National Park,Vascular Plant,Fagales,Fagaceae,Shrub Tanoak,Rare
Redwood National Park,Vascular Plant,Fagales,Fagaceae,None,nan
Redwood National Park,Vascular Plant,Fagales,Fagaceae,Oak,nan
Redwood National Park,Vascular Plant,Fagales,Fagaceae,Canyon Live Or Maul Oak,Uncommon
Redwood National Park,Vascular Plant,Fagales,Fagaceae,Oregon White Oak,nan
Redwood National Park,Vascular Plant,Fagales,Fagaceae,Oregon White Oak,Uncommon
Redwood National Park,Vascular Plant,Fagales,Fagaceae,California Black Oak,Uncommon
Redwood National Park,Vascular Plant,Fagales,Fagaceae,"Deer Oak, Sadler Oak",Rare
Redwood National Park,Vascular Plant,Fagales,Fagaceae,Huckleberry Oak,Uncommon
Redwood National Park,Vascular Plant,Fagales,Juglandaceae,"Nogal, Walnut",Rare
Redwood National Park,Vascular Plant,Fagales,Myricaceae,Sweetgale,nan
Redwood National Park,Vascular Plant,Fagales,Myricaceae,California Or Wax Myrtle,Uncommon
Redwood National Park,Vascular Plant,Garryales,Garryaceae,Silktassel,nan
Redwood National Park,Vascular Plant,Garryales,Garryaceae,Dwarf Silktassel,Unknown
Redwood National Park,Vascular Plant,Garryales,Garryaceae,Silk Tassel,Unknown
Redwood National Park,Vascular Plant,Gentianales,Apocynaceae,Dogbane,nan
Redwood National Park,Vascular Plant,Gentianales,Apocynaceae,Bitter Dogbane,Rare
Redwood National Park,Vascular Plant,Gentianales,Apocynaceae,Spreading Dogbane,nan
Redwood National Park,Vascular Plant,Gentianales,Apocynaceae,None,nan
Redwood National Park,Vascular Plant,Gentianales,Apocynaceae,Indian Hemp,nan
Redwood National Park,Vascular Plant,Gentianales,Apocynaceae,None,nan
Redwood National Park,Vascular Plant,Gentianales,Apocynaceae,None,nan
Redwood National Park,Vascular Plant,Gentianales,Apocynaceae,Greater Periwinkle,Uncommon
Redwood National Park,Vascular Plant,Gentianales,Gentianaceae,Centaury,nan
Redwood National Park,Vascular Plant,Gentianales,Gentianaceae,European Centaury,Unknown
Redwood National Park,Vascular Plant,Gentianales,Gentianaceae,None,nan
Redwood National Park,Vascular Plant,Gentianales,Gentianaceae,None,Unknown
Redwood National Park,Vascular Plant,Gentianales,Gentianaceae,Centaury,Common
Redwood National Park,Vascular Plant,Gentianales,Gentianaceae,None,nan
Redwood National Park,Vascular Plant,Gentianales,Gentianaceae,"Pleated Gentian, Rocky Mountain Gentian",nan
Redwood National Park,Vascular Plant,Gentianales,Gentianaceae,None,Unknown
Redwood National Park,Vascular Plant,Gentianales,Gentianaceae,King's Scepter Gentian,nan
Redwood National Park,Vascular Plant,Gentianales,Gentianaceae,None,nan
Redwood National Park,Vascular Plant,Gentianales,Rubiaceae,Bedstraw,nan
Redwood National Park,Vascular Plant,Gentianales,Rubiaceae,Yolla Bolly Bedstraw,Unknown
Redwood National Park,Vascular Plant,Gentianales,Rubiaceae,Yolla Bolly Bedstraw,Uncommon
Redwood National Park,Vascular Plant,Gentianales,Rubiaceae,Goosegrass,Unknown
Redwood National Park,Vascular Plant,Gentianales,Rubiaceae,Bolander's Bedstraw,Unknown
Redwood National Park,Vascular Plant,Gentianales,Rubiaceae,California Bedstraw,Unknown
Redwood National Park,Vascular Plant,Gentianales,Rubiaceae,None,nan
Redwood National Park,Vascular Plant,Gentianales,Rubiaceae,Lamark's Bedstraw,Unknown
Redwood National Park,Vascular Plant,Gentianales,Rubiaceae,Mexican Bedstraw,nan
Redwood National Park,Vascular Plant,Gentianales,Rubiaceae,Climbing Bedstraw,nan
Redwood National Park,Vascular Plant,Gentianales,Rubiaceae,Wall Bedstraw,Unknown
Redwood National Park,Vascular Plant,Gentianales,Rubiaceae,None,nan
Redwood National Park,Vascular Plant,Gentianales,Rubiaceae,None,nan
Redwood National Park,Vascular Plant,Gentianales,Rubiaceae,Climbing Bedstraw,Unknown
Redwood National Park,Vascular Plant,Gentianales,Rubiaceae,Bedstraw,Unknown
Redwood National Park,Vascular Plant,Gentianales,Rubiaceae,"Threepetal Bedstraw, Three-Petal Bedstraw",nan
Redwood National Park,Vascular Plant,Gentianales,Rubiaceae,None,nan
Redwood National Park,Vascular Plant,Gentianales,Rubiaceae,None,nan
Redwood National Park,Vascular Plant,Gentianales,Rubiaceae,Bedstraw,Unknown
Redwood National Park,Vascular Plant,Gentianales,Rubiaceae,None,nan
Redwood National Park,Vascular Plant,Gentianales,Rubiaceae,Field Madder,Uncommon
Redwood National Park,Vascular Plant,Geraniales,Geraniaceae,"Filaree, Stork's Bill",nan
Redwood National Park,Vascular Plant,Geraniales,Geraniaceae,"Longbeaked Filaree, Storksbill",Unknown
Redwood National Park,Vascular Plant,Geraniales,Geraniaceae,Red Stemmed Filaree,Unknown
Redwood National Park,Vascular Plant,Geraniales,Geraniaceae,"Alfilaree, Alfilaria, Filaree, Redstem Filaree, Redstem Stork's Bill, Stork's Bill",nan
Redwood National Park,Vascular Plant,Geraniales,Geraniaceae,Musky Stork's Bill,nan
Redwood National Park,Vascular Plant,Geraniales,Geraniaceae,Geranium,nan
Redwood National Park,Vascular Plant,Geraniales,Geraniaceae,"Carolina Crane's-Bill, Carolina Geranium",Unknown
Redwood National Park,Vascular Plant,Geraniales,Geraniaceae,Carolina Geranium,nan
Redwood National Park,Vascular Plant,Geraniales,Geraniaceae,None,nan
Redwood National Park,Vascular Plant,Geraniales,Geraniaceae,Cutleaf Geranium,Unknown
Redwood National Park,Vascular Plant,Geraniales,Geraniaceae,Cranesbill,Unknown
Redwood National Park,Vascular Plant,Geraniales,Geraniaceae,Oregon Geranium,Uncommon
Redwood National Park,Vascular Plant,Geraniales,Geraniaceae,"Small Geranium, Small-Flower Crane's-Bill",Unknown
Redwood National Park,Vascular Plant,Geraniales,Geraniaceae,None,nan
Redwood National Park,Vascular Plant,Geraniales,Geraniaceae,Robert's Geranium,nan
Redwood National Park,Vascular Plant,Geraniales,Geraniaceae,Roundleaf Geranium,nan
Redwood National Park,Vascular Plant,Geraniales,Geraniaceae,None,nan
Redwood National Park,Vascular Plant,Isoetales,Isoetaceae,Howell's Quillwort,nan
Redwood National Park,Vascular Plant,Lamiales,Acanthaceae,Bear's Breech,nan
Redwood National Park,Vascular Plant,Lamiales,Lamiaceae,None,nan
Redwood National Park,Vascular Plant,Lamiales,Lamiaceae,"Creeping Charlie, Gill-Over-The-Ground, Ground Ivy, Groundivy, Haymaids",Unknown
Redwood National Park,Vascular Plant,Lamiales,Lamiaceae,Northern Bugleweed,nan
Redwood National Park,Vascular Plant,Lamiales,Lamiaceae,"Garden Or Bee Balm, Lemon",nan
Redwood National Park,Vascular Plant,Lamiales,Lamiaceae,Mint,nan
Redwood National Park,Vascular Plant,Lamiales,Lamiaceae,Mint,Unknown
Redwood National Park,Vascular Plant,Lamiales,Lamiaceae,None,Unknown
Redwood National Park,Vascular Plant,Lamiales,Lamiaceae,None,nan
Redwood National Park,Vascular Plant,Lamiales,Lamiaceae,"Pennyroyal, Peppermint",Common
Redwood National Park,Vascular Plant,Lamiales,Lamiaceae,Spearmint,Unknown
Redwood National Park,Vascular Plant,Lamiales,Lamiaceae,Spearmint,Unknown
Redwood National Park,Vascular Plant,Lamiales,Lamiaceae,Coyote Mint,Unknown
Redwood National Park,Vascular Plant,Lamiales,Lamiaceae,Coyote-Mint,Unknown
Redwood National Park,Vascular Plant,Lamiales,Lamiaceae,Robust Coyote Mint,nan
Redwood National Park,Vascular Plant,Lamiales,Lamiaceae,None,Unknown
Redwood National Park,Vascular Plant,Lamiales,Lamiaceae,None,nan
Redwood National Park,Vascular Plant,Lamiales,Lamiaceae,None,nan
Redwood National Park,Vascular Plant,Lamiales,Lamiaceae,"Common Selfheal, Heal All, Healall, Selfheal",Unknown
Redwood National Park,Vascular Plant,Lamiales,Lamiaceae,Lance Selfheal,Abundant
Redwood National Park,Vascular Plant,Lamiales,Lamiaceae,None,Unknown
Redwood National Park,Vascular Plant,Lamiales,Lamiaceae,None,nan
Redwood National Park,Vascular Plant,Lamiales,Lamiaceae,None,nan
Redwood National Park,Vascular Plant,Lamiales,Lamiaceae,"Indian Tea, Yerba Buena",Uncommon
Redwood National Park,Vascular Plant,Lamiales,Lamiaceae,"Huachuca Skullcap, Skullcap",nan
Redwood National Park,Vascular Plant,Lamiales,Lamiaceae,Skullcap,Uncommon
Redwood National Park,Vascular Plant,Lamiales,Lamiaceae,"Hedge Nettle, Hedgenettle",nan
Redwood National Park,Vascular Plant,Lamiales,Lamiaceae,Bugle Hedgenettle,Unknown
Redwood National Park,Vascular Plant,Lamiales,Lamiaceae,Hedge Nettle,Common
Redwood National Park,Vascular Plant,Lamiales,Lamiaceae,Hedge Nettle,Unknown
Redwood National Park,Vascular Plant,Lamiales,Lamiaceae,Coastal Hedgenettle,nan
Redwood National Park,Vascular Plant,Lamiales,Lamiaceae,None,nan
Redwood National Park,Vascular Plant,Lamiales,Lamiaceae,Mexican Hedgenettle,Unknown
Redwood National Park,Vascular Plant,Lamiales,Lamiaceae,None,nan
Redwood National Park,Vascular Plant,Lamiales,Lamiaceae,"Rigid Hedgenettle, Rough Hedgenettle",Common
Redwood National Park,Vascular Plant,Lamiales,Lamiaceae,None,Common
Redwood National Park,Vascular Plant,Lamiales,Lamiaceae,Rough Hedgenettle,nan
Redwood National Park,Vascular Plant,Lamiales,Lentibulariaceae,California Butterwort,nan
Redwood National Park,Vascular Plant,Lamiales,Lentibulariaceae,Horned Butterwort,nan
Redwood National Park,Vascular Plant,Lamiales,Lentibulariaceae,Bladderwort,nan
Redwood National Park,Vascular Plant,Lamiales,Lentibulariaceae,Common Bladderwort,Rare
Redwood National Park,Vascular Plant,Lamiales,Linderniaceae,False Pimpernel,nan
Redwood National Park,Vascular Plant,Lamiales,Oleaceae,Showy Forsythia,Rare
Redwood National Park,Vascular Plant,Lamiales,Oleaceae,Oregon Ash,Uncommon
Redwood National Park,Vascular Plant,Lamiales,Orobanchaceae,Small Ground Cone,nan
Redwood National Park,Vascular Plant,Lamiales,Orobanchaceae,Ground Cone,Rare
Redwood National Park,Vascular Plant,Lamiales,Orobanchaceae,None,Unknown
Redwood National Park,Vascular Plant,Lamiales,Orobanchaceae,Paintbrush,Uncommon
Redwood National Park,Vascular Plant,Lamiales,Orobanchaceae,Paintbrush,nan
Redwood National Park,Vascular Plant,Lamiales,Orobanchaceae,Johnny-Nip,nan
Redwood National Park,Vascular Plant,Lamiales,Orobanchaceae,Humboldt Bay Owl's Clover,nan
Redwood National Park,Vascular Plant,Lamiales,Orobanchaceae,Wavyleaf Indian Paintbrush,nan
Redwood National Park,Vascular Plant,Lamiales,Orobanchaceae,Paintbrush,Unknown
Redwood National Park,Vascular Plant,Lamiales,Orobanchaceae,None,nan
Redwood National Park,Vascular Plant,Lamiales,Orobanchaceae,None,nan
Redwood National Park,Vascular Plant,Lamiales,Orobanchaceae,Short-Lobe Indian Paintbrush,nan
Redwood National Park,Vascular Plant,Lamiales,Orobanchaceae,None,nan
Redwood National Park,Vascular Plant,Lamiales,Orobanchaceae,None,nan
Redwood National Park,Vascular Plant,Lamiales,Orobanchaceae,"Giant Red Indian Paintbrush, Great Red Indian Paintbrush, Great Red Indian-Paintbrush, Scarlet Indian Paintbrush, Scarlet Paintbrush",nan
Redwood National Park,Vascular Plant,Lamiales,Orobanchaceae,Siskiyou Indian Paintbrush,Rare
Redwood National Park,Vascular Plant,Lamiales,Orobanchaceae,Slender Bird's Beak,Uncommon
Redwood National Park,Vascular Plant,Lamiales,Orobanchaceae,None,nan
Redwood National Park,Vascular Plant,Lamiales,Orobanchaceae,Clustered Broomrape,Unknown
Redwood National Park,Vascular Plant,Lamiales,Orobanchaceae,Naked Broomrape,Unknown
Redwood National Park,Vascular Plant,Lamiales,Orobanchaceae,None,Unknown
Redwood National Park,Vascular Plant,Lamiales,Orobanchaceae,None,Unknown
Redwood National Park,Vascular Plant,Lamiales,Orobanchaceae,"Owlclover, Owl's-Clover",nan
Redwood National Park,Vascular Plant,Lamiales,Orobanchaceae,None,nan
Redwood National Park,Vascular Plant,Lamiales,Orobanchaceae,None,nan
Redwood National Park,Vascular Plant,Lamiales,Orobanchaceae,None,nan
Redwood National Park,Vascular Plant,Lamiales,Orobanchaceae,Yellow Parentucellia,Uncommon
Redwood National Park,Vascular Plant,Lamiales,Orobanchaceae,None,nan
Redwood National Park,Vascular Plant,Lamiales,Orobanchaceae,Lousewort,nan
Redwood National Park,Vascular Plant,Lamiales,Orobanchaceae,Johnny-Tuck,nan
Redwood National Park,Vascular Plant,Lamiales,Orobanchaceae,Dwarf Owl's-Clover,Unknown
Redwood National Park,Vascular Plant,Lamiales,Orobanchaceae,Yellowbeak Owl's-Clover,Unknown
Redwood National Park,Vascular Plant,Lamiales,Orobanchaceae,Yellowbeak Owl's-Clover,Unknown
Redwood National Park,Vascular Plant,Lamiales,Orobanchaceae,Yellowbeak Owl's-Clover,Unknown
Redwood National Park,Vascular Plant,Lamiales,Phrymaceae,None,nan
Redwood National Park,Vascular Plant,Lamiales,Phrymaceae,Chickweed Monkeyflower,nan
Redwood National Park,Vascular Plant,Lamiales,Phrymaceae,Shrubby Monkeyflower,Uncommon
Redwood National Park,Vascular Plant,Lamiales,Phrymaceae,Cardinal Monkeyflower,Uncommon
Redwood National Park,Vascular Plant,Lamiales,Phrymaceae,Tooth-Leaved Monkeyflower,Common
Redwood National Park,Vascular Plant,Lamiales,Phrymaceae,None,nan
Redwood National Park,Vascular Plant,Lamiales,Phrymaceae,"Common Monkeyflower, Seep Monkeyflower",Common
Redwood National Park,Vascular Plant,Lamiales,Phrymaceae,None,nan
Redwood National Park,Vascular Plant,Lamiales,Phrymaceae,None,Unknown
Redwood National Park,Vascular Plant,Lamiales,Phrymaceae,Musk Monkeyflower,Unknown
Redwood National Park,Vascular Plant,Lamiales,Phrymaceae,None,nan
Redwood National Park,Vascular Plant,Lamiales,Phrymaceae,Muskflower,nan
Redwood National Park,Vascular Plant,Lamiales,Phrymaceae,None,nan
Redwood National Park,Vascular Plant,Lamiales,Plantaginaceae,Sail-Flower Snapdragon,nan
Redwood National Park,Vascular Plant,Lamiales,Plantaginaceae,None,nan
Redwood National Park,Vascular Plant,Lamiales,Plantaginaceae,"Differentleaf Waterstarwort, Greater Waterstarwort, Larger Waterstarwort, Twoheaded Water-Starwort, Variedleaf Waterstarwort",Unknown
Redwood National Park,Vascular Plant,Lamiales,Plantaginaceae,Winged Water-Starwort,nan
Redwood National Park,Vascular Plant,Lamiales,Plantaginaceae,Pond Water-Starwort,Unknown
Redwood National Park,Vascular Plant,Lamiales,Plantaginaceae,"Blue Eyed Mary, Blue-Eyed Mary",nan
Redwood National Park,Vascular Plant,Lamiales,Plantaginaceae,Narrowleaf Blue Eyed Mary,Uncommon
Redwood National Park,Vascular Plant,Lamiales,Plantaginaceae,Foxglove,nan
Redwood National Park,Vascular Plant,Lamiales,Plantaginaceae,Foxglove,Abundant
Redwood National Park,Vascular Plant,Lamiales,Plantaginaceae,Mare's Tail,Unknown
Redwood National Park,Vascular Plant,Lamiales,Plantaginaceae,Redwood Keckiella,Rare
Redwood National Park,Vascular Plant,Lamiales,Plantaginaceae,"Dalmatian Toadflax, Dalmation Toadflax",Rare
Redwood National Park,Vascular Plant,Lamiales,Plantaginaceae,Dalmatian Toadflax,Rare
Redwood National Park,Vascular Plant,Lamiales,Plantaginaceae,Beardtongue,nan
Redwood National Park,Vascular Plant,Lamiales,Plantaginaceae,Bunchleaf Penstemon,nan
Redwood National Park,Vascular Plant,Lamiales,Plantaginaceae,Azure Penstemon,nan
Redwood National Park,Vascular Plant,Lamiales,Plantaginaceae,Beardtongue,Unknown
Redwood National Park,Vascular Plant,Lamiales,Plantaginaceae,None,Uncommon
Redwood National Park,Vascular Plant,Lamiales,Plantaginaceae,"Indianwheat, Plantain",nan
Redwood National Park,Vascular Plant,Lamiales,Plantaginaceae,Mexican Plantain,nan
Redwood National Park,Vascular Plant,Lamiales,Plantaginaceae,Coast Plantain,Unknown
Redwood National Park,Vascular Plant,Lamiales,Plantaginaceae,None,nan
Redwood National Park,Vascular Plant,Lamiales,Plantaginaceae,Buckhorn Plantain,Unknown
Redwood National Park,Vascular Plant,Lamiales,Plantaginaceae,Plantain,Unknown
Redwood National Park,Vascular Plant,Lamiales,Plantaginaceae,"California Plantain, Foothill Plantain",nan
Redwood National Park,Vascular Plant,Lamiales,Plantaginaceae,None,nan
Redwood National Park,Vascular Plant,Lamiales,Plantaginaceae,None,Unknown
Redwood National Park,Vascular Plant,Lamiales,Plantaginaceae,"English Plantain, Ribgrass",Common
Redwood National Park,Vascular Plant,Lamiales,Plantaginaceae,Common Plantain,Uncommon
Redwood National Park,Vascular Plant,Lamiales,Plantaginaceae,Goose Tongue,Unknown
Redwood National Park,Vascular Plant,Lamiales,Plantaginaceae,Goose Tongue,nan
Redwood National Park,Vascular Plant,Lamiales,Plantaginaceae,"Woolly Indianwheat, Woolly Plantain",nan
Redwood National Park,Vascular Plant,Lamiales,Plantaginaceae,Plantain,Unknown
Redwood National Park,Vascular Plant,Lamiales,Plantaginaceae,Snowqueen,Common
Redwood National Park,Vascular Plant,Lamiales,Plantaginaceae,Snow Queen,Unknown
Redwood National Park,Vascular Plant,Lamiales,Plantaginaceae,Small Flowered Tonella,Uncommon
Redwood National Park,Vascular Plant,Lamiales,Plantaginaceae,Speedwell,nan
Redwood National Park,Vascular Plant,Lamiales,Plantaginaceae,"American Brooklime, Speedwell",Unknown
Redwood National Park,Vascular Plant,Lamiales,Plantaginaceae,None,nan
Redwood National Park,Vascular Plant,Lamiales,Plantaginaceae,"Blue Water Speedwell, Water Speedwell",nan
Redwood National Park,Vascular Plant,Lamiales,Plantaginaceae,Corn Speedwell,Unknown
Redwood National Park,Vascular Plant,Lamiales,Plantaginaceae,None,nan
Redwood National Park,Vascular Plant,Lamiales,Plantaginaceae,Purslane Speedwell,Unknown
Redwood National Park,Vascular Plant,Lamiales,Plantaginaceae,None,nan
Redwood National Park,Vascular Plant,Lamiales,Plantaginaceae,"Grassleaf Speedwell, Grass-Leaf Speedwell, Marsh Speedwell, Skullcap Speedwell",Unknown
Redwood National Park,Vascular Plant,Lamiales,Plantaginaceae,"Thymeleaf Speedwell, Thyme-Leaf Speedwell",Unknown
Redwood National Park,Vascular Plant,Lamiales,Scrophulariaceae,"Butterfly Plant, Summer Lilac",Uncommon
Redwood National Park,Vascular Plant,Lamiales,Scrophulariaceae,"Beeflower, Ca Figwort",Uncommon
Redwood National Park,Vascular Plant,Lamiales,Scrophulariaceae,California Figwort,Uncommon
Redwood National Park,Vascular Plant,Lamiales,Scrophulariaceae,Mullein,nan
Redwood National Park,Vascular Plant,Lamiales,Scrophulariaceae,Moth Mullien,Uncommon
Redwood National Park,Vascular Plant,Lamiales,Scrophulariaceae,Woolly Mullein,Uncommon
Redwood National Park,Vascular Plant,Laurales,Lauraceae,"Ca Bay Or Laurel, Pepperwood",Common
Redwood National Park,Vascular Plant,Laurales,Lauraceae,California Laurel,nan
Redwood National Park,Vascular Plant,Liliales,Alstroemeriaceae,Lily Of The Incas,Rare
Redwood National Park,Vascular Plant,Liliales,Alstroemeriaceae,None,nan
Redwood National Park,Vascular Plant,Liliales,Colchicaceae,Fairybells,nan
Redwood National Park,Vascular Plant,Liliales,Colchicaceae,None,nan
Redwood National Park,Vascular Plant,Liliales,Liliaceae,Mariposa Lily,nan
Redwood National Park,Vascular Plant,Liliales,Liliaceae,Elegant Mariposa Lily,nan
Redwood National Park,Vascular Plant,Liliales,Liliaceae,"Mariposa Lily, Pussy Ears",Uncommon
Redwood National Park,Vascular Plant,Liliales,Liliaceae,Bead-Lily,Uncommon
Redwood National Park,Vascular Plant,Liliales,Liliaceae,None,nan
Redwood National Park,Vascular Plant,Liliales,Liliaceae,Fairy Bells,Common
Redwood National Park,Vascular Plant,Liliales,Liliaceae,Drops Of Gold,nan
Redwood National Park,Vascular Plant,Liliales,Liliaceae,Smith's Fairy Bells,Common
Redwood National Park,Vascular Plant,Liliales,Liliaceae,Fawnlily,nan
Redwood National Park,Vascular Plant,Liliales,Liliaceae,California Fawnlily,Unknown
Redwood National Park,Vascular Plant,Liliales,Liliaceae,Fawn Lily,Uncommon
Redwood National Park,Vascular Plant,Liliales,Liliaceae,Giant White Fawnlily,nan
Redwood National Park,Vascular Plant,Liliales,Liliaceae,None,nan
Redwood National Park,Vascular Plant,Liliales,Liliaceae,Coast Fawn Lily,Unknown
Redwood National Park,Vascular Plant,Liliales,Liliaceae,Checker Lily,Unknown
Redwood National Park,Vascular Plant,Liliales,Liliaceae,None,Unknown
Redwood National Park,Vascular Plant,Liliales,Liliaceae,Lily,nan
Redwood National Park,Vascular Plant,Liliales,Liliaceae,Bolander's Lily,Uncommon
Redwood National Park,Vascular Plant,Liliales,Liliaceae,Canada Lily,nan
Redwood National Park,Vascular Plant,Liliales,Liliaceae,"Columbia Lily, Oregon Lily",Common
Redwood National Park,Vascular Plant,Liliales,Liliaceae,Western Lily,nan
Redwood National Park,Vascular Plant,Liliales,Liliaceae,None,nan
Redwood National Park,Vascular Plant,Liliales,Liliaceae,Leopard Lily,nan
Redwood National Park,Vascular Plant,Liliales,Liliaceae,Vollmer's Lily,nan
Redwood National Park,Vascular Plant,Liliales,Liliaceae,Wiggins' Lily,nan
Redwood National Park,Vascular Plant,Liliales,Liliaceae,Vollmer's Lily,nan
Redwood National Park,Vascular Plant,Liliales,Liliaceae,Washington Lily,nan
Redwood National Park,Vascular Plant,Liliales,Liliaceae,Purple Flowered Shasta Lily,nan
Redwood National Park,Vascular Plant,Liliales,Liliaceae,Slinkpod,Uncommon
Redwood National Park,Vascular Plant,Liliales,Liliaceae,"Clasping Twistedstalk, Claspleaf Twistedstalk, Twisted Stalk",nan
Redwood National Park,Vascular Plant,Liliales,Liliaceae,Twisted-Stalk,Rare
Redwood National Park,Vascular Plant,Liliales,Liliaceae,None,nan
Redwood National Park,Vascular Plant,Liliales,Melanthiaceae,None,nan
Redwood National Park,Vascular Plant,Liliales,Melanthiaceae,Giant White Wakerobin,Uncommon
Redwood National Park,Vascular Plant,Liliales,Melanthiaceae,Kurabayashi's Wakerobin,Uncommon
Redwood National Park,Vascular Plant,Liliales,Melanthiaceae,Giant Wake Robbin,Uncommon
Redwood National Park,Vascular Plant,Liliales,Melanthiaceae,Giant Purple Wakerobin,nan
Redwood National Park,Vascular Plant,Liliales,Melanthiaceae,White Or Western Wake Robbin,Common
Redwood National Park,Vascular Plant,Liliales,Melanthiaceae,Pacific Trillium,nan
Redwood National Park,Vascular Plant,Liliales,Melanthiaceae,Brook Wakerobin,Uncommon
Redwood National Park,Vascular Plant,Liliales,Melanthiaceae,California False Hellebore,nan
Redwood National Park,Vascular Plant,Liliales,Melanthiaceae,Siskiyou False Hellebore,Uncommon
Redwood National Park,Vascular Plant,Liliales,Melanthiaceae,Bear Or Indian Basket Grass,Uncommon
Redwood National Park,Vascular Plant,Liliales,Melanthiaceae,Deathcamas,nan
Redwood National Park,Vascular Plant,Liliales,Melanthiaceae,Death Camas,Uncommon
Redwood National Park,Vascular Plant,Liliales,Melanthiaceae,"Death Camas, Meadow Deathcamas",nan
Redwood National Park,Vascular Plant,Lycopodiales,Lycopodiaceae,"Club Moss, Clubmoss, Clubmosses",nan
Redwood National Park,Vascular Plant,Lycopodiales,Lycopodiaceae,"Club Moss, Running-Pine",Rare
Redwood National Park,Vascular Plant,Magnoliales,Magnoliaceae,"Bois-Jaune, Tulip Poplar, Tulip-Poplar, Tuliptree, Yellow Poplar, Yellow-Poplar",Rare
Redwood National Park,Vascular Plant,Magnoliales,Magnoliaceae,"Bull-Bay, Laurier Tulipier, Southern Magnolia",Rare
Redwood National Park,Vascular Plant,Malpighiales,Euphorbiaceae,"Chinese Caps, Spurge",Unknown
Redwood National Park,Vascular Plant,Malpighiales,Euphorbiaceae,"Caper Spurge, Gopher Plant",Uncommon
Redwood National Park,Vascular Plant,Malpighiales,Euphorbiaceae,Petty Spurge,nan
Redwood National Park,Vascular Plant,Malpighiales,Hypericaceae,St. Johnswort,nan
Redwood National Park,Vascular Plant,Malpighiales,Hypericaceae,Tinker's Penny,Unknown
Redwood National Park,Vascular Plant,Malpighiales,Hypericaceae,St. John's Wort,Rare
Redwood National Park,Vascular Plant,Malpighiales,Hypericaceae,Aaron's Beard,Uncommon
Redwood National Park,Vascular Plant,Malpighiales,Hypericaceae,Goldwire,nan
Redwood National Park,Vascular Plant,Malpighiales,Hypericaceae,None,Unknown
Redwood National Park,Vascular Plant,Malpighiales,Hypericaceae,None,Unknown
Redwood National Park,Vascular Plant,Malpighiales,Hypericaceae,Klamathweed,Unknown
Redwood National Park,Vascular Plant,Malpighiales,Linaceae,None,nan
Redwood National Park,Vascular Plant,Malpighiales,Linaceae,Flax,Common
Redwood National Park,Vascular Plant,Malpighiales,Linaceae,None,nan
Redwood National Park,Vascular Plant,Malpighiales,Salicaceae,Cottonwood,nan
Redwood National Park,Vascular Plant,Malpighiales,Salicaceae,Black Cottonwood,Uncommon
Redwood National Park,Vascular Plant,Malpighiales,Salicaceae,"Black Cottonwood, Black Poplar, Lombardy's Poplar",nan
Redwood National Park,Vascular Plant,Malpighiales,Salicaceae,None,nan
Redwood National Park,Vascular Plant,Malpighiales,Salicaceae,Black Cottonwood,nan
Redwood National Park,Vascular Plant,Malpighiales,Salicaceae,Willow,nan
Redwood National Park,Vascular Plant,Malpighiales,Salicaceae,Del Norte Willow,nan
Redwood National Park,Vascular Plant,Malpighiales,Salicaceae,None,nan
Redwood National Park,Vascular Plant,Malpighiales,Salicaceae,Coastal Willow,Common
Redwood National Park,Vascular Plant,Malpighiales,Salicaceae,Red Willow,nan
Redwood National Park,Vascular Plant,Malpighiales,Salicaceae,Pacific Willow,nan
Redwood National Park,Vascular Plant,Malpighiales,Salicaceae,Arroyo Willow,Common
Redwood National Park,Vascular Plant,Malpighiales,Salicaceae,Shining Willow,nan
Redwood National Park,Vascular Plant,Malpighiales,Salicaceae,Pacific Willow,Unknown
Redwood National Park,Vascular Plant,Malpighiales,Salicaceae,Scouler's Willow,nan
Redwood National Park,Vascular Plant,Malpighiales,Salicaceae,None,nan
Redwood National Park,Vascular Plant,Malpighiales,Salicaceae,"Northwest Sandbar Willow, Northwest Willow",nan
Redwood National Park,Vascular Plant,Malpighiales,Salicaceae,Sitka Willow,Common
Redwood National Park,Vascular Plant,Malpighiales,Salicaceae,Tracy's Willow,nan
Redwood National Park,Vascular Plant,Malpighiales,Violaceae,Violet,nan
Redwood National Park,Vascular Plant,Malpighiales,Violaceae,Western Dog Violet,Uncommon
Redwood National Park,Vascular Plant,Malpighiales,Violaceae,Wedgeleaf Violet,Unknown
Redwood National Park,Vascular Plant,Malpighiales,Violaceae,Streamside Violet,Common
Redwood National Park,Vascular Plant,Malpighiales,Violaceae,"Bog White Violet, Lanceleaf Violet",nan
Redwood National Park,Vascular Plant,Malpighiales,Violaceae,Bog White Violet,nan
Redwood National Park,Vascular Plant,Malpighiales,Violaceae,Langsdorf's Violet,nan
Redwood National Park,Vascular Plant,Malpighiales,Violaceae,Pine Violet,Unknown
Redwood National Park,Vascular Plant,Malpighiales,Violaceae,Pinto Violet,nan
Redwood National Park,Vascular Plant,Malpighiales,Violaceae,Marsh Violet,nan
Redwood National Park,Vascular Plant,Malpighiales,Violaceae,Astoria Violet,Unknown
Redwood National Park,Vascular Plant,Malpighiales,Violaceae,Upland Yellow Violet,Unknown
Redwood National Park,Vascular Plant,Malpighiales,Violaceae,None,nan
Redwood National Park,Vascular Plant,Malpighiales,Violaceae,Western Bog Violet,nan
Redwood National Park,Vascular Plant,Malpighiales,Violaceae,None,nan
Redwood National Park,Vascular Plant,Malpighiales,Violaceae,Redwood Or Evergreen Violet,Common
Redwood National Park,Vascular Plant,Malvales,Malvaceae,"California Flannelbush, California Fremontia, Flannelbush",nan
Redwood National Park,Vascular Plant,Malvales,Malvaceae,California Globemallow,nan
Redwood National Park,Vascular Plant,Malvales,Malvaceae,"Buttonweed, Cheeseplant, Cheeseweed, Common Mallow, Dwarf Mallow, Roundleaf Mallow",Uncommon
Redwood National Park,Vascular Plant,Malvales,Malvaceae,"Cheeseweed, Cheeseweed Mallow, Small-Whorl Mallow",nan
Redwood National Park,Vascular Plant,Malvales,Malvaceae,"Carolina Bristlemallow, Carolina Modiola",Unknown
Redwood National Park,Vascular Plant,Malvales,Malvaceae,"Checkerbloom, Checkermallow",nan
Redwood National Park,Vascular Plant,Malvales,Malvaceae,Mapleleaf Checkerbloom,Rare
Redwood National Park,Vascular Plant,Malvales,Malvaceae,"Checker Mallow, Wild Hollyhock",nan
Redwood National Park,Vascular Plant,Malvales,Malvaceae,"Checkermallow, Siskiyou Checkerbloom",nan
Redwood National Park,Vascular Plant,Malvales,Malvaceae,None,nan
Redwood National Park,Vascular Plant,Malvales,Malvaceae,None,nan
Redwood National Park,Vascular Plant,Malvales,Malvaceae,Dwarf Checkerbloom,Unknown
Redwood National Park,Vascular Plant,Malvales,Malvaceae,Checker Mallow,Uncommon
Redwood National Park,Vascular Plant,Malvales,Malvaceae,Dwarf Checkerbloom,Unknown
Redwood National Park,Vascular Plant,Malvales,Malvaceae,Siskiyou Checkerbloom,Uncommon
Redwood National Park,Vascular Plant,Malvales,Malvaceae,"Oregon Checkerbloom, Oregon Checkermallow",Unknown
Redwood National Park,Vascular Plant,Malvales,Malvaceae,Coast Checkerbloom,Unknown
Redwood National Park,Vascular Plant,Malvales,Malvaceae,"Oregon Checkerbloom, Oregon Checkermallow",nan
Redwood National Park,Vascular Plant,Myrtales,Lythraceae,California Loosestrife,nan
Redwood National Park,Vascular Plant,Myrtales,Lythraceae,Hyssop Loosestrife,Unknown
Redwood National Park,Vascular Plant,Myrtales,Lythraceae,None,nan
Redwood National Park,Vascular Plant,Myrtales,Lythraceae,None,nan
Redwood National Park,Vascular Plant,Myrtales,Myrtaceae,Mugga,Rare
Redwood National Park,Vascular Plant,Myrtales,Onagraceae,Beach Suncup,Unknown
Redwood National Park,Vascular Plant,Myrtales,Onagraceae,Beach Evening Primrose,Common
Redwood National Park,Vascular Plant,Myrtales,Onagraceae,None,nan
Redwood National Park,Vascular Plant,Myrtales,Onagraceae,"Alpine Circaea, Small Enchanter's Nightshade, Small Enchanter's-Nightshade",nan
Redwood National Park,Vascular Plant,Myrtales,Onagraceae,"Small Enchanter Nightshade, Small Enchanter's Nightshade",nan
Redwood National Park,Vascular Plant,Myrtales,Onagraceae,"Enchanter's Nightshade, Pacific Enchanter's Nightshade",Uncommon
Redwood National Park,Vascular Plant,Myrtales,Onagraceae,Farewell To Spring,Uncommon
Redwood National Park,Vascular Plant,Myrtales,Onagraceae,Farewell To Spring,Uncommon
Redwood National Park,Vascular Plant,Myrtales,Onagraceae,Farewell To Spring,nan
Redwood National Park,Vascular Plant,Myrtales,Onagraceae,Davy's Fairyfan,nan
Redwood National Park,Vascular Plant,Myrtales,Onagraceae,"Winecup Clarkia, Winecup Fairyfan",Uncommon
Redwood National Park,Vascular Plant,Myrtales,Onagraceae,Four-Spot,Uncommon
Redwood National Park,Vascular Plant,Myrtales,Onagraceae,"Willow Weed, Willowherb, Willowweed",nan
Redwood National Park,Vascular Plant,Myrtales,Onagraceae,None,nan
Redwood National Park,Vascular Plant,Myrtales,Onagraceae,"Blooming Sally, Fireweed, French-Willow, Great Willowherb, Rosebay Willowherb, Willowherb",Abundant
Redwood National Park,Vascular Plant,Myrtales,Onagraceae,Fireweed,Abundant
Redwood National Park,Vascular Plant,Myrtales,Onagraceae,Willowherb,Unknown
Redwood National Park,Vascular Plant,Myrtales,Onagraceae,None,nan
Redwood National Park,Vascular Plant,Myrtales,Onagraceae,Ciliate Willowherb,Unknown
Redwood National Park,Vascular Plant,Myrtales,Onagraceae,Willowherb,Unknown
Redwood National Park,Vascular Plant,Myrtales,Onagraceae,Watson's Willowherb,Unknown
Redwood National Park,Vascular Plant,Myrtales,Onagraceae,None,nan
Redwood National Park,Vascular Plant,Myrtales,Onagraceae,None,nan
Redwood National Park,Vascular Plant,Myrtales,Onagraceae,"California Willowherb, Leafy Willowherb",nan
Redwood National Park,Vascular Plant,Myrtales,Onagraceae,"Glandular Willowherb, Hall's Willowweed",Unknown
Redwood National Park,Vascular Plant,Myrtales,Onagraceae,Minute Willowherb,Unknown
Redwood National Park,Vascular Plant,Myrtales,Onagraceae,None,nan
Redwood National Park,Vascular Plant,Myrtales,Onagraceae,"Rocky Mountain Willowherb, Stiff Willowherb",nan
Redwood National Park,Vascular Plant,Myrtales,Onagraceae,None,nan
Redwood National Park,Vascular Plant,Myrtales,Onagraceae,None,nan
Redwood National Park,Vascular Plant,Myrtales,Onagraceae,None,nan
Redwood National Park,Vascular Plant,Myrtales,Onagraceae,"Creeping Waterprimrose, Floating Primrose, Floating Primrosewillow, Floating Primrose-Willow",Unknown
Redwood National Park,Vascular Plant,Myrtales,Onagraceae,"Evening Primrose, Eveningprimrose, Evening-Primrose",nan
Redwood National Park,Vascular Plant,Myrtales,Onagraceae,None,nan
Redwood National Park,Vascular Plant,Myrtales,Onagraceae,"Hooker's Evening Primrose, Hooker's Eveningprimrose, Hooker's Evening-Primrose, Western Eveningprimrose",nan
Redwood National Park,Vascular Plant,Myrtales,Onagraceae,None,nan
Redwood National Park,Vascular Plant,Myrtales,Onagraceae,Garden Evening-Primrose,Rare
Redwood National Park,Vascular Plant,Myrtales,Onagraceae,None,nan
Redwood National Park,Vascular Plant,Myrtales,Onagraceae,Wolf's Evening Primrose,Uncommon
Redwood National Park,Vascular Plant,Myrtales,Onagraceae,Evening Primroses,nan
Redwood National Park,Vascular Plant,Nymphaeales,Nymphaeaceae,Pond-Lily,nan
Redwood National Park,Vascular Plant,Nymphaeales,Nymphaeaceae,None,Unknown
Redwood National Park,Vascular Plant,Nymphaeales,Nymphaeaceae,"Cowlily, Pond Lily, Water Lily",Unknown
Redwood National Park,Vascular Plant,Nymphaeales,Nymphaeaceae,None,nan
Redwood National Park,Vascular Plant,Nymphaeales,Nymphaeaceae,Rocky Mountain Pond-Lily,nan
Redwood National Park,Vascular Plant,Nymphaeales,Nymphaeaceae,"Spatterdock, Yellow Pond Lily",nan
Redwood National Park,Vascular Plant,Ophioglossales,Ophioglossaceae,"Grapefern, Grape-Fern, Moonwort",nan
Redwood National Park,Vascular Plant,Ophioglossales,Ophioglossaceae,"Broadleaf Grapefern, Leather Grapefern, Leathery Grapefern, Leathery Grape-Fern",Unknown
Redwood National Park,Vascular Plant,Oxalidales,Oxalidaceae,"Wood Sorrel, Woodsorrel",nan
Redwood National Park,Vascular Plant,Oxalidales,Oxalidaceae,Radishroot Woodsorrel,Rare
Redwood National Park,Vascular Plant,Oxalidales,Oxalidaceae,"Creeping Oxalis, Creeping Woodsorrel, 'Ihi, Yellow Oxalis, Yellow Wood Sorrel",Unknown
Redwood National Park,Vascular Plant,Oxalidales,Oxalidaceae,Crimson Woodsorrel,Unknown
Redwood National Park,Vascular Plant,Oxalidales,Oxalidaceae,Redwood Sorrel,Abundant
Redwood National Park,Vascular Plant,Oxalidales,Oxalidaceae,None,nan
Redwood National Park,Vascular Plant,Oxalidales,Oxalidaceae,None,nan
Redwood National Park,Vascular Plant,Oxalidales,Oxalidaceae,None,nan
Redwood National Park,Vascular Plant,Oxalidales,Oxalidaceae,Windowbox Woodsorrel,nan
Redwood National Park,Vascular Plant,Oxalidales,Oxalidaceae,Suksdorf Woodsorrel,Rare
Redwood National Park,Vascular Plant,Oxalidales,Oxalidaceae,Threeleaf Woodsorrel,nan
Redwood National Park,Vascular Plant,Pinales,Cupressaceae,Incense-Cedar,nan
Redwood National Park,Vascular Plant,Pinales,Cupressaceae,Port-Orford-Cedar,Common
Redwood National Park,Vascular Plant,Pinales,Cupressaceae,"Alaska Cedar, Alaska Yellow-Cedar, Alaska-Cedar, Nootka Cypress, Sitka Cypress, Yellow Cypress",nan
Redwood National Park,Vascular Plant,Pinales,Cupressaceae,"Lawson Cypress, Port Orford Cedar",Common
Redwood National Park,Vascular Plant,Pinales,Cupressaceae,Macnab's Cypress,nan
Redwood National Park,Vascular Plant,Pinales,Cupressaceae,Monterey Cypress,Uncommon
Redwood National Park,Vascular Plant,Pinales,Cupressaceae,Dwarf Juniper,Rare
Redwood National Park,Vascular Plant,Pinales,Cupressaceae,None,nan
Redwood National Park,Vascular Plant,Pinales,Cupressaceae,None,Rare
Redwood National Park,Vascular Plant,Pinales,Cupressaceae,None,nan
Redwood National Park,Vascular Plant,Pinales,Cupressaceae,Coastal Redwood,Abundant
Redwood National Park,Vascular Plant,Pinales,Cupressaceae,"Canoe Cedar, Western Red Cedar",Uncommon
Redwood National Park,Vascular Plant,Pinales,Pinaceae,Fir,nan
Redwood National Park,Vascular Plant,Pinales,Pinaceae,"Balsam Fir, Colorado Fir, Concolor Fir, Silver Fir, White Balsam, White Fir",nan
Redwood National Park,Vascular Plant,Pinales,Pinaceae,"Giant Fir, Grand Fir",Common
Redwood National Park,Vascular Plant,Pinales,Pinaceae,"California Red Fir, Golden Fir, Shasta Fir, Shasta Red Fir, Silvertip Fir",nan
Redwood National Park,Vascular Plant,Pinales,Pinaceae,Deodar Cedar,nan
Redwood National Park,Vascular Plant,Pinales,Pinaceae,Spruce,nan
Redwood National Park,Vascular Plant,Pinales,Pinaceae,None,nan
Redwood National Park,Vascular Plant,Pinales,Pinaceae,Sitka Spruce,Common
Redwood National Park,Vascular Plant,Pinales,Pinaceae,None,nan
Redwood National Park,Vascular Plant,Pinales,Pinaceae,None,nan
Redwood National Park,Vascular Plant,Pinales,Pinaceae,Pine,nan
Redwood National Park,Vascular Plant,Pinales,Pinaceae,"Scrub Pine, White Pine, Whitebark Pine",nan
Redwood National Park,Vascular Plant,Pinales,Pinaceae,Knobcone Pine,Uncommon
Redwood National Park,Vascular Plant,Pinales,Pinaceae,"Beach Pine, Shore Pine",Common
Redwood National Park,Vascular Plant,Pinales,Pinaceae,Aleppo Pine,Rare
Redwood National Park,Vascular Plant,Pinales,Pinaceae,Jeffrey Pine,Uncommon
Redwood National Park,Vascular Plant,Pinales,Pinaceae,"California Sugar Pine, Sugar Pine",Rare
Redwood National Park,Vascular Plant,Pinales,Pinaceae,"Idaho White Pine, Mountain White Pine, Silver Pine, Western White Pine",nan
Redwood National Park,Vascular Plant,Pinales,Pinaceae,"Bishop Pine, Prickle-Cone Pine, Santa Cruz Island Pine",nan
Redwood National Park,Vascular Plant,Pinales,Pinaceae,"Blackjack Pine, Bull Pine, Ponderosa Pine, Rock Pine, Western Yellow Pine",nan
Redwood National Park,Vascular Plant,Pinales,Pinaceae,"Insignis Pine, Monterey Pine",Uncommon
Redwood National Park,Vascular Plant,Pinales,Pinaceae,Douglas-Fir,nan
Redwood National Park,Vascular Plant,Pinales,Pinaceae,None,nan
Redwood National Park,Vascular Plant,Pinales,Pinaceae,"Douglas Spruce, Douglas-Fir, Oregon Pine, Red Fir",Abundant
Redwood National Park,Vascular Plant,Pinales,Pinaceae,Douglas-Fir,Abundant
Redwood National Park,Vascular Plant,Pinales,Pinaceae,None,nan
Redwood National Park,Vascular Plant,Pinales,Pinaceae,None,nan
Redwood National Park,Vascular Plant,Pinales,Pinaceae,Hemlock,nan
Redwood National Park,Vascular Plant,Pinales,Pinaceae,Western Hemlock,Common
Redwood National Park,Vascular Plant,Pinales,Taxaceae,Pacific Yew,Rare
Redwood National Park,Vascular Plant,Pinales,Taxaceae,"California Nutmeg, California Torreya",nan
Redwood National Park,Vascular Plant,Piperales,Aristolochiaceae,Wild Ginger,Common
Redwood National Park,Vascular Plant,Piperales,Aristolochiaceae,Marbled Wild-Ginger,nan
Redwood National Park,Vascular Plant,Piperales,Aristolochiaceae,None,nan
Redwood National Park,Vascular Plant,Poales,Cyperaceae,"Carex, Sedge, Sedge Species, Sedges",nan
Redwood National Park,Vascular Plant,Poales,Cyperaceae,Hawai'i Sedge,nan
Redwood National Park,Vascular Plant,Poales,Cyperaceae,Big-Leaf Sedge,nan
Redwood National Park,Vascular Plant,Poales,Cyperaceae,Sitka Sedge,Unknown
Redwood National Park,Vascular Plant,Poales,Cyperaceae,"Bear Sedge, Northern Clustered Sedge",nan
Redwood National Park,Vascular Plant,Poales,Cyperaceae,"Awned Sedge, Slough Sedge, Wheat Sedge",nan
Redwood National Park,Vascular Plant,Poales,Cyperaceae,"Slenderbeak Sedge, Slender-Beak Sedge",nan
Redwood National Park,Vascular Plant,Poales,Cyperaceae,Santa Barbara Sedge,nan
Redwood National Park,Vascular Plant,Poales,Cyperaceae,"Bolander Sedge, Bolander's Sedge, Wood Sedge",nan
Redwood National Park,Vascular Plant,Poales,Cyperaceae,Shortstem Sedge,nan
Redwood National Park,Vascular Plant,Poales,Cyperaceae,"Brown Bog Sedge, Buxbaum Sedge, Buxbaum's Sedge",nan
Redwood National Park,Vascular Plant,Poales,Cyperaceae,Northwestern Sedge,Unknown
Redwood National Park,Vascular Plant,Poales,Cyperaceae,Cusick's Sedge,nan
Redwood National Park,Vascular Plant,Poales,Cyperaceae,Dense Sedge,nan
Redwood National Park,Vascular Plant,Poales,Cyperaceae,"Dewey Sedge, Dewey's Sedge, Round-Fruit Short-Scale Sedge",nan
Redwood National Park,Vascular Plant,Poales,Cyperaceae,Dewey's Sedge,Unknown
Redwood National Park,Vascular Plant,Poales,Cyperaceae,Dudley's Sedge,Unknown
Redwood National Park,Vascular Plant,Poales,Cyperaceae,Star Sedge,nan
Redwood National Park,Vascular Plant,Poales,Cyperaceae,Green-Sheathed Sedge,nan
Redwood National Park,Vascular Plant,Poales,Cyperaceae,Fragile Sheath Sedge,nan
Redwood National Park,Vascular Plant,Poales,Cyperaceae,"Elk Sedge, Garber's Sedge",nan
Redwood National Park,Vascular Plant,Poales,Cyperaceae,Round Fruit Sedge,Unknown
Redwood National Park,Vascular Plant,Poales,Cyperaceae,Slender Sedge,nan
Redwood National Park,Vascular Plant,Poales,Cyperaceae,Olney's Hairy Sedge,nan
Redwood National Park,Vascular Plant,Poales,Cyperaceae,Harford's Sedge,nan
Redwood National Park,Vascular Plant,Poales,Cyperaceae,Henderson's Sedge,Unknown
Redwood National Park,Vascular Plant,Poales,Cyperaceae,Lakeshore Sedge,nan
Redwood National Park,Vascular Plant,Poales,Cyperaceae,Leporina Sedge,Unknown
Redwood National Park,Vascular Plant,Poales,Cyperaceae,Flaccid Sedge,nan
Redwood National Park,Vascular Plant,Poales,Cyperaceae,None,nan
Redwood National Park,Vascular Plant,Poales,Cyperaceae,"Shortscale Sedge, Taperfruit Shortscale Sedge",nan
Redwood National Park,Vascular Plant,Poales,Cyperaceae,Lyngbye's Sedge,nan
Redwood National Park,Vascular Plant,Poales,Cyperaceae,Mendocino Sedge,Unknown
Redwood National Park,Vascular Plant,Poales,Cyperaceae,Naked Sedge,nan
Redwood National Park,Vascular Plant,Poales,Cyperaceae,Slough Sedge,Common
Redwood National Park,Vascular Plant,Poales,Cyperaceae,None,nan
Redwood National Park,Vascular Plant,Poales,Cyperaceae,Egg-Bract Sedge,Unknown
Redwood National Park,Vascular Plant,Poales,Cyperaceae,"Chamisso Sedge, Thickhead Sedge",nan
Redwood National Park,Vascular Plant,Poales,Cyperaceae,Sand-Dune Sedge,nan
Redwood National Park,Vascular Plant,Poales,Cyperaceae,None,nan
Redwood National Park,Vascular Plant,Poales,Cyperaceae,Clustered Field Sedge,Unknown
Redwood National Park,Vascular Plant,Poales,Cyperaceae,"Meadow Sedge, Northern Meadow Sedge",nan
Redwood National Park,Vascular Plant,Poales,Cyperaceae,"Ross Sedge, Ross' Sedge, Ross's Sedge, Shortstemmed Sedge",nan
Redwood National Park,Vascular Plant,Poales,Cyperaceae,Santa Cruz Sedge,nan
Redwood National Park,Vascular Plant,Poales,Cyperaceae,Analogue Sedge,Unknown
Redwood National Park,Vascular Plant,Poales,Cyperaceae,None,Unknown
Redwood National Park,Vascular Plant,Poales,Cyperaceae,"Awlfruit Sedge, Owlfruit Sedge, Sawbeak Sedge, Stalk-Grain Sedge",Unknown
Redwood National Park,Vascular Plant,Poales,Cyperaceae,Owlfruit Sedge,Unknown
Redwood National Park,Vascular Plant,Poales,Cyperaceae,"Berkeley Sedge, Foothill Sedge",nan
Redwood National Park,Vascular Plant,Poales,Cyperaceae,Foothill Sedge,Common
Redwood National Park,Vascular Plant,Poales,Cyperaceae,Western Blister Sedge,nan
Redwood National Park,Vascular Plant,Poales,Cyperaceae,"Green Sedge, Little Green Sedge",nan
Redwood National Park,Vascular Plant,Poales,Cyperaceae,"Flatsedge, Nutgrass",Unknown
Redwood National Park,Vascular Plant,Poales,Cyperaceae,Tall Flatsedge,Unknown
Redwood National Park,Vascular Plant,Poales,Cyperaceae,None,nan
Redwood National Park,Vascular Plant,Poales,Cyperaceae,Umbrella Sedge,Unknown
Redwood National Park,Vascular Plant,Poales,Cyperaceae,None,nan
Redwood National Park,Vascular Plant,Poales,Cyperaceae,None,nan
Redwood National Park,Vascular Plant,Poales,Cyperaceae,None,nan
Redwood National Park,Vascular Plant,Poales,Cyperaceae,"Spikerush, Spikesedge",nan
Redwood National Park,Vascular Plant,Poales,Cyperaceae,Spikerush,Unknown
Redwood National Park,Vascular Plant,Poales,Cyperaceae,"Common Spikerush, Creeping Spikerush, Creeping Spike-Rush, Marsh Spike-Rush, Spikesedge",nan
Redwood National Park,Vascular Plant,Poales,Cyperaceae,"Dwarf Spikerush, Dwarf Spikesedge, Little-Head Spikerush, Little-Head Spike-Rush",Unknown
Redwood National Park,Vascular Plant,Poales,Cyperaceae,Hair Grass,nan
Redwood National Park,Vascular Plant,Poales,Cyperaceae,"Bulrush, Bulrushes",nan
Redwood National Park,Vascular Plant,Poales,Cyperaceae,Hardstem Bulrush,nan
Redwood National Park,Vascular Plant,Poales,Cyperaceae,None,nan
Redwood National Park,Vascular Plant,Poales,Cyperaceae,"Annual Tule, Low Clubrush",nan
Redwood National Park,Vascular Plant,Poales,Cyperaceae,Prairie Bulrush,nan
Redwood National Park,Vascular Plant,Poales,Cyperaceae,"Bulrush, Tule",Uncommon
Redwood National Park,Vascular Plant,Poales,Cyperaceae,None,nan
Redwood National Park,Vascular Plant,Poales,Cyperaceae,None,Unknown
Redwood National Park,Vascular Plant,Poales,Cyperaceae,None,Unknown
Redwood National Park,Vascular Plant,Poales,Juncaceae,Rush,nan
Redwood National Park,Vascular Plant,Poales,Juncaceae,Rush,nan
Redwood National Park,Vascular Plant,Poales,Juncaceae,"Jointed Rush, Jointleaf Rush",nan
Redwood National Park,Vascular Plant,Poales,Juncaceae,Bolander's Rush,Unknown
Redwood National Park,Vascular Plant,Poales,Juncaceae,Toad Rush,Common
Redwood National Park,Vascular Plant,Poales,Juncaceae,Toad Rush,Unknown
Redwood National Park,Vascular Plant,Poales,Juncaceae,Toad Rush,nan
Redwood National Park,Vascular Plant,Poales,Juncaceae,Rush,Unknown
Redwood National Park,Vascular Plant,Poales,Juncaceae,"Drummond Rush, Drummond's Rush",nan
Redwood National Park,Vascular Plant,Poales,Juncaceae,None,nan
Redwood National Park,Vascular Plant,Poales,Juncaceae,Commonrush,Unknown
Redwood National Park,Vascular Plant,Poales,Juncaceae,None,nan
Redwood National Park,Vascular Plant,Poales,Juncaceae,"Lamp Rush, Soft Rush",Unknown
Redwood National Park,Vascular Plant,Poales,Juncaceae,Common Rush,nan
Redwood National Park,Vascular Plant,Poales,Juncaceae,Pacific Rush,Unknown
Redwood National Park,Vascular Plant,Poales,Juncaceae,Rush,nan
Redwood National Park,Vascular Plant,Poales,Juncaceae,Salt Rush,Unknown
Redwood National Park,Vascular Plant,Poales,Juncaceae,Western Rush,Unknown
Redwood National Park,Vascular Plant,Poales,Juncaceae,Spreading Rush,Unknown
Redwood National Park,Vascular Plant,Poales,Juncaceae,Hair-Leaved Rush,nan
Redwood National Park,Vascular Plant,Poales,Juncaceae,Slender Rush,Unknown
Redwood National Park,Vascular Plant,Poales,Juncaceae,None,nan
Redwood National Park,Vascular Plant,Poales,Juncaceae,None,Unknown
Redwood National Park,Vascular Plant,Poales,Juncaceae,Irisleaf Rush,Unknown
Redwood National Park,Vascular Plant,Poales,Juncaceae,Field Woodrush,nan
Redwood National Park,Vascular Plant,Poales,Juncaceae,Woodrush,Common
Redwood National Park,Vascular Plant,Poales,Juncaceae,"Common Woodrush, Common Wood-Rush",nan
Redwood National Park,Vascular Plant,Poales,Juncaceae,None,nan
Redwood National Park,Vascular Plant,Poales,Juncaceae,"Millet Woodrush, Smallflower Woodrush, Smallflowered Woodrush",Unknown
Redwood National Park,Vascular Plant,Poales,Juncaceae,None,nan
Redwood National Park,Vascular Plant,Poales,Juncaceae,None,Unknown
Redwood National Park,Vascular Plant,Poales,Poaceae,Needlegrass,Rare
Redwood National Park,Vascular Plant,Poales,Poaceae,"Couchgrass, Dog Grass, Quackgrass",nan
Redwood National Park,Vascular Plant,Poales,Poaceae,None,nan
Redwood National Park,Vascular Plant,Poales,Poaceae,None,nan
Redwood National Park,Vascular Plant,Poales,Poaceae,Bentgrass,nan
Redwood National Park,Vascular Plant,Poales,Poaceae,None,Common
Redwood National Park,Vascular Plant,Poales,Poaceae,Colonial Bentgrass,Common
Redwood National Park,Vascular Plant,Poales,Poaceae,California Bentgrass,nan
Redwood National Park,Vascular Plant,Poales,Poaceae,Thin Bentgrass,nan
Redwood National Park,Vascular Plant,Poales,Poaceae,Spike Bentgrass,Unknown
Redwood National Park,Vascular Plant,Poales,Poaceae,"Bentgrass, Redtop",Common
Redwood National Park,Vascular Plant,Poales,Poaceae,Hall's Bentgrass,Common
Redwood National Park,Vascular Plant,Poales,Poaceae,Hall's Bentgrass,Common
Redwood National Park,Vascular Plant,Poales,Poaceae,Bentgrass,Unknown
Redwood National Park,Vascular Plant,Poales,Poaceae,Longtongue Bentgrass,nan
Redwood National Park,Vascular Plant,Poales,Poaceae,Small-Leaf Bentgrass,Unknown
Redwood National Park,Vascular Plant,Poales,Poaceae,"Oregon Bentgrass, Oregon Redtop",nan
Redwood National Park,Vascular Plant,Poales,Poaceae,Seashore Bentgrass,nan
Redwood National Park,Vascular Plant,Poales,Poaceae,Creeping Bentgrass,Abundant
Redwood National Park,Vascular Plant,Poales,Poaceae,None,nan
Redwood National Park,Vascular Plant,Poales,Poaceae,None,nan
Redwood National Park,Vascular Plant,Poales,Poaceae,None,Unknown
Redwood National Park,Vascular Plant,Poales,Poaceae,"European Hairgrass, Hairgrass",nan
Redwood National Park,Vascular Plant,Poales,Poaceae,None,nan
Redwood National Park,Vascular Plant,Poales,Poaceae,"European, Silver Hairgrass",Abundant
Redwood National Park,Vascular Plant,Poales,Poaceae,Hairgrass,Uncommon
Redwood National Park,Vascular Plant,Poales,Poaceae,Water Foxtail,nan
Redwood National Park,Vascular Plant,Poales,Poaceae,Short-Awn Foxtail,Uncommon
Redwood National Park,Vascular Plant,Poales,Poaceae,Water Foxtail,Uncommon
Redwood National Park,Vascular Plant,Poales,Poaceae,"Field Meadow-Foxtail, Meadow Foxtail",nan
Redwood National Park,Vascular Plant,Poales,Poaceae,Pacific Foxtail,nan
Redwood National Park,Vascular Plant,Poales,Poaceae,None,nan
Redwood National Park,Vascular Plant,Poales,Poaceae,European Beachgrass,Common
Redwood National Park,Vascular Plant,Poales,Poaceae,None,nan
Redwood National Park,Vascular Plant,Poales,Poaceae,None,nan
Redwood National Park,Vascular Plant,Poales,Poaceae,Vernalgrass,nan
Redwood National Park,Vascular Plant,Poales,Poaceae,Vernal Grass,Rare
Redwood National Park,Vascular Plant,Poales,Poaceae,None,nan
Redwood National Park,Vascular Plant,Poales,Poaceae,None,nan
Redwood National Park,Vascular Plant,Poales,Poaceae,Sweet Vernal Grass,Common
Redwood National Park,Vascular Plant,Poales,Poaceae,Oatgrass,nan
Redwood National Park,Vascular Plant,Poales,Poaceae,Tall Oat Grass,Abundant
Redwood National Park,Vascular Plant,Poales,Poaceae,"Tall Oatgrass, Tuber Oatgrass",nan
Redwood National Park,Vascular Plant,Poales,Poaceae,Tall Oatgrass,nan
Redwood National Park,Vascular Plant,Poales,Poaceae,"Oat, Oats",nan
Redwood National Park,Vascular Plant,Poales,Poaceae,Slender Wild Oat,Uncommon
Redwood National Park,Vascular Plant,Poales,Poaceae,Wild Oat,Uncommon
Redwood National Park,Vascular Plant,Poales,Poaceae,Oat,Common
Redwood National Park,Vascular Plant,Poales,Poaceae,Bamboo,Rare
Redwood National Park,Vascular Plant,Poales,Poaceae,"Purple False Brome, Purple Falsebrome",nan
Redwood National Park,Vascular Plant,Poales,Poaceae,None,nan
Redwood National Park,Vascular Plant,Poales,Poaceae,"Quaking Grass, Rattlesnake Gras",Common
Redwood National Park,Vascular Plant,Poales,Poaceae,Small Quaking Grass,Common
Redwood National Park,Vascular Plant,Poales,Poaceae,"Brome, Brome Spp.",nan
Redwood National Park,Vascular Plant,Poales,Poaceae,California Brome,Common
Redwood National Park,Vascular Plant,Poales,Poaceae,None,Common
Redwood National Park,Vascular Plant,Poales,Poaceae,None,Common
Redwood National Park,Vascular Plant,Poales,Poaceae,Rescue Grass,nan
Redwood National Park,Vascular Plant,Poales,Poaceae,Ripgut Grass,Uncommon
Redwood National Park,Vascular Plant,Poales,Poaceae,Erect Brome,nan
Redwood National Park,Vascular Plant,Poales,Poaceae,Soft Chess,Common
Redwood National Park,Vascular Plant,Poales,Poaceae,"Downy Brome, Soft Brome",Unknown
Redwood National Park,Vascular Plant,Poales,Poaceae,"Awnless Brome, Smooth Brome",nan
Redwood National Park,Vascular Plant,Poales,Poaceae,Bromegrass,Uncommon
Redwood National Park,Vascular Plant,Poales,Poaceae,Smooth Brome,Uncommon
Redwood National Park,Vascular Plant,Poales,Poaceae,Mountain Brome,nan
Redwood National Park,Vascular Plant,Poales,Poaceae,Large Mountain Brome,nan
Redwood National Park,Vascular Plant,Poales,Poaceae,Seaside Brome,Common
Redwood National Park,Vascular Plant,Poales,Poaceae,"Soft Brome, Soft Cheat, Soft Chess",Common
Redwood National Park,Vascular Plant,Poales,Poaceae,"Orcutt Brome, Orcutt's Brome",nan
Redwood National Park,Vascular Plant,Poales,Poaceae,None,nan
Redwood National Park,Vascular Plant,Poales,Poaceae,None,nan
Redwood National Park,Vascular Plant,Poales,Poaceae,Thread Brome,Uncommon
Redwood National Park,Vascular Plant,Poales,Poaceae,"Poverty Brome, Sterile Brome",Uncommon
Redwood National Park,Vascular Plant,Poales,Poaceae,"Cheat Grass, Cheatgrass, Downy Brome, Early Chess, Military Grass, Wild Oats",nan
Redwood National Park,Vascular Plant,Poales,Poaceae,None,nan
Redwood National Park,Vascular Plant,Poales,Poaceae,Narrow-Flowered Brome,Uncommon
Redwood National Park,Vascular Plant,Poales,Poaceae,None,nan
Redwood National Park,Vascular Plant,Poales,Poaceae,Reedgrass,nan
Redwood National Park,Vascular Plant,Poales,Poaceae,Bolander's Reed Grass,nan
Redwood National Park,Vascular Plant,Poales,Poaceae,Thurber's Reed Grass,nan
Redwood National Park,Vascular Plant,Poales,Poaceae,Leafy Reed Grass,nan
Redwood National Park,Vascular Plant,Poales,Poaceae,None,nan
Redwood National Park,Vascular Plant,Poales,Poaceae,Pacific Reed Grass,Uncommon
Redwood National Park,Vascular Plant,Poales,Poaceae,Pinegrass,nan
Redwood National Park,Vascular Plant,Poales,Poaceae,Pampas Grass,nan
Redwood National Park,Vascular Plant,Poales,Poaceae,None,nan
Redwood National Park,Vascular Plant,Poales,Poaceae,None,nan
Redwood National Park,Vascular Plant,Poales,Poaceae,"Jubata Grass, Pampas Grass",Common
Redwood National Park,Vascular Plant,Poales,Poaceae,Pampas Grass,nan
Redwood National Park,Vascular Plant,Poales,Poaceae,Swamp Grass,Unknown
Redwood National Park,Vascular Plant,Poales,Poaceae,Dogstail Grass,nan
Redwood National Park,Vascular Plant,Poales,Poaceae,None,nan
Redwood National Park,Vascular Plant,Poales,Poaceae,Crested Dogstail Grass,Uncommon
Redwood National Park,Vascular Plant,Poales,Poaceae,"Dogtail, Hedgehog Dogtail",Common
Redwood National Park,Vascular Plant,Poales,Poaceae,Orchardgrass,nan
Redwood National Park,Vascular Plant,Poales,Poaceae,Orchard Grass,Abundant
Redwood National Park,Vascular Plant,Poales,Poaceae,None,nan
Redwood National Park,Vascular Plant,Poales,Poaceae,"Danthonia, Oatgrass",nan
Redwood National Park,Vascular Plant,Poales,Poaceae,None,nan
Redwood National Park,Vascular Plant,Poales,Poaceae,California Oatgrass,Common
Redwood National Park,Vascular Plant,Poales,Poaceae,Hairy Oatgrass,Uncommon
Redwood National Park,Vascular Plant,Poales,Poaceae,"Onespike Danthonia, Onespike Oatgrass",nan
Redwood National Park,Vascular Plant,Poales,Poaceae,Tufted Hairgrass,Uncommon
Redwood National Park,Vascular Plant,Poales,Poaceae,Tufted Hairgrass,nan
Redwood National Park,Vascular Plant,Poales,Poaceae,Tufted Hairgrass,Unknown
Redwood National Park,Vascular Plant,Poales,Poaceae,Pacific Hairgrass,nan
Redwood National Park,Vascular Plant,Poales,Poaceae,Tufted Hairgrass,nan
Redwood National Park,Vascular Plant,Poales,Poaceae,None,nan
Redwood National Park,Vascular Plant,Poales,Poaceae,None,nan
Redwood National Park,Vascular Plant,Poales,Poaceae,Annual Hairgrass,Unknown
Redwood National Park,Vascular Plant,Poales,Poaceae,Slender Hairgrass,Unknown
Redwood National Park,Vascular Plant,Poales,Poaceae,Pacific Hairgrass,nan
Redwood National Park,Vascular Plant,Poales,Poaceae,"Hotsprings Panicum, Hotsprings Rosette Grass, Tapered Rosette Grass",nan
Redwood National Park,Vascular Plant,Poales,Poaceae,"Desert Saltgrass, Inland Saltgrass, Marsh Spikegrass, Saltgrass, Seashore Saltgrass",nan
Redwood National Park,Vascular Plant,Poales,Poaceae,None,nan
Redwood National Park,Vascular Plant,Poales,Poaceae,Wildrye,nan
Redwood National Park,Vascular Plant,Poales,Poaceae,California Bottlebrush Grass,nan
Redwood National Park,Vascular Plant,Poales,Poaceae,None,nan
Redwood National Park,Vascular Plant,Poales,Poaceae,Blue Wildrye,Abundant
Redwood National Park,Vascular Plant,Poales,Poaceae,"Blue Wild Rye, Blue Wildrye",nan
Redwood National Park,Vascular Plant,Poales,Poaceae,None,nan
Redwood National Park,Vascular Plant,Poales,Poaceae,None,Unknown
Redwood National Park,Vascular Plant,Poales,Poaceae,None,nan
Redwood National Park,Vascular Plant,Poales,Poaceae,Big Squirreltail,nan
Redwood National Park,Vascular Plant,Poales,Poaceae,"Slender Wheatgrass, Slender Wild Rye",Unknown
Redwood National Park,Vascular Plant,Poales,Poaceae,Wheat Grass,Unknown
Redwood National Park,Vascular Plant,Poales,Poaceae,None,nan
Redwood National Park,Vascular Plant,Poales,Poaceae,Quack Grass,nan
Redwood National Park,Vascular Plant,Poales,Poaceae,Fescue,nan
Redwood National Park,Vascular Plant,Poales,Poaceae,"Alta Fescue, Reed Fescue",Unknown
Redwood National Park,Vascular Plant,Poales,Poaceae,None,nan
Redwood National Park,Vascular Plant,Poales,Poaceae,None,nan
Redwood National Park,Vascular Plant,Poales,Poaceae,California Fescue,Uncommon
Redwood National Park,Vascular Plant,Poales,Poaceae,California Fescue,Uncommon
Redwood National Park,Vascular Plant,Poales,Poaceae,None,nan
Redwood National Park,Vascular Plant,Poales,Poaceae,None,nan
Redwood National Park,Vascular Plant,Poales,Poaceae,Elmer's Fescue,Unknown
Redwood National Park,Vascular Plant,Poales,Poaceae,None,Unknown
Redwood National Park,Vascular Plant,Poales,Poaceae,"Blue Bunchgrass, Idahoe Fescue",Unknown
Redwood National Park,Vascular Plant,Poales,Poaceae,None,nan
Redwood National Park,Vascular Plant,Poales,Poaceae,None,nan
Redwood National Park,Vascular Plant,Poales,Poaceae,None,nan
Redwood National Park,Vascular Plant,Poales,Poaceae,Western Fescue,Unknown
Redwood National Park,Vascular Plant,Poales,Poaceae,Sheep Fescue,nan
Redwood National Park,Vascular Plant,Poales,Poaceae,None,nan
Redwood National Park,Vascular Plant,Poales,Poaceae,Meadow Fescue,Unknown
Redwood National Park,Vascular Plant,Poales,Poaceae,None,nan
Redwood National Park,Vascular Plant,Poales,Poaceae,Red Fescue,Uncommon
Redwood National Park,Vascular Plant,Poales,Poaceae,Red Fescue,Unknown
Redwood National Park,Vascular Plant,Poales,Poaceae,None,nan
Redwood National Park,Vascular Plant,Poales,Poaceae,None,nan
Redwood National Park,Vascular Plant,Poales,Poaceae,Bearded Fescue,Unknown
Redwood National Park,Vascular Plant,Poales,Poaceae,Crinkle Awn Fescue,Unknown
Redwood National Park,Vascular Plant,Poales,Poaceae,"Greenleaf Fescue, Mt Bunchgrass",nan
Redwood National Park,Vascular Plant,Poales,Poaceae,None,nan
Redwood National Park,Vascular Plant,Poales,Poaceae,Nitgrass,Unknown
Redwood National Park,Vascular Plant,Poales,Poaceae,Waxy Mannagrass,nan
Redwood National Park,Vascular Plant,Poales,Poaceae,Fowl Or Tall Mannagrass,Unknown
Redwood National Park,Vascular Plant,Poales,Poaceae,Water Mannagrass,Unknown
Redwood National Park,Vascular Plant,Poales,Poaceae,Mannagrass,Common
Redwood National Park,Vascular Plant,Poales,Poaceae,Fowl Mannagrass,nan
Redwood National Park,Vascular Plant,Poales,Poaceae,None,nan
Redwood National Park,Vascular Plant,Poales,Poaceae,Vanilla Grass,Uncommon
Redwood National Park,Vascular Plant,Poales,Poaceae,None,nan
Redwood National Park,Vascular Plant,Poales,Poaceae,"Velvet Grass, Velvetgrass",nan
Redwood National Park,Vascular Plant,Poales,Poaceae,Velvet Grass,Common
Redwood National Park,Vascular Plant,Poales,Poaceae,Creeping Velvetgrass,nan
Redwood National Park,Vascular Plant,Poales,Poaceae,Barley,nan
Redwood National Park,Vascular Plant,Poales,Poaceae,Meadow Barley,Unknown
Redwood National Park,Vascular Plant,Poales,Poaceae,None,nan
Redwood National Park,Vascular Plant,Poales,Poaceae,None,nan
Redwood National Park,Vascular Plant,Poales,Poaceae,None,nan
Redwood National Park,Vascular Plant,Poales,Poaceae,Foxtail Barley,Unknown
Redwood National Park,Vascular Plant,Poales,Poaceae,"Hare Barley, Leporinum Barley, Wild Barley",Unknown
Redwood National Park,Vascular Plant,Poales,Poaceae,"Mediterannean Barley, Mediterranean Barley",Unknown
Redwood National Park,Vascular Plant,Poales,Poaceae,"Bulbous Barley, Mouse Barley",Unknown
Redwood National Park,Vascular Plant,Poales,Poaceae,"Lepor Barley, Leporinum Barley",Unknown
Redwood National Park,Vascular Plant,Poales,Poaceae,"Barley, Cereal Barley, Common Barley",nan
Redwood National Park,Vascular Plant,Poales,Poaceae,"Junegrass, Koeleria",nan
Redwood National Park,Vascular Plant,Poales,Poaceae,None,Unknown
Redwood National Park,Vascular Plant,Poales,Poaceae,Junegrass,Unknown
Redwood National Park,Vascular Plant,Poales,Poaceae,"American Dunegrass, American Ryegrass",nan
Redwood National Park,Vascular Plant,Poales,Poaceae,American Dunegrass,Uncommon
Redwood National Park,Vascular Plant,Poales,Poaceae,Ryegrass,nan
Redwood National Park,Vascular Plant,Poales,Poaceae,"Annual Ryegrass, Italian Ryegrass",Unknown
Redwood National Park,Vascular Plant,Poales,Poaceae,None,nan
Redwood National Park,Vascular Plant,Poales,Poaceae,Perennial Ryegrass,Unknown
Redwood National Park,Vascular Plant,Poales,Poaceae,"Annual Ryegrass, Italian Ryegrass, Perennial Rye Grass",Unknown
Redwood National Park,Vascular Plant,Poales,Poaceae,"Perennial Rye Grass, Perennial Ryegrass",nan
Redwood National Park,Vascular Plant,Poales,Poaceae,"English Rye Grass, Perennial Ryegrass",nan
Redwood National Park,Vascular Plant,Poales,Poaceae,None,nan
Redwood National Park,Vascular Plant,Poales,Poaceae,Darnel,Unknown
Redwood National Park,Vascular Plant,Poales,Poaceae,None,Uncommon
Redwood National Park,Vascular Plant,Poales,Poaceae,"Melic, Melicgrass, Oniongrass",nan
Redwood National Park,Vascular Plant,Poales,Poaceae,Awned Oniongrass,Unknown
Redwood National Park,Vascular Plant,Poales,Poaceae,Geyer's Oniongrass,Unknown
Redwood National Park,Vascular Plant,Poales,Poaceae,Geyer's Oniongrass,Unknown
Redwood National Park,Vascular Plant,Poales,Poaceae,Hartford's Oniongrass,Unknown
Redwood National Park,Vascular Plant,Poales,Poaceae,Alaska Oniongrass,Unknown
Redwood National Park,Vascular Plant,Poales,Poaceae,Alaska Oniongrass,nan
Redwood National Park,Vascular Plant,Poales,Poaceae,Pullup Muhly,Unknown
Redwood National Park,Vascular Plant,Poales,Poaceae,None,Unknown
Redwood National Park,Vascular Plant,Poales,Poaceae,None,Unknown
Redwood National Park,Vascular Plant,Poales,Poaceae,"Parapholis, Sicklegrass",nan
Redwood National Park,Vascular Plant,Poales,Poaceae,None,nan
Redwood National Park,Vascular Plant,Poales,Poaceae,Dallis Grass,Uncommon
Redwood National Park,Vascular Plant,Poales,Poaceae,"Knotgrass, Knotroot Paspalum",nan
Redwood National Park,Vascular Plant,Poales,Poaceae,Canarygrass,nan
Redwood National Park,Vascular Plant,Poales,Poaceae,"Canarygrass, Harding Grass",Uncommon
Redwood National Park,Vascular Plant,Poales,Poaceae,Reed Canarygrass,Common
Redwood National Park,Vascular Plant,Poales,Poaceae,None,nan
Redwood National Park,Vascular Plant,Poales,Poaceae,California Canarygrass,Unknown
Redwood National Park,Vascular Plant,Poales,Poaceae,"Annual Canarygrass, Common Canary Grass, Common Canarygrass",nan
Redwood National Park,Vascular Plant,Poales,Poaceae,"Canarygrass, Littleseed Canarygrass",Unknown
Redwood National Park,Vascular Plant,Poales,Poaceae,Canarygrass,Unknown
Redwood National Park,Vascular Plant,Poales,Poaceae,None,Unknown
Redwood National Park,Vascular Plant,Poales,Poaceae,None,nan
Redwood National Park,Vascular Plant,Poales,Poaceae,Timothy,nan
Redwood National Park,Vascular Plant,Poales,Poaceae,Cultivated Timothy,Uncommon
Redwood National Park,Vascular Plant,Poales,Poaceae,Common Reed,nan
Redwood National Park,Vascular Plant,Poales,Poaceae,Nodding Semaphore Grass,Common
Redwood National Park,Vascular Plant,Poales,Poaceae,"Bluegrass, Bluegrass Spp.",nan
Redwood National Park,Vascular Plant,Poales,Poaceae,Annual Bluegrass,Unknown
Redwood National Park,Vascular Plant,Poales,Poaceae,None,nan
Redwood National Park,Vascular Plant,Poales,Poaceae,None,nan
Redwood National Park,Vascular Plant,Poales,Poaceae,Canadian Bluegrass,Unknown
Redwood National Park,Vascular Plant,Poales,Poaceae,Beach Bluegrass,nan
Redwood National Park,Vascular Plant,Poales,Poaceae,"Maritime Bluegrass, Sand-Dune Bluegrass",nan
Redwood National Park,Vascular Plant,Poales,Poaceae,None,nan
Redwood National Park,Vascular Plant,Poales,Poaceae,Howell's Bluegrass,Unknown
Redwood National Park,Vascular Plant,Poales,Poaceae,Kellogg's Bluegrass,Uncommon
Redwood National Park,Vascular Plant,Poales,Poaceae,"Bog Bluegrass, Bog Bluegrass, Marsh, Marsh Bluegrass",nan
Redwood National Park,Vascular Plant,Poales,Poaceae,Fowl Bluegrass,nan
Redwood National Park,Vascular Plant,Poales,Poaceae,Piper's Bluegrass,Rare
Redwood National Park,Vascular Plant,Poales,Poaceae,Kentucky Bluegrass,Common
Redwood National Park,Vascular Plant,Poales,Poaceae,Kentucky Bluegrass,nan
Redwood National Park,Vascular Plant,Poales,Poaceae,None,nan
Redwood National Park,Vascular Plant,Poales,Poaceae,One Sided Bluegrass,Unknown
Redwood National Park,Vascular Plant,Poales,Poaceae,None,nan
Redwood National Park,Vascular Plant,Poales,Poaceae,Rough Stalked Bluegrass,Common
Redwood National Park,Vascular Plant,Poales,Poaceae,San Francisco Bluegrass,nan
Redwood National Park,Vascular Plant,Poales,Poaceae,Grasses,nan
Redwood National Park,Vascular Plant,Poales,Poaceae,Chilean Beard Grass,Unknown
Redwood National Park,Vascular Plant,Poales,Poaceae,Mediterranean Rabbitsfoot Grass,nan
Redwood National Park,Vascular Plant,Poales,Poaceae,Annual Beard Grass,Unknown
Redwood National Park,Vascular Plant,Poales,Poaceae,"Bluebunch Wheatgrass, Bluebunch-Wheat Grass",Unknown
Redwood National Park,Vascular Plant,Poales,Poaceae,"Bluebunch Wheatgrass, Bluebunch-Wheat Grass",Unknown
Redwood National Park,Vascular Plant,Poales,Poaceae,None,nan
Redwood National Park,Vascular Plant,Poales,Poaceae,Alkalai Grass,Unknown
Redwood National Park,Vascular Plant,Poales,Poaceae,None,nan
Redwood National Park,Vascular Plant,Poales,Poaceae,None,nan
Redwood National Park,Vascular Plant,Poales,Poaceae,Cordgrass,nan
Redwood National Park,Vascular Plant,Poales,Poaceae,"Prairie Wedgegrass, Prairie Wedgescale",nan
Redwood National Park,Vascular Plant,Poales,Poaceae,Needlegrass,nan
Redwood National Park,Vascular Plant,Poales,Poaceae,None,nan
Redwood National Park,Vascular Plant,Poales,Poaceae,"Medusahead, Medusahead Rye",Unknown
Redwood National Park,Vascular Plant,Poales,Poaceae,Pale False Mannagrass,Unknown
Redwood National Park,Vascular Plant,Poales,Poaceae,Weak Mannagrass,Unknown
Redwood National Park,Vascular Plant,Poales,Poaceae,"Oatgrass, Trisetum",nan
Redwood National Park,Vascular Plant,Poales,Poaceae,Tall Trisetum,Uncommon
Redwood National Park,Vascular Plant,Poales,Poaceae,Nodding Trisetum,Unknown
Redwood National Park,Vascular Plant,Poales,Poaceae,Tall Oatgrass,nan
Redwood National Park,Vascular Plant,Poales,Poaceae,Cultivated Wheat,Unknown
Redwood National Park,Vascular Plant,Poales,Poaceae,Fescue,nan
Redwood National Park,Vascular Plant,Poales,Poaceae,Six Weeks Fescue,Common
Redwood National Park,Vascular Plant,Poales,Poaceae,None,nan
Redwood National Park,Vascular Plant,Poales,Poaceae,None,nan
Redwood National Park,Vascular Plant,Poales,Poaceae,None,Unknown
Redwood National Park,Vascular Plant,Poales,Poaceae,Pacific Fescue,nan
Redwood National Park,Vascular Plant,Poales,Poaceae,Rattail Fescue,Unknown
Redwood National Park,Vascular Plant,Poales,Poaceae,None,Unknown
Redwood National Park,Vascular Plant,Poales,Poaceae,None,Unknown
Redwood National Park,Vascular Plant,Poales,Poaceae,None,nan
Redwood National Park,Vascular Plant,Poales,Typhaceae,Burreed,Unknown
Redwood National Park,Vascular Plant,Poales,Typhaceae,European Bur-Reed,Unknown
Redwood National Park,Vascular Plant,Poales,Typhaceae,Emersed Bur-Reed,nan
Redwood National Park,Vascular Plant,Poales,Typhaceae,"Broadfruit Burreed, Broadfruit Bur-Reed, Broad-Fruit Burr-Reed, Giant Burreed",Unknown
Redwood National Park,Vascular Plant,Poales,Typhaceae,None,Unknown
Redwood National Park,Vascular Plant,Poales,Typhaceae,Cattail,nan
Redwood National Park,Vascular Plant,Poales,Typhaceae,"Broadleaf Cattail, Cattail, Common Cattail",Uncommon
Redwood National Park,Vascular Plant,Polypodiales,Aspleniaceae,Maidenhair Spleenwort,nan
Redwood National Park,Vascular Plant,Polypodiales,Blechnaceae,Midsorus Fern,nan
Redwood National Park,Vascular Plant,Polypodiales,Blechnaceae,Deer Fern,Common
Redwood National Park,Vascular Plant,Polypodiales,Blechnaceae,Rib Fern,nan
Redwood National Park,Vascular Plant,Polypodiales,Blechnaceae,None,nan
Redwood National Park,Vascular Plant,Polypodiales,Blechnaceae,"Chain Fern, Chainfern",nan
Redwood National Park,Vascular Plant,Polypodiales,Blechnaceae,Chain Fern,Uncommon
Redwood National Park,Vascular Plant,Polypodiales,Dennstaedtiaceae,"Bracken Ferns, Brackenfern, Brake-Fern",nan
Redwood National Park,Vascular Plant,Polypodiales,Dennstaedtiaceae,"Bracken, Bracken Fern, Brackenfern, Northern Bracken Fern, Western Brackenfern",Abundant
Redwood National Park,Vascular Plant,Polypodiales,Dennstaedtiaceae,None,nan
Redwood National Park,Vascular Plant,Polypodiales,Dennstaedtiaceae,Bracken Fern,Abundant
Redwood National Park,Vascular Plant,Polypodiales,Dennstaedtiaceae,None,nan
Redwood National Park,Vascular Plant,Polypodiales,Dryopteridaceae,Wood Fern,Uncommon
Redwood National Park,Vascular Plant,Polypodiales,Dryopteridaceae,None,nan
Redwood National Park,Vascular Plant,Polypodiales,Dryopteridaceae,Spreading Woodfern,Uncommon
Redwood National Park,Vascular Plant,Polypodiales,Dryopteridaceae,None,nan
Redwood National Park,Vascular Plant,Polypodiales,Dryopteridaceae,"Christmas Fern, Holly Fern, Hollyfern, Sword Fern",nan
Redwood National Park,Vascular Plant,Polypodiales,Dryopteridaceae,Imbricate Sword Fern,Uncommon
Redwood National Park,Vascular Plant,Polypodiales,Dryopteridaceae,"Hollyfern, Northern Hollyfern",nan
Redwood National Park,Vascular Plant,Polypodiales,Dryopteridaceae,None,nan
Redwood National Park,Vascular Plant,Polypodiales,Dryopteridaceae,Western Sword Fern,Abundant
Redwood National Park,Vascular Plant,Polypodiales,Polypodiaceae,None,nan
Redwood National Park,Vascular Plant,Polypodiales,Polypodiaceae,California Polypody,Common
Redwood National Park,Vascular Plant,Polypodiales,Polypodiaceae,None,nan
Redwood National Park,Vascular Plant,Polypodiales,Polypodiaceae,Licorice Fern,Common
Redwood National Park,Vascular Plant,Polypodiales,Polypodiaceae,Leather Fern,Uncommon
Redwood National Park,Vascular Plant,Polypodiales,Pteridaceae,Maidenhair Fern,nan
Redwood National Park,Vascular Plant,Polypodiales,Pteridaceae,Five-Finger Fern,Uncommon
Redwood National Park,Vascular Plant,Polypodiales,Pteridaceae,"Common Maidenhair, Common Maidenhair Fern, Venus Hairfern",nan
Redwood National Park,Vascular Plant,Polypodiales,Pteridaceae,None,nan
Redwood National Park,Vascular Plant,Polypodiales,Pteridaceae,"California Maidenhair, California Maidenhair Fern",nan
Redwood National Park,Vascular Plant,Polypodiales,Pteridaceae,"Maidenfern, Maidenhair, Maidenhair Fern, Northern Maidenhair",Uncommon
Redwood National Park,Vascular Plant,Polypodiales,Pteridaceae,None,nan
Redwood National Park,Vascular Plant,Polypodiales,Pteridaceae,California Lace Fern,Uncommon
Redwood National Park,Vascular Plant,Polypodiales,Pteridaceae,"Lip Ferns, Lipfern",nan
Redwood National Park,Vascular Plant,Polypodiales,Pteridaceae,Lace Fern,Uncommon
Redwood National Park,Vascular Plant,Polypodiales,Pteridaceae,None,nan
Redwood National Park,Vascular Plant,Polypodiales,Pteridaceae,Goldback Fern,Uncommon
Redwood National Park,Vascular Plant,Polypodiales,Pteridaceae,None,Unknown
Redwood National Park,Vascular Plant,Polypodiales,Pteridaceae,None,nan
Redwood National Park,Vascular Plant,Polypodiales,Woodsiaceae,"Lady Fern, Ladyfern",nan
Redwood National Park,Vascular Plant,Polypodiales,Woodsiaceae,Alpine Ladyfern,nan
Redwood National Park,Vascular Plant,Polypodiales,Woodsiaceae,None,nan
Redwood National Park,Vascular Plant,Polypodiales,Woodsiaceae,Lady Fern,nan
Redwood National Park,Vascular Plant,Polypodiales,Woodsiaceae,Lady Fern,Common
Redwood National Park,Vascular Plant,Polypodiales,Woodsiaceae,Southwestern Ladyfern,nan
Redwood National Park,Vascular Plant,Polypodiales,Woodsiaceae,Subarctic Ladyfern,nan
Redwood National Park,Vascular Plant,Polypodiales,Woodsiaceae,None,nan
Redwood National Park,Vascular Plant,Polypodiales,Woodsiaceae,None,nan
Redwood National Park,Vascular Plant,Polypodiales,Woodsiaceae,"Bladder Fern, Bladderfern, Brittle Fern",nan
Redwood National Park,Vascular Plant,Polypodiales,Woodsiaceae,"Brittle Fern, Fragile Fern",Unknown
Redwood National Park,Vascular Plant,Ranunculales,Berberidaceae,Deer's Foot,nan
Redwood National Park,Vascular Plant,Ranunculales,Berberidaceae,"Deer-Foot, Deervetch Vanillaleaf, Sweet After Death, Vanillaleaf",Uncommon
Redwood National Park,Vascular Plant,Ranunculales,Berberidaceae,"Deerfoot, Vanilla Leaf",Uncommon
Redwood National Park,Vascular Plant,Ranunculales,Berberidaceae,None,nan
Redwood National Park,Vascular Plant,Ranunculales,Berberidaceae,"Algerita, Barberry, Berb_Ris, Holly Grape, Oregon-Grape",nan
Redwood National Park,Vascular Plant,Ranunculales,Berberidaceae,"Barberry, Oregon Grape",Common
Redwood National Park,Vascular Plant,Ranunculales,Berberidaceae,Barberry,Uncommon
Redwood National Park,Vascular Plant,Ranunculales,Berberidaceae,Barberry,Uncommon
Redwood National Park,Vascular Plant,Ranunculales,Berberidaceae,Barberry,Uncommon
Redwood National Park,Vascular Plant,Ranunculales,Berberidaceae,Creeping Barberry,nan
Redwood National Park,Vascular Plant,Ranunculales,Berberidaceae,Creeping Barberry,nan
Redwood National Park,Vascular Plant,Ranunculales,Berberidaceae,"Barberry, Oregon Grape",nan
Redwood National Park,Vascular Plant,Ranunculales,Berberidaceae,Hollyleaved Barberry,Uncommon
Redwood National Park,Vascular Plant,Ranunculales,Berberidaceae,Cascade Barberry,nan
Redwood National Park,Vascular Plant,Ranunculales,Berberidaceae,None,nan
Redwood National Park,Vascular Plant,Ranunculales,Berberidaceae,Insideout Flower,nan
Redwood National Park,Vascular Plant,Ranunculales,Berberidaceae,Siskiyou Inside-Out Flower,nan
Redwood National Park,Vascular Plant,Ranunculales,Berberidaceae,Inside-Out Flower,Common
Redwood National Park,Vascular Plant,Ranunculales,Berberidaceae,Redwood-Ivy,nan
Redwood National Park,Vascular Plant,Ranunculales,Papaveraceae,Harford's Tree Poppy,nan
Redwood National Park,Vascular Plant,Ranunculales,Papaveraceae,Bleeding Heart,Common
Redwood National Park,Vascular Plant,Ranunculales,Papaveraceae,Pacific Bleeding Heart,nan
Redwood National Park,Vascular Plant,Ranunculales,Papaveraceae,Oregon Bleeding Heart,nan
Redwood National Park,Vascular Plant,Ranunculales,Papaveraceae,Oregon Bleeding Heart,nan
Redwood National Park,Vascular Plant,Ranunculales,Papaveraceae,California Poppy,Uncommon
Redwood National Park,Vascular Plant,Ranunculales,Papaveraceae,California Poppy,Uncommon
Redwood National Park,Vascular Plant,Ranunculales,Papaveraceae,"California Creamcups, Creamcups",nan
Redwood National Park,Vascular Plant,Ranunculales,Ranunculaceae,Baneberry,Uncommon
Redwood National Park,Vascular Plant,Ranunculales,Ranunculaceae,Red Baneberry,nan
Redwood National Park,Vascular Plant,Ranunculales,Ranunculaceae,None,nan
Redwood National Park,Vascular Plant,Ranunculales,Ranunculaceae,"Anemone, Windflower",Rare
Redwood National Park,Vascular Plant,Ranunculales,Ranunculaceae,Anemone,Rare
Redwood National Park,Vascular Plant,Ranunculales,Ranunculaceae,Blue Windflower,Rare
Redwood National Park,Vascular Plant,Ranunculales,Ranunculaceae,None,nan
Redwood National Park,Vascular Plant,Ranunculales,Ranunculaceae,None,nan
Redwood National Park,Vascular Plant,Ranunculales,Ranunculaceae,None,nan
Redwood National Park,Vascular Plant,Ranunculales,Ranunculaceae,Western Columbine,Common
Redwood National Park,Vascular Plant,Ranunculales,Ranunculaceae,None,Common
Redwood National Park,Vascular Plant,Ranunculales,Ranunculaceae,None,nan
Redwood National Park,Vascular Plant,Ranunculales,Ranunculaceae,Marsh Marigold,Uncommon
Redwood National Park,Vascular Plant,Ranunculales,Ranunculaceae,"Clematis, Leather Flower",nan
Redwood National Park,Vascular Plant,Ranunculales,Ranunculaceae,Virgin's Bower,Unknown
Redwood National Park,Vascular Plant,Ranunculales,Ranunculaceae,Oregon Goldthread,nan
Redwood National Park,Vascular Plant,Ranunculales,Ranunculaceae,Larkspur,nan
Redwood National Park,Vascular Plant,Ranunculales,Ranunculaceae,Anthony's Peak Larkspur,nan
Redwood National Park,Vascular Plant,Ranunculales,Ranunculaceae,Yellowtinge Larkspur,Unknown
Redwood National Park,Vascular Plant,Ranunculales,Ranunculaceae,Tracy's Larkspur,Unknown
Redwood National Park,Vascular Plant,Ranunculales,Ranunculaceae,None,nan
Redwood National Park,Vascular Plant,Ranunculales,Ranunculaceae,Red Or Orange Larkspur,Uncommon
Redwood National Park,Vascular Plant,Ranunculales,Ranunculaceae,"Cow Poison, Poison Larkspur",Uncommon
Redwood National Park,Vascular Plant,Ranunculales,Ranunculaceae,Hybrid Larkspur,Uncommon
Redwood National Park,Vascular Plant,Ranunculales,Ranunculaceae,Siskiyou Rue-Anemone,Rare
Redwood National Park,Vascular Plant,Ranunculales,Ranunculaceae,Buttercup,nan
Redwood National Park,Vascular Plant,Ranunculales,Ranunculaceae,"Meadow Buttercup, Tall Buttercup",nan
Redwood National Park,Vascular Plant,Ranunculales,Ranunculaceae,None,nan
Redwood National Park,Vascular Plant,Ranunculales,Ranunculaceae,California Buttercup,Unknown
Redwood National Park,Vascular Plant,Ranunculales,Ranunculaceae,"Greater Creeping Spearwort, Spearwort Buttercup",nan
Redwood National Park,Vascular Plant,Ranunculales,Ranunculaceae,Buttercup,Unknown
Redwood National Park,Vascular Plant,Ranunculales,Ranunculaceae,Western Buttercup,Unknown
Redwood National Park,Vascular Plant,Ranunculales,Ranunculaceae,None,Unknown
Redwood National Park,Vascular Plant,Ranunculales,Ranunculaceae,Straight-Beaked Buttercup,nan
Redwood National Park,Vascular Plant,Ranunculales,Ranunculaceae,Creeping Buttercup,Common
Redwood National Park,Vascular Plant,Ranunculales,Ranunculaceae,Creeping Buttercup,Unknown
Redwood National Park,Vascular Plant,Ranunculales,Ranunculaceae,"Hooked Buttercup, Woodland Buttercup",Unknown
Redwood National Park,Vascular Plant,Ranunculales,Ranunculaceae,Idaho Buttercup,Unknown
Redwood National Park,Vascular Plant,Ranunculales,Ranunculaceae,None,nan
Redwood National Park,Vascular Plant,Rosales,Cannabaceae,"Marijuana, Pot",nan
Redwood National Park,Vascular Plant,Rosales,Rhamnaceae,None,nan
Redwood National Park,Vascular Plant,Rosales,Rhamnaceae,Buckbrush,nan
Redwood National Park,Vascular Plant,Rosales,Rhamnaceae,Carmel Ceanothus,nan
Redwood National Park,Vascular Plant,Rosales,Rhamnaceae,"Deerbrush, Deerbrush Ceanothus",nan
Redwood National Park,Vascular Plant,Rosales,Rhamnaceae,"Prostrate Ceanothus, Siskiyou Mat",Unknown
Redwood National Park,Vascular Plant,Rosales,Rhamnaceae,None,nan
Redwood National Park,Vascular Plant,Rosales,Rhamnaceae,Blue Blossom,Common
Redwood National Park,Vascular Plant,Rosales,Rhamnaceae,"Snowbrush Ceanothus, Snowbush",nan
Redwood National Park,Vascular Plant,Rosales,Rhamnaceae,"Snowbrush Ceanothus, Snowbush",nan
Redwood National Park,Vascular Plant,Rosales,Rhamnaceae,Tobacco Brush,nan
Redwood National Park,Vascular Plant,Rosales,Rhamnaceae,Hooker's Ceanothus,Uncommon
Redwood National Park,Vascular Plant,Rosales,Rhamnaceae,Buckthorn,nan
Redwood National Park,Vascular Plant,Rosales,Rhamnaceae,California Buckthorn,Unknown
Redwood National Park,Vascular Plant,Rosales,Rhamnaceae,California Coffeeberry,Unknown
Redwood National Park,Vascular Plant,Rosales,Rhamnaceae,Coffeeberry,Uncommon
Redwood National Park,Vascular Plant,Rosales,Rhamnaceae,None,nan
Redwood National Park,Vascular Plant,Rosales,Rhamnaceae,Cascara Sagrada,Common
Redwood National Park,Vascular Plant,Rosales,Rhamnaceae,None,nan
Redwood National Park,Vascular Plant,Rosales,Rosaceae,None,nan
Redwood National Park,Vascular Plant,Rosales,Rosaceae,None,nan
Redwood National Park,Vascular Plant,Rosales,Rosaceae,Serviceberry,nan
Redwood National Park,Vascular Plant,Rosales,Rosaceae,"Juneberry, Pacific Serviceberry, Saskatoon Serviceberry, Western Serviceberry, Western Shadbush",Uncommon
Redwood National Park,Vascular Plant,Rosales,Rosaceae,None,nan
Redwood National Park,Vascular Plant,Rosales,Rosaceae,None,nan
Redwood National Park,Vascular Plant,Rosales,Rosaceae,None,nan
Redwood National Park,Vascular Plant,Rosales,Rosaceae,Pale Serviceberry,Rare
Redwood National Park,Vascular Plant,Rosales,Rosaceae,Utah Serviceberry,Rare
Redwood National Park,Vascular Plant,Rosales,Rosaceae,None,Unknown
Redwood National Park,Vascular Plant,Rosales,Rosaceae,Bride's Feathers,Rare
Redwood National Park,Vascular Plant,Rosales,Rosaceae,Mountain Mahogany,Uncommon
Redwood National Park,Vascular Plant,Rosales,Rosaceae,Flowering Quince,nan
Redwood National Park,Vascular Plant,Rosales,Rosaceae,None,nan
Redwood National Park,Vascular Plant,Rosales,Rosaceae,"Franchet's Cotoneaster, Orange Cotoneaster",Common
Redwood National Park,Vascular Plant,Rosales,Rosaceae,None,nan
Redwood National Park,Vascular Plant,Rosales,Rosaceae,Smallleaf Cotoneaster,Rare
Redwood National Park,Vascular Plant,Rosales,Rosaceae,"Cotoneaster, Silverleaf Cotoneaster, Velvet Cotoneaster",nan
Redwood National Park,Vascular Plant,Rosales,Rosaceae,"Firethorn, Silverleaf Cotoneaster",Uncommon
Redwood National Park,Vascular Plant,Rosales,Rosaceae,"Black Hawthorn, River Hawthorn",nan
Redwood National Park,Vascular Plant,Rosales,Rosaceae,Hawthorn,Uncommon
Redwood National Park,Vascular Plant,Rosales,Rosaceae,Strawberry,nan
Redwood National Park,Vascular Plant,Rosales,Rosaceae,None,nan
Redwood National Park,Vascular Plant,Rosales,Rosaceae,None,nan
Redwood National Park,Vascular Plant,Rosales,Rosaceae,Beach Strawberry,Common
Redwood National Park,Vascular Plant,Rosales,Rosaceae,Pacific Strawberry,nan
Redwood National Park,Vascular Plant,Rosales,Rosaceae,Wood Strawberry,Unknown
Redwood National Park,Vascular Plant,Rosales,Rosaceae,California Strawberry,Common
Redwood National Park,Vascular Plant,Rosales,Rosaceae,None,nan
Redwood National Park,Vascular Plant,Rosales,Rosaceae,Bigleaf Avens,Uncommon
Redwood National Park,Vascular Plant,Rosales,Rosaceae,Oceanspray,nan
Redwood National Park,Vascular Plant,Rosales,Rosaceae,"Creambush, Creambush Oceanspray, Hillside Oceanspray, Oceanspray",Uncommon
Redwood National Park,Vascular Plant,Rosales,Rosaceae,Howell's Horkelia,Unknown
Redwood National Park,Vascular Plant,Rosales,Rosaceae,Apple,nan
Redwood National Park,Vascular Plant,Rosales,Rosaceae,Oregon Crab Apple,Uncommon
Redwood National Park,Vascular Plant,Rosales,Rosaceae,Common Apple,Uncommon
Redwood National Park,Vascular Plant,Rosales,Rosaceae,Osoberry,Common
Redwood National Park,Vascular Plant,Rosales,Rosaceae,None,nan
Redwood National Park,Vascular Plant,Rosales,Rosaceae,Ninebark,Uncommon
Redwood National Park,Vascular Plant,Rosales,Rosaceae,Cinquefoil,nan
Redwood National Park,Vascular Plant,Rosales,Rosaceae,Silverweed,Unknown
Redwood National Park,Vascular Plant,Rosales,Rosaceae,Pacific Silverweed,Unknown
Redwood National Park,Vascular Plant,Rosales,Rosaceae,None,nan
Redwood National Park,Vascular Plant,Rosales,Rosaceae,None,nan
Redwood National Park,Vascular Plant,Rosales,Rosaceae,"Gland Cinquefoil, Sticky Cinquefoil",Unknown
Redwood National Park,Vascular Plant,Rosales,Rosaceae,Sticky Cinquefoil,Unknown
Redwood National Park,Vascular Plant,Rosales,Rosaceae,Sticky Cinquefoil,Unknown
Redwood National Park,Vascular Plant,Rosales,Rosaceae,Cinquefoil,Unknown
Redwood National Park,Vascular Plant,Rosales,Rosaceae,Graceful Cinquefoil,Uncommon
Redwood National Park,Vascular Plant,Rosales,Rosaceae,"Marsh Cinquefoil, Purple Marsh Cinquefoil",nan
Redwood National Park,Vascular Plant,Rosales,Rosaceae,"Chokecherry, Plum",nan
Redwood National Park,Vascular Plant,Rosales,Rosaceae,Bird Cherry,Uncommon
Redwood National Park,Vascular Plant,Rosales,Rosaceae,None,nan
Redwood National Park,Vascular Plant,Rosales,Rosaceae,Bitter Cherry,Unknown
Redwood National Park,Vascular Plant,Rosales,Rosaceae,English Laurel,Rare
Redwood National Park,Vascular Plant,Rosales,Rosaceae,"Chokecherry, Common Chokecherry, Virginia Chokecherry",Unknown
Redwood National Park,Vascular Plant,Rosales,Rosaceae,Western Chokecherry,Unknown
Redwood National Park,Vascular Plant,Rosales,Rosaceae,Pear,nan
Redwood National Park,Vascular Plant,Rosales,Rosaceae,Pear,Rare
Redwood National Park,Vascular Plant,Rosales,Rosaceae,"Rose, Wildrose",nan
Redwood National Park,Vascular Plant,Rosales,Rosaceae,California Wildrose,Uncommon
Redwood National Park,Vascular Plant,Rosales,Rosaceae,Sweetbriar Rose,nan
Redwood National Park,Vascular Plant,Rosales,Rosaceae,Baldhip Rose,Common
Redwood National Park,Vascular Plant,Rosales,Rosaceae,Baldhip Rose,Common
Redwood National Park,Vascular Plant,Rosales,Rosaceae,None,nan
Redwood National Park,Vascular Plant,Rosales,Rosaceae,None,nan
Redwood National Park,Vascular Plant,Rosales,Rosaceae,Nootka Rose,Unknown
Redwood National Park,Vascular Plant,Rosales,Rosaceae,Nootka Rose,nan
Redwood National Park,Vascular Plant,Rosales,Rosaceae,Cluster Rose,nan
Redwood National Park,Vascular Plant,Rosales,Rosaceae,Ground Rose,Unknown
Redwood National Park,Vascular Plant,Rosales,Rosaceae,Woods' Rose,nan
Redwood National Park,Vascular Plant,Rosales,Rosaceae,"Blackberry, Brambles",nan
Redwood National Park,Vascular Plant,Rosales,Rosaceae,Himalayan Blackberry,nan
Redwood National Park,Vascular Plant,Rosales,Rosaceae,Himalayan Blackberry,nan
Redwood National Park,Vascular Plant,Rosales,Rosaceae,Himalayan Berry,Abundant
Redwood National Park,Vascular Plant,Rosales,Rosaceae,Cut Leaf Blackberry,Uncommon
Redwood National Park,Vascular Plant,Rosales,Rosaceae,Blackcap Raspberry,Uncommon
Redwood National Park,Vascular Plant,Rosales,Rosaceae,None,nan
Redwood National Park,Vascular Plant,Rosales,Rosaceae,None,nan
Redwood National Park,Vascular Plant,Rosales,Rosaceae,None,nan
Redwood National Park,Vascular Plant,Rosales,Rosaceae,Thimbleberry,Common
Redwood National Park,Vascular Plant,Rosales,Rosaceae,None,nan
Redwood National Park,Vascular Plant,Rosales,Rosaceae,Thimbleberry,nan
Redwood National Park,Vascular Plant,Rosales,Rosaceae,None,nan
Redwood National Park,Vascular Plant,Rosales,Rosaceae,Salmonberry,Common
Redwood National Park,Vascular Plant,Rosales,Rosaceae,Salmonberry,nan
Redwood National Park,Vascular Plant,Rosales,Rosaceae,Blackberry,nan
Redwood National Park,Vascular Plant,Rosales,Rosaceae,None,nan
Redwood National Park,Vascular Plant,Rosales,Rosaceae,"California Blackberry, Pacific Blackberry",Common
Redwood National Park,Vascular Plant,Rosales,Rosaceae,California Blackberry,nan
Redwood National Park,Vascular Plant,Rosales,Rosaceae,California Blackberry,nan
Redwood National Park,Vascular Plant,Rosales,Rosaceae,None,nan
Redwood National Park,Vascular Plant,Rosales,Rosaceae,None,nan
Redwood National Park,Vascular Plant,Rosales,Rosaceae,Pacific Dewberry,nan
Redwood National Park,Vascular Plant,Rosales,Rosaceae,Pacific Dewberry,nan
Redwood National Park,Vascular Plant,Rosales,Rosaceae,None,nan
Redwood National Park,Vascular Plant,Rosales,Rosaceae,None,nan
Redwood National Park,Vascular Plant,Rosales,Rosaceae,Small Burnet,Rare
Redwood National Park,Vascular Plant,Rosales,Rosaceae,Great Burnet,Unknown
Redwood National Park,Vascular Plant,Rosales,Rosaceae,Great Burnet,nan
Redwood National Park,Vascular Plant,Rosales,Rosaceae,Rose Spirea,Unknown
Redwood National Park,Vascular Plant,Rosales,Urticaceae,Nettle,nan
Redwood National Park,Vascular Plant,Rosales,Urticaceae,None,nan
Redwood National Park,Vascular Plant,Rosales,Urticaceae,"California Nettle, Slender Nettle, Stinging Nettle, Tall Nettle",nan
Redwood National Park,Vascular Plant,Rosales,Urticaceae,American Stinging Nettle,Uncommon
Redwood National Park,Vascular Plant,Rosales,Urticaceae,Hoary Nettle,Unknown
Redwood National Park,Vascular Plant,Rosales,Urticaceae,None,Unknown
Redwood National Park,Vascular Plant,Rosales,Urticaceae,None,nan
Redwood National Park,Vascular Plant,Rosales,Urticaceae,None,nan
Redwood National Park,Vascular Plant,Salviniales,Azollaceae,Mosquito Fern,nan
Redwood National Park,Vascular Plant,Salviniales,Marsileaceae,"Cloven Fern, Pepperwort, Waterclover",nan
Redwood National Park,Vascular Plant,Salviniales,Marsileaceae,Pillwort,nan
Redwood National Park,Vascular Plant,Salviniales,Marsileaceae,Quillwort,nan
Redwood National Park,Vascular Plant,Santalales,Santalaceae,Dwarf Mistletoe,nan
Redwood National Park,Vascular Plant,Santalales,Santalaceae,Fir Dwarf Mistletoe,nan
Redwood National Park,Vascular Plant,Santalales,Santalaceae,Sugar Pine Dwarf Mistletoe,nan
Redwood National Park,Vascular Plant,Santalales,Santalaceae,Western Dwarf Mistletoe,Common
Redwood National Park,Vascular Plant,Santalales,Santalaceae,Coastal Dwarf Mistletoe,nan
Redwood National Park,Vascular Plant,Santalales,Santalaceae,Knobcone Pine Dwarf Mistletoe,nan
Redwood National Park,Vascular Plant,Santalales,Santalaceae,Hemlock Dwarf Mistletoe,nan
Redwood National Park,Vascular Plant,Santalales,Santalaceae,Mistletoe,nan
Redwood National Park,Vascular Plant,Santalales,Santalaceae,None,nan
Redwood National Park,Vascular Plant,Santalales,Santalaceae,Oak Mistletoe,Uncommon
Redwood National Park,Vascular Plant,Santalales,Santalaceae,Pacific Mistletoe,nan
Redwood National Park,Vascular Plant,Sapindales,Anacardiaceae,None,nan
Redwood National Park,Vascular Plant,Sapindales,Anacardiaceae,Poison Oak,nan
Redwood National Park,Vascular Plant,Sapindales,Anacardiaceae,"Poison Ivy, Poison Oak",nan
Redwood National Park,Vascular Plant,Sapindales,Anacardiaceae,None,nan
Redwood National Park,Vascular Plant,Sapindales,Anacardiaceae,Poison-Oak,Common
Redwood National Park,Vascular Plant,Sapindales,Sapindaceae,Maples,nan
Redwood National Park,Vascular Plant,Sapindales,Sapindaceae,Vine Maple,Common
Redwood National Park,Vascular Plant,Sapindales,Sapindaceae,Big-Leaf Maple,Common
Redwood National Park,Vascular Plant,Saxifragales,Crassulaceae,None,nan
Redwood National Park,Vascular Plant,Saxifragales,Crassulaceae,Live Forever,Common
Redwood National Park,Vascular Plant,Saxifragales,Crassulaceae,Stonecrop,nan
Redwood National Park,Vascular Plant,Saxifragales,Crassulaceae,Roseflower Stonecrop,nan
Redwood National Park,Vascular Plant,Saxifragales,Crassulaceae,Sierra Stonecrop,Unknown
Redwood National Park,Vascular Plant,Saxifragales,Crassulaceae,Stonecrop,Unknown
Redwood National Park,Vascular Plant,Saxifragales,Crassulaceae,Broadleaf Stonecrop,Unknown
Redwood National Park,Vascular Plant,Saxifragales,Crassulaceae,Broadleaf Stonecrop,nan
Redwood National Park,Vascular Plant,Saxifragales,Grossulariaceae,Currant,nan
Redwood National Park,Vascular Plant,Saxifragales,Grossulariaceae,Stink Currant,Uncommon
Redwood National Park,Vascular Plant,Saxifragales,Grossulariaceae,Shinyleaf Currant,nan
Redwood National Park,Vascular Plant,Saxifragales,Grossulariaceae,Shinyleaf Currant,Unknown
Redwood National Park,Vascular Plant,Saxifragales,Grossulariaceae,Currant,Unknown
Redwood National Park,Vascular Plant,Saxifragales,Grossulariaceae,Trailing Black Currant,Uncommon
Redwood National Park,Vascular Plant,Saxifragales,Grossulariaceae,Gummy Gooseberry,nan
Redwood National Park,Vascular Plant,Saxifragales,Grossulariaceae,Canyon Gooseberry,Unknown
Redwood National Park,Vascular Plant,Saxifragales,Grossulariaceae,None,nan
Redwood National Park,Vascular Plant,Saxifragales,Grossulariaceae,Sierra Gooseberry,Unknown
Redwood National Park,Vascular Plant,Saxifragales,Grossulariaceae,Western Gooseberry,Uncommon
Redwood National Park,Vascular Plant,Saxifragales,Grossulariaceae,Red Flowering Currant,Unknown
Redwood National Park,Vascular Plant,Saxifragales,Grossulariaceae,Red Flowering Currant,Unknown
Redwood National Park,Vascular Plant,Saxifragales,Grossulariaceae,Redflower Currant,nan
Redwood National Park,Vascular Plant,Saxifragales,Grossulariaceae,Sticky Currant,nan
Redwood National Park,Vascular Plant,Saxifragales,Haloragaceae,"Water Milfoil, Watermilfoil",Unknown
Redwood National Park,Vascular Plant,Saxifragales,Saxifragaceae,Oregon Bensoniella,nan
Redwood National Park,Vascular Plant,Saxifragales,Saxifragaceae,None,Unknown
Redwood National Park,Vascular Plant,Saxifragales,Saxifragaceae,Large Boykinia,nan
Redwood National Park,Vascular Plant,Saxifragales,Saxifragaceae,"Coast Boykinia, Coastal Brookfoam",Unknown
Redwood National Park,Vascular Plant,Saxifragales,Saxifragaceae,None,nan
Redwood National Park,Vascular Plant,Saxifragales,Saxifragaceae,Golden Saxifrage,Uncommon
Redwood National Park,Vascular Plant,Saxifragales,Saxifragaceae,Alum Root,Common
Redwood National Park,Vascular Plant,Saxifragales,Saxifragaceae,Pacific Alumroot,nan
Redwood National Park,Vascular Plant,Saxifragales,Saxifragaceae,Woodland Star,Unknown
Redwood National Park,Vascular Plant,Saxifragales,Saxifragaceae,San Francisco Woodland-Star,Unknown
Redwood National Park,Vascular Plant,Saxifragales,Saxifragaceae,Smallflower Woodland-Star,Unknown
Redwood National Park,Vascular Plant,Saxifragales,Saxifragaceae,Leafy-Stemmed Mitrewort,nan
Redwood National Park,Vascular Plant,Saxifragales,Saxifragaceae,"Coastal Miterwort, Oval-Leaf Miterwort",Unknown
Redwood National Park,Vascular Plant,Saxifragales,Saxifragaceae,Miterwort,Unknown
Redwood National Park,Vascular Plant,Saxifragales,Saxifragaceae,None,nan
Redwood National Park,Vascular Plant,Saxifragales,Saxifragaceae,Saxifrage,nan
Redwood National Park,Vascular Plant,Saxifragales,Saxifragaceae,California Saxifrage,Unknown
Redwood National Park,Vascular Plant,Saxifragales,Saxifragaceae,None,nan
Redwood National Park,Vascular Plant,Saxifragales,Saxifragaceae,Howell's Saxifrage,Uncommon
Redwood National Park,Vascular Plant,Saxifragales,Saxifragaceae,Wholeleaf Saxifrage,Uncommon
Redwood National Park,Vascular Plant,Saxifragales,Saxifragaceae,Marshall's Saxifrage,Rare
Redwood National Park,Vascular Plant,Saxifragales,Saxifragaceae,"Merten's Saxifrage, Wood Saxifrage, Woodland Saxifrage",nan
Redwood National Park,Vascular Plant,Saxifragales,Saxifragaceae,Nuttall's Saxifrage,nan
Redwood National Park,Vascular Plant,Saxifragales,Saxifragaceae,None,nan
Redwood National Park,Vascular Plant,Saxifragales,Saxifragaceae,Fringe Cups,Common
Redwood National Park,Vascular Plant,Saxifragales,Saxifragaceae,"Lace Flower, Sugar-Scoop",Rare
Redwood National Park,Vascular Plant,Saxifragales,Saxifragaceae,None,nan
Redwood National Park,Vascular Plant,Saxifragales,Saxifragaceae,"Pigaback Plant, Youth-On-Age",Common
Redwood National Park,Vascular Plant,Selaginellales,Selaginellaceae,"Lesser Clubmoss, Spikemoss",nan
Redwood National Park,Vascular Plant,Selaginellales,Selaginellaceae,Oregon Spikemoss,Uncommon
Redwood National Park,Vascular Plant,Selaginellales,Selaginellaceae,Wallace's Spike Moss,Unknown
Redwood National Park,Vascular Plant,Solanales,Convolvulaceae,False Bindweed,nan
Redwood National Park,Vascular Plant,Solanales,Convolvulaceae,Nightblooming False Bindweed,Unknown
Redwood National Park,Vascular Plant,Solanales,Convolvulaceae,"Butte County Morning-Glory, Nightblooming False Bindweed",Uncommon
Redwood National Park,Vascular Plant,Solanales,Convolvulaceae,Western Morining Glory,nan
Redwood National Park,Vascular Plant,Solanales,Convolvulaceae,Beach Morning Glory,Uncommon
Redwood National Park,Vascular Plant,Solanales,Convolvulaceae,"Bindweed, Orchard Morningglory",Uncommon
Redwood National Park,Vascular Plant,Solanales,Convolvulaceae,None,nan
Redwood National Park,Vascular Plant,Solanales,Convolvulaceae,"Bigseed Alfalfa Dodder, Largeseed Dodder, Pretty Dodder",nan
Redwood National Park,Vascular Plant,Solanales,Convolvulaceae,"Goldenthread, Saltmarsh Dodder",nan
Redwood National Park,Vascular Plant,Solanales,Convolvulaceae,Saltmarsh Dodder,nan
Redwood National Park,Vascular Plant,Solanales,Solanaceae,"Jamestown Weed, Jimsonweed, Mad Apple, Moonflower, Stinkwort, Thorn Apple",nan
Redwood National Park,Vascular Plant,Solanales,Solanaceae,American Nightshade,Uncommon
Redwood National Park,Vascular Plant,Solanales,Solanaceae,Kangaroo-Apple,Rare
Redwood National Park,Vascular Plant,Solanales,Solanaceae,"Black Nightshade, Deadly Nightshade, Garden Nightshade",Uncommon
Redwood National Park,Vascular Plant,Vitales,Vitaceae,"California Grape, California Wild Grape",Unknown
Redwood National Park,Nonvascular Plant,Ahnfeltiales,Ahnfeltiaceae,None,nan
Redwood National Park,Nonvascular Plant,Ahnfeltiales,Ahnfeltiaceae,None,nan
Redwood National Park,Nonvascular Plant,Ahnfeltiales,Ahnfeltiaceae,None,nan
Redwood National Park,Nonvascular Plant,Anthocerotales,Anthocerotaceae,Anthoceros,nan
Redwood National Park,Nonvascular Plant,Bangiales,Bangiaceae,None,nan
Redwood National Park,Nonvascular Plant,Bangiales,Bangiaceae,None,nan
Redwood National Park,Nonvascular Plant,Bangiales,Bangiaceae,None,nan
Redwood National Park,Nonvascular Plant,Bangiales,Bangiaceae,None,nan
Redwood National Park,Nonvascular Plant,Batrachospermales,Batrachospermaceae,None,nan
Redwood National Park,Nonvascular Plant,Batrachospermales,Lemaneaceae,None,nan
Redwood National Park,Nonvascular Plant,Bryales,Bryaceae,Bryum Moss,nan
Redwood National Park,Nonvascular Plant,Bryales,Bryaceae,Orthodontium Moss,nan
Redwood National Park,Nonvascular Plant,Bryales,Bryaceae,Lescur's Pohlia Moss,nan
Redwood National Park,Nonvascular Plant,Bryales,Mniaceae,None,nan
Redwood National Park,Nonvascular Plant,Bryales,Mniaceae,Plagiomnium Moss,nan
Redwood National Park,Nonvascular Plant,Bryales,Mniaceae,Plagiomnium Moss,nan
Redwood National Park,Nonvascular Plant,Bryales,Mniaceae,None,nan
Redwood National Park,Nonvascular Plant,Bryales,Mniaceae,Rhizomnium Moss,nan
Redwood National Park,Nonvascular Plant,Bryales,Mniaceae,None,nan
Redwood National Park,Nonvascular Plant,Bryopsidales,Codiaceae,None,nan
Redwood National Park,Nonvascular Plant,Buxbaumiales,Buxbaumiaceae,Piper's Buxbaumia Moss,nan
Redwood National Park,Nonvascular Plant,Ceramiales,Ceramiaceae,None,nan
Redwood National Park,Nonvascular Plant,Ceramiales,Ceramiaceae,None,nan
Redwood National Park,Nonvascular Plant,Ceramiales,Ceramiaceae,None,nan
Redwood National Park,Nonvascular Plant,Ceramiales,Ceramiaceae,None,nan
Redwood National Park,Nonvascular Plant,Ceramiales,Ceramiaceae,None,nan
Redwood National Park,Nonvascular Plant,Ceramiales,Ceramiaceae,None,nan
Redwood National Park,Nonvascular Plant,Ceramiales,Ceramiaceae,None,nan
Redwood National Park,Nonvascular Plant,Ceramiales,Ceramiaceae,None,nan
Redwood National Park,Nonvascular Plant,Ceramiales,Ceramiaceae,None,nan
Redwood National Park,Nonvascular Plant,Ceramiales,Dasyaceae,None,nan
Redwood National Park,Nonvascular Plant,Ceramiales,Delesseriaceae,None,nan
Redwood National Park,Nonvascular Plant,Ceramiales,Delesseriaceae,None,nan
Redwood National Park,Nonvascular Plant,Ceramiales,Delesseriaceae,None,nan
Redwood National Park,Nonvascular Plant,Ceramiales,Delesseriaceae,None,nan
Redwood National Park,Nonvascular Plant,Ceramiales,Delesseriaceae,None,nan
Redwood National Park,Nonvascular Plant,Ceramiales,Delesseriaceae,None,nan
Redwood National Park,Nonvascular Plant,Ceramiales,Delesseriaceae,None,nan
Redwood National Park,Nonvascular Plant,Ceramiales,Delesseriaceae,None,nan
Redwood National Park,Nonvascular Plant,Ceramiales,Delesseriaceae,None,nan
Redwood National Park,Nonvascular Plant,Ceramiales,Delesseriaceae,None,nan
Redwood National Park,Nonvascular Plant,Ceramiales,Rhodomelaceae,None,nan
Redwood National Park,Nonvascular Plant,Ceramiales,Rhodomelaceae,None,nan
Redwood National Park,Nonvascular Plant,Ceramiales,Rhodomelaceae,None,nan
Redwood National Park,Nonvascular Plant,Ceramiales,Rhodomelaceae,None,nan
Redwood National Park,Nonvascular Plant,Ceramiales,Rhodomelaceae,None,nan
Redwood National Park,Nonvascular Plant,Ceramiales,Rhodomelaceae,None,nan
Redwood National Park,Nonvascular Plant,Ceramiales,Rhodomelaceae,None,nan
Redwood National Park,Nonvascular Plant,Ceramiales,Rhodomelaceae,None,nan
Redwood National Park,Nonvascular Plant,Ceramiales,Rhodomelaceae,None,nan
Redwood National Park,Nonvascular Plant,Ceramiales,Rhodomelaceae,None,nan
Redwood National Park,Nonvascular Plant,Ceramiales,Rhodomelaceae,None,nan
Redwood National Park,Nonvascular Plant,Ceramiales,Rhodomelaceae,None,nan
Redwood National Park,Nonvascular Plant,Ceramiales,Rhodomelaceae,None,nan
Redwood National Park,Nonvascular Plant,Ceramiales,Rhodomelaceae,None,nan
Redwood National Park,Nonvascular Plant,Ceramiales,Rhodomelaceae,None,nan
Redwood National Park,Nonvascular Plant,Ceramiales,Rhodomelaceae,None,nan
Redwood National Park,Nonvascular Plant,Charales,Characeae,None,nan
Redwood National Park,Nonvascular Plant,Chlamydomonadales,Chlamydomonadaceae,None,nan
Redwood National Park,Nonvascular Plant,Chlamydomonadales,Chlamydomonadaceae,None,nan
Redwood National Park,Nonvascular Plant,Chlamydomonadales,Chlorococcaceae,None,nan
Redwood National Park,Nonvascular Plant,Chlamydomonadales,Tetrasporaceae,None,nan
Redwood National Park,Nonvascular Plant,Chlamydomonadales,Volvocaceae,None,nan
Redwood National Park,Nonvascular Plant,Chlamydomonadales,Volvocaceae,None,nan
Redwood National Park,Nonvascular Plant,Chlamydomonadales,Volvocaceae,None,nan
Redwood National Park,Nonvascular Plant,Chlorellales,Oocystaceae,None,nan
Redwood National Park,Nonvascular Plant,Chlorellales,Oocystaceae,None,nan
Redwood National Park,Nonvascular Plant,Cladophorales,Cladophoraceae,None,nan
Redwood National Park,Nonvascular Plant,Cladophorales,Cladophoraceae,None,nan
Redwood National Park,Nonvascular Plant,Cladophorales,Cladophoraceae,None,nan
Redwood National Park,Nonvascular Plant,Cladophorales,Cladophoraceae,None,nan
Redwood National Park,Nonvascular Plant,Corallinales,Corallinaceae,None,nan
Redwood National Park,Nonvascular Plant,Corallinales,Corallinaceae,None,nan
Redwood National Park,Nonvascular Plant,Corallinales,Corallinaceae,None,nan
Redwood National Park,Nonvascular Plant,Corallinales,Corallinaceae,None,nan
Redwood National Park,Nonvascular Plant,Corallinales,Corallinaceae,None,nan
Redwood National Park,Nonvascular Plant,Corallinales,Corallinaceae,None,nan
Redwood National Park,Nonvascular Plant,Corallinales,Corallinaceae,None,nan
Redwood National Park,Nonvascular Plant,Corallinales,Corallinaceae,None,nan
Redwood National Park,Nonvascular Plant,Corallinales,Corallinaceae,None,nan
Redwood National Park,Nonvascular Plant,Corallinales,Corallinaceae,None,nan
Redwood National Park,Nonvascular Plant,Corallinales,Corallinaceae,None,nan
Redwood National Park,Nonvascular Plant,Corallinales,Corallinaceae,None,nan
Redwood National Park,Nonvascular Plant,Corallinales,Corallinaceae,None,nan
Redwood National Park,Nonvascular Plant,Corallinales,Corallinaceae,None,nan
Redwood National Park,Nonvascular Plant,Corallinales,Corallinaceae,None,nan
Redwood National Park,Nonvascular Plant,Corallinales,Corallinaceae,None,nan
Redwood National Park,Nonvascular Plant,Corallinales,Corallinaceae,None,nan
Redwood National Park,Nonvascular Plant,Corallinales,Corallinaceae,None,nan
Redwood National Park,Nonvascular Plant,Cryptonemiales,nan,None,nan
Redwood National Park,Nonvascular Plant,Desmidiales,Closteriaceae,None,nan
Redwood National Park,Nonvascular Plant,Desmidiales,Desmidiaceae,None,nan
Redwood National Park,Nonvascular Plant,Dicranales,Dicranaceae,Campylopus Moss,nan
Redwood National Park,Nonvascular Plant,Dicranales,Dicranaceae,Dicranella Moss,nan
Redwood National Park,Nonvascular Plant,Dicranales,Dicranaceae,Dicranum Moss,nan
Redwood National Park,Nonvascular Plant,Dicranales,Dicranaceae,Dicranum Moss,nan
Redwood National Park,Nonvascular Plant,Dicranales,Fissidentaceae,Fissidens Moss,nan
Redwood National Park,Nonvascular Plant,Erythropeltidales,Erythrotrichiaceae,None,nan
Redwood National Park,Nonvascular Plant,Erythropeltidales,Erythrotrichiaceae,None,nan
Redwood National Park,Nonvascular Plant,Funariales,Disceliaceae,Discelium Moss,nan
Redwood National Park,Nonvascular Plant,Gelidiales,Gelidiaceae,None,nan
Redwood National Park,Nonvascular Plant,Gigartinales,Dumontiaceae,None,nan
Redwood National Park,Nonvascular Plant,Gigartinales,Dumontiaceae,None,nan
Redwood National Park,Nonvascular Plant,Gigartinales,Dumontiaceae,None,nan
Redwood National Park,Nonvascular Plant,Gigartinales,Dumontiaceae,None,nan
Redwood National Park,Nonvascular Plant,Gigartinales,Dumontiaceae,None,nan
Redwood National Park,Nonvascular Plant,Gigartinales,Dumontiaceae,None,nan
Redwood National Park,Nonvascular Plant,Gigartinales,Endocladiaceae,None,nan
Redwood National Park,Nonvascular Plant,Gigartinales,Endocladiaceae,None,nan
Redwood National Park,Nonvascular Plant,Gigartinales,Gigartinaceae,None,nan
Redwood National Park,Nonvascular Plant,Gigartinales,Gigartinaceae,None,nan
Redwood National Park,Nonvascular Plant,Gigartinales,Gigartinaceae,None,nan
Redwood National Park,Nonvascular Plant,Gigartinales,Gigartinaceae,None,nan
Redwood National Park,Nonvascular Plant,Gigartinales,Gigartinaceae,None,nan
Redwood National Park,Nonvascular Plant,Gigartinales,Gigartinaceae,None,nan
Redwood National Park,Nonvascular Plant,Gigartinales,Gigartinaceae,None,nan
Redwood National Park,Nonvascular Plant,Gigartinales,Gigartinaceae,None,nan
Redwood National Park,Nonvascular Plant,Gigartinales,Gigartinaceae,None,nan
Redwood National Park,Nonvascular Plant,Gigartinales,Gigartinaceae,None,nan
Redwood National Park,Nonvascular Plant,Gigartinales,Gigartinaceae,None,nan
Redwood National Park,Nonvascular Plant,Gigartinales,Gigartinaceae,None,nan
Redwood National Park,Nonvascular Plant,Gigartinales,Gigartinaceae,None,nan
Redwood National Park,Nonvascular Plant,Gigartinales,Gigartinaceae,None,nan
Redwood National Park,Nonvascular Plant,Gigartinales,Gigartinaceae,None,nan
Redwood National Park,Nonvascular Plant,Gigartinales,Kallymeniaceae,None,nan
Redwood National Park,Nonvascular Plant,Gigartinales,Kallymeniaceae,None,nan
Redwood National Park,Nonvascular Plant,Gigartinales,Phyllophoraceae,None,nan
Redwood National Park,Nonvascular Plant,Gigartinales,Phyllophoraceae,None,nan
Redwood National Park,Nonvascular Plant,Gigartinales,Phyllophoraceae,None,nan
Redwood National Park,Nonvascular Plant,Gigartinales,Phyllophoraceae,None,nan
Redwood National Park,Nonvascular Plant,Gigartinales,Phyllophoraceae,None,nan
Redwood National Park,Nonvascular Plant,Gigartinales,Phyllophoraceae,None,nan
Redwood National Park,Nonvascular Plant,Gigartinales,Phyllophoraceae,None,nan
Redwood National Park,Nonvascular Plant,Gigartinales,Phyllophoraceae,None,nan
Redwood National Park,Nonvascular Plant,Gigartinales,Phyllophoraceae,None,nan
Redwood National Park,Nonvascular Plant,Gigartinales,Solieriaceae,None,nan
Redwood National Park,Nonvascular Plant,Grimmiales,Grimmiaceae,Racomitrium Moss,nan
Redwood National Park,Nonvascular Plant,Halymeniales,Halymeniaceae,None,nan
Redwood National Park,Nonvascular Plant,Halymeniales,Halymeniaceae,None,nan
Redwood National Park,Nonvascular Plant,Halymeniales,Halymeniaceae,None,nan
Redwood National Park,Nonvascular Plant,Halymeniales,Halymeniaceae,None,nan
Redwood National Park,Nonvascular Plant,Halymeniales,Halymeniaceae,None,nan
Redwood National Park,Nonvascular Plant,Halymeniales,Halymeniaceae,None,nan
Redwood National Park,Nonvascular Plant,Halymeniales,Halymeniaceae,None,nan
Redwood National Park,Nonvascular Plant,Halymeniales,Halymeniaceae,None,nan
Redwood National Park,Nonvascular Plant,Halymeniales,Halymeniaceae,None,nan
Redwood National Park,Nonvascular Plant,Halymeniales,Halymeniaceae,None,nan
Redwood National Park,Nonvascular Plant,Halymeniales,Halymeniaceae,None,nan
Redwood National Park,Nonvascular Plant,Halymeniales,Halymeniaceae,None,nan
Redwood National Park,Nonvascular Plant,Hookeriales,Hookeriaceae,None,nan
Redwood National Park,Nonvascular Plant,Hookeriales,Hookeriaceae,Hookeria Moss,nan
Redwood National Park,Nonvascular Plant,Hypnales,Brachytheciaceae,Brachythecium Moss,nan
Redwood National Park,Nonvascular Plant,Hypnales,Brachytheciaceae,Oregon Eurhynchium Moss,nan
Redwood National Park,Nonvascular Plant,Hypnales,Brachytheciaceae,Nuttall's Homalothecium Moss,nan
Redwood National Park,Nonvascular Plant,Hypnales,Brachytheciaceae,Isothecium Moss,nan
Redwood National Park,Nonvascular Plant,Hypnales,Brachytheciaceae,Isothecium Moss,nan
Redwood National Park,Nonvascular Plant,Hypnales,Brachytheciaceae,None,nan
Redwood National Park,Nonvascular Plant,Hypnales,Brachytheciaceae,None,nan
Redwood National Park,Nonvascular Plant,Hypnales,Brachytheciaceae,None,nan
Redwood National Park,Nonvascular Plant,Hypnales,Fontinalaceae,Fontinalis Moss,nan
Redwood National Park,Nonvascular Plant,Hypnales,Hylocomiaceae,Rough Goose Neck Moss,nan
Redwood National Park,Nonvascular Plant,Hypnales,Hypnaceae,None,nan
Redwood National Park,Nonvascular Plant,Hypnales,Hypnaceae,Hypnum Moss,nan
Redwood National Park,Nonvascular Plant,Hypnales,Hypnaceae,Hypnum Moss,nan
Redwood National Park,Nonvascular Plant,Hypnales,Hypnaceae,Hypnum Moss,nan
Redwood National Park,Nonvascular Plant,Hypnales,Leskeaceae,Claopodium Moss,nan
Redwood National Park,Nonvascular Plant,Hypnales,Leucodontaceae,California Antitrichia Moss,nan
Redwood National Park,Nonvascular Plant,Hypnales,Leucodontaceae,Antitrichia Moss,nan
Redwood National Park,Nonvascular Plant,Hypnales,Leucodontaceae,Dendroalsia Moss,nan
Redwood National Park,Nonvascular Plant,Hypnales,Neckeraceae,Menzies' Metaneckera Moss,nan
Redwood National Park,Nonvascular Plant,Hypnales,Neckeraceae,Douglas' Neckera Moss,nan
Redwood National Park,Nonvascular Plant,Hypnales,Neckeraceae,None,nan
Redwood National Park,Nonvascular Plant,Hypnales,Plagiotheciaceae,Undulate Plagiothecium Moss,nan
Redwood National Park,Nonvascular Plant,Jungermanniales,Cephaloziellaceae,None,nan
Redwood National Park,Nonvascular Plant,Jungermanniales,Lophocoleaceae,None,nan
Redwood National Park,Nonvascular Plant,Jungermanniales,Scapaniaceae,None,nan
Redwood National Park,Nonvascular Plant,Jungermanniales,Scapaniaceae,Scapania,nan
Redwood National Park,Nonvascular Plant,Jungermanniales,Scapaniaceae,None,nan
Redwood National Park,Nonvascular Plant,Marchantiales,Conocephalaceae,None,nan
Redwood National Park,Nonvascular Plant,Marchantiales,Conocephalaceae,Conocephalum,nan
Redwood National Park,Nonvascular Plant,Marchantiales,Marchantiaceae,Marchantia,nan
Redwood National Park,Nonvascular Plant,Marchantiales,Marchantiaceae,None,nan
Redwood National Park,Nonvascular Plant,Marchantiales,Marchantiaceae,None,nan
Redwood National Park,Nonvascular Plant,Metzgeriales,Aneuraceae,None,nan
Redwood National Park,Nonvascular Plant,Nemastomatales,Schizymeniaceae,None,nan
Redwood National Park,Nonvascular Plant,Nemastomatales,Schizymeniaceae,None,nan
Redwood National Park,Nonvascular Plant,Orthotrichales,Orthotrichaceae,Orthotrichum Moss,nan
Redwood National Park,Nonvascular Plant,Orthotrichales,Orthotrichaceae,Lyell's Orthotrichum Moss,nan
Redwood National Park,Nonvascular Plant,Orthotrichales,Orthotrichaceae,None,nan
Redwood National Park,Nonvascular Plant,Orthotrichales,Orthotrichaceae,None,nan
Redwood National Park,Nonvascular Plant,Pallaviciniales,Pallaviciniaceae,None,nan
Redwood National Park,Nonvascular Plant,Palmariales,Palmariaceae,None,nan
Redwood National Park,Nonvascular Plant,Palmariales,Palmariaceae,None,nan
Redwood National Park,Nonvascular Plant,Pelliales,Pelliaceae,None,nan
Redwood National Park,Nonvascular Plant,Pelliales,Pelliaceae,None,nan
Redwood National Park,Nonvascular Plant,Peyssonneliales,Peyssonneliaceae,None,nan
Redwood National Park,Nonvascular Plant,Plocamiales,Plocamiaceae,None,nan
Redwood National Park,Nonvascular Plant,Plocamiales,Plocamiaceae,None,nan
Redwood National Park,Nonvascular Plant,Plocamiales,Plocamiaceae,None,nan
Redwood National Park,Nonvascular Plant,Plocamiales,Plocamiaceae,None,nan
Redwood National Park,Nonvascular Plant,Polytrichales,Polytrichaceae,Selwyn's Atrichum Moss,nan
Redwood National Park,Nonvascular Plant,Polytrichales,Polytrichaceae,Contorted Pogonatum Moss,nan
Redwood National Park,Nonvascular Plant,Polytrichales,Polytrichaceae,Juniper Polytrichum Moss,nan
Redwood National Park,Nonvascular Plant,Porellales,Frullaniaceae,None,nan
Redwood National Park,Nonvascular Plant,Porellales,Frullaniaceae,None,nan
Redwood National Park,Nonvascular Plant,Porellales,Frullaniaceae,None,nan
Redwood National Park,Nonvascular Plant,Porellales,Frullaniaceae,None,nan
Redwood National Park,Nonvascular Plant,Porellales,Porellaceae,None,nan
Redwood National Park,Nonvascular Plant,Porellales,Radulaceae,None,nan
Redwood National Park,Nonvascular Plant,Pottiales,Pottiaceae,Convoluted Barbula Moss,nan
Redwood National Park,Nonvascular Plant,Pottiales,Pottiaceae,Tortula Moss,nan
Redwood National Park,Nonvascular Plant,Pottiales,Pottiaceae,California Triquetrella Moss,nan
Redwood National Park,Nonvascular Plant,Rhizogoniales,Aulacomniaceae,Aulacomnium Moss,nan
Redwood National Park,Nonvascular Plant,Rhodymeniales,Fryeellaceae,None,nan
Redwood National Park,Nonvascular Plant,Rhodymeniales,Rhodymeniaceae,None,nan
Redwood National Park,Nonvascular Plant,Sphaeropleales,Microsporaceae,None,nan
Redwood National Park,Nonvascular Plant,Sphaeropleales,Neochloridaceae,None,nan
Redwood National Park,Nonvascular Plant,Sphaeropleales,Neochloridaceae,None,nan
Redwood National Park,Nonvascular Plant,Sphaeropleales,Scenedesmaceae,None,nan
Redwood National Park,Nonvascular Plant,Sphaeropleales,Scenedesmaceae,None,nan
Redwood National Park,Nonvascular Plant,Sphaeropleales,Scenedesmaceae,None,nan
Redwood National Park,Nonvascular Plant,Sphaeropleales,Scenedesmaceae,None,nan
Redwood National Park,Nonvascular Plant,Sphaeropleales,Scenedesmaceae,None,nan
Redwood National Park,Nonvascular Plant,Sphaeropleales,Scenedesmaceae,None,nan
Redwood National Park,Nonvascular Plant,Sphaeropleales,Scenedesmaceae,None,nan
Redwood National Park,Nonvascular Plant,Sphaeropleales,Scenedesmaceae,None,nan
Redwood National Park,Nonvascular Plant,Sphaeropleales,Selenastraceae,None,nan
Redwood National Park,Nonvascular Plant,Sphaeropleales,Selenastraceae,None,nan
Redwood National Park,Nonvascular Plant,Sphaeropleales,Selenastraceae,None,nan
Redwood National Park,Nonvascular Plant,Sphaeropleales,Selenastraceae,None,nan
Redwood National Park,Nonvascular Plant,Sphagnales,Sphagnaceae,Sphagnum,nan
Redwood National Park,Nonvascular Plant,Tetraphidales,Tetraphidaceae,Tetraphis Moss,nan
Redwood National Park,Nonvascular Plant,Ulotrichales,Ulotrichaceae,None,nan
Redwood National Park,Nonvascular Plant,Ulotrichales,Ulotrichaceae,None,nan
Redwood National Park,Nonvascular Plant,Ulotrichales,Ulotrichaceae,None,nan
Redwood National Park,Nonvascular Plant,Ulotrichales,Ulotrichaceae,None,nan
Redwood National Park,Nonvascular Plant,Ulotrichales,Ulotrichaceae,None,nan
Redwood National Park,Nonvascular Plant,Ulvales,nan,None,nan
Redwood National Park,Nonvascular Plant,Ulvales,Ulvaceae,None,nan
Redwood National Park,Nonvascular Plant,Ulvales,Ulvaceae,None,nan
Redwood National Park,Nonvascular Plant,Ulvales,Ulvaceae,None,nan
Redwood National Park,Nonvascular Plant,Ulvales,Ulvaceae,None,nan
Redwood National Park,Nonvascular Plant,Ulvales,Ulvaceae,None,nan
Redwood National Park,Nonvascular Plant,Ulvales,Ulvaceae,None,nan
Redwood National Park,Nonvascular Plant,Ulvales,Ulvaceae,None,nan
Redwood National Park,Nonvascular Plant,Ulvales,Ulvaceae,None,nan
Redwood National Park,Nonvascular Plant,Ulvales,Ulvaceae,None,nan
Redwood National Park,Nonvascular Plant,Ulvales,Ulvaceae,None,nan
Redwood National Park,Nonvascular Plant,Zygnematales,Zygnemataceae,None,nan
Redwood National Park,Nonvascular Plant,Zygnematales,Zygnemataceae,None,nan
Redwood National Park,Nonvascular Plant,Zygnematales,Zygnemataceae,None,nan
Redwood National Park,Crab/Lobster/Shrimp,nan,nan,Copepods,nan
Redwood National Park,Crab/Lobster/Shrimp,nan,nan,None,nan
Redwood National Park,Crab/Lobster/Shrimp,nan,nan,Ostracods,nan
Redwood National Park,Crab/Lobster/Shrimp,Amphipoda,nan,Amphipods,nan
Redwood National Park,Crab/Lobster/Shrimp,Amphipoda,Ampeliscidae,None,nan
Redwood National Park,Crab/Lobster/Shrimp,Amphipoda,Ampithoidae,None,nan
Redwood National Park,Crab/Lobster/Shrimp,Amphipoda,Anisogammaridae,None,nan
Redwood National Park,Crab/Lobster/Shrimp,Amphipoda,Anisogammaridae,None,nan
Redwood National Park,Crab/Lobster/Shrimp,Amphipoda,Anisogammaridae,None,nan
Redwood National Park,Crab/Lobster/Shrimp,Amphipoda,Anisogammaridae,None,nan
Redwood National Park,Crab/Lobster/Shrimp,Amphipoda,Anisogammaridae,None,nan
Redwood National Park,Crab/Lobster/Shrimp,Amphipoda,Anisogammaridae,None,nan
Redwood National Park,Crab/Lobster/Shrimp,Amphipoda,Caprellidae,None,nan
Redwood National Park,Crab/Lobster/Shrimp,Amphipoda,Caprellidae,None,nan
Redwood National Park,Crab/Lobster/Shrimp,Amphipoda,Corophiidae,None,nan
Redwood National Park,Crab/Lobster/Shrimp,Amphipoda,Corophiidae,None,nan
Redwood National Park,Crab/Lobster/Shrimp,Amphipoda,Corophiidae,None,nan
Redwood National Park,Crab/Lobster/Shrimp,Amphipoda,Crangonyctidae,None,nan
Redwood National Park,Crab/Lobster/Shrimp,Amphipoda,Dexaminidae,None,nan
Redwood National Park,Crab/Lobster/Shrimp,Amphipoda,Dogielinotidae,None,nan
Redwood National Park,Crab/Lobster/Shrimp,Amphipoda,Dogielinotidae,None,nan
Redwood National Park,Crab/Lobster/Shrimp,Amphipoda,Gammaridae,None,nan
Redwood National Park,Crab/Lobster/Shrimp,Amphipoda,Haustoriidae,None,nan
Redwood National Park,Crab/Lobster/Shrimp,Amphipoda,Haustoriidae,None,nan
Redwood National Park,Crab/Lobster/Shrimp,Amphipoda,Haustoriidae,None,nan
Redwood National Park,Crab/Lobster/Shrimp,Amphipoda,Hyalellidae,None,nan
Redwood National Park,Crab/Lobster/Shrimp,Amphipoda,Hyalidae,None,nan
Redwood National Park,Crab/Lobster/Shrimp,Amphipoda,Hyalidae,East Pacific Beach Flea,nan
Redwood National Park,Crab/Lobster/Shrimp,Amphipoda,Ischyroceridae,None,nan
Redwood National Park,Crab/Lobster/Shrimp,Amphipoda,Phoxocephalidae,None,nan
Redwood National Park,Crab/Lobster/Shrimp,Amphipoda,Talitridae,None,nan
Redwood National Park,Crab/Lobster/Shrimp,Amphipoda,Talitridae,None,nan
Redwood National Park,Crab/Lobster/Shrimp,Amphipoda,Talitridae,None,nan
Redwood National Park,Crab/Lobster/Shrimp,Amphipoda,Talitridae,None,nan
Redwood National Park,Crab/Lobster/Shrimp,Amphipoda,Talitridae,None,nan
Redwood National Park,Crab/Lobster/Shrimp,Amphipoda,Talitridae,None,nan
Redwood National Park,Crab/Lobster/Shrimp,Amphipoda,Talitridae,None,nan
Redwood National Park,Crab/Lobster/Shrimp,Calanoida,Acartiidae,None,nan
Redwood National Park,Crab/Lobster/Shrimp,Calanoida,Temoridae,None,nan
Redwood National Park,Crab/Lobster/Shrimp,Calanoida,Temoridae,None,nan
Redwood National Park,Crab/Lobster/Shrimp,Cyclopoida,Cyclopidae,None,nan
Redwood National Park,Crab/Lobster/Shrimp,Cyclopoida,Cyclopidae,None,nan
Redwood National Park,Crab/Lobster/Shrimp,Decapoda,nan,None,nan
Redwood National Park,Crab/Lobster/Shrimp,Decapoda,Astacidae,Crayfishes,nan
Redwood National Park,Crab/Lobster/Shrimp,Decapoda,Astacidae,None,nan
Redwood National Park,Crab/Lobster/Shrimp,Decapoda,Astacidae,Sooty Crayfish,nan
Redwood National Park,Crab/Lobster/Shrimp,Decapoda,Cancridae,Pacific Rock Crab,nan
Redwood National Park,Crab/Lobster/Shrimp,Decapoda,Cancridae,Hairy Rock Crab,nan
Redwood National Park,Crab/Lobster/Shrimp,Decapoda,Cancridae,Dungeness Crab,nan
Redwood National Park,Crab/Lobster/Shrimp,Decapoda,Cancridae,Pygmy Rock Crab,nan
Redwood National Park,Crab/Lobster/Shrimp,Decapoda,Cancridae,Red Rock Crab,nan
Redwood National Park,Crab/Lobster/Shrimp,Decapoda,Crangonidae,None,nan
Redwood National Park,Crab/Lobster/Shrimp,Decapoda,Crangonidae,"California Bay Shrimp, California Shrimp",nan
Redwood National Park,Crab/Lobster/Shrimp,Decapoda,Crangonidae,"Blacktail Bay Shrimp, Blacktailed Shrimp",nan
Redwood National Park,Crab/Lobster/Shrimp,Decapoda,Epialtidae,Northern Kelp Crab,nan
Redwood National Park,Crab/Lobster/Shrimp,Decapoda,Epialtidae,Cryptic Kelp Crab,nan
Redwood National Park,Crab/Lobster/Shrimp,Decapoda,Grapsidae,Striped Shore Crab,nan
Redwood National Park,Crab/Lobster/Shrimp,Decapoda,Hippidae,Pacific Sand Crab,nan
Redwood National Park,Crab/Lobster/Shrimp,Decapoda,Lithodidae,Umbrella Crab,nan
Redwood National Park,Crab/Lobster/Shrimp,Decapoda,Lithodidae,Hairy Crab,nan
Redwood National Park,Crab/Lobster/Shrimp,Decapoda,Lithodidae,Granular Claw Crab,nan
Redwood National Park,Crab/Lobster/Shrimp,Decapoda,Oplophoridae,Pacific Ambereye,nan
Redwood National Park,Crab/Lobster/Shrimp,Decapoda,Oregoniidae,Graceful Decorator Crab,nan
Redwood National Park,Crab/Lobster/Shrimp,Decapoda,Paguridae,Grainyhand Hermit,nan
Redwood National Park,Crab/Lobster/Shrimp,Decapoda,Paguridae,Hairy Hermit,nan
Redwood National Park,Crab/Lobster/Shrimp,Decapoda,Paguridae,Blueband Hermit,nan
Redwood National Park,Crab/Lobster/Shrimp,Decapoda,Pisidae,Sharpnose Crab,nan
Redwood National Park,Crab/Lobster/Shrimp,Decapoda,Porcellanidae,None,nan
Redwood National Park,Crab/Lobster/Shrimp,Decapoda,Porcellanidae,Thickclaw Porcelain Crab,nan
Redwood National Park,Crab/Lobster/Shrimp,Decapoda,Porcellanidae,Flat Porcelain Crab,nan
Redwood National Park,Crab/Lobster/Shrimp,Decapoda,Porcellanidae,Chocolate Porcelain Crab,nan
Redwood National Park,Crab/Lobster/Shrimp,Decapoda,Varunidae,Purple Shore Crab,nan
Redwood National Park,Crab/Lobster/Shrimp,Decapoda,Varunidae,Yellow Shore Crab,nan
Redwood National Park,Crab/Lobster/Shrimp,Decapoda,Xanthidae,Ninetooth Pebble Crab,nan
Redwood National Park,Crab/Lobster/Shrimp,Diplostraca,nan,Water Fleas,nan
Redwood National Park,Crab/Lobster/Shrimp,Diplostraca,Daphniidae,None,nan
Redwood National Park,Crab/Lobster/Shrimp,Harpacticoida,nan,None,nan
Redwood National Park,Crab/Lobster/Shrimp,Harpacticoida,Huntemanniidae,None,nan
Redwood National Park,Crab/Lobster/Shrimp,Isopoda,nan,"Isopods, Pillbugs, Sowbugs",nan
Redwood National Park,Crab/Lobster/Shrimp,Isopoda,Alloniscidae,None,nan
Redwood National Park,Crab/Lobster/Shrimp,Isopoda,Ancinidae,None,nan
Redwood National Park,Crab/Lobster/Shrimp,Isopoda,Asellidae,None,nan
Redwood National Park,Crab/Lobster/Shrimp,Isopoda,Cirolanidae,None,nan
Redwood National Park,Crab/Lobster/Shrimp,Isopoda,Cirolanidae,None,nan
Redwood National Park,Crab/Lobster/Shrimp,Isopoda,Cirolanidae,None,nan
Redwood National Park,Crab/Lobster/Shrimp,Isopoda,Cymothoidae,None,nan
Redwood National Park,Crab/Lobster/Shrimp,Isopoda,Idoteidae,None,nan
Redwood National Park,Crab/Lobster/Shrimp,Isopoda,Idoteidae,None,nan
Redwood National Park,Crab/Lobster/Shrimp,Isopoda,Idoteidae,None,nan
Redwood National Park,Crab/Lobster/Shrimp,Isopoda,Idoteidae,None,nan
Redwood National Park,Crab/Lobster/Shrimp,Isopoda,Idoteidae,None,nan
Redwood National Park,Crab/Lobster/Shrimp,Isopoda,Idoteidae,None,nan
Redwood National Park,Crab/Lobster/Shrimp,Isopoda,Idoteidae,None,nan
Redwood National Park,Crab/Lobster/Shrimp,Isopoda,Idoteidae,None,nan
Redwood National Park,Crab/Lobster/Shrimp,Isopoda,Ligiidae,None,nan
Redwood National Park,Crab/Lobster/Shrimp,Isopoda,Ligiidae,Sea Slater,nan
Redwood National Park,Crab/Lobster/Shrimp,Isopoda,Porcellionidae,None,nan
Redwood National Park,Crab/Lobster/Shrimp,Isopoda,Sphaeromatidae,None,nan
Redwood National Park,Crab/Lobster/Shrimp,Isopoda,Sphaeromatidae,None,nan
Redwood National Park,Crab/Lobster/Shrimp,Isopoda,Sphaeromatidae,None,nan
Redwood National Park,Crab/Lobster/Shrimp,Isopoda,Sphaeromatidae,None,nan
Redwood National Park,Crab/Lobster/Shrimp,Isopoda,Sphaeromatidae,None,nan
Redwood National Park,Crab/Lobster/Shrimp,Mysida,Mysidae,None,nan
Redwood National Park,Crab/Lobster/Shrimp,Mysida,Mysidae,None,nan
Redwood National Park,Crab/Lobster/Shrimp,Mysida,Mysidae,None,nan
Redwood National Park,Crab/Lobster/Shrimp,Mysida,Mysidae,None,nan
Redwood National Park,Crab/Lobster/Shrimp,Mysida,Mysidae,None,nan
Redwood National Park,Crab/Lobster/Shrimp,Pedunculata,Lepadidae,Duck Barnacle,nan
Redwood National Park,Crab/Lobster/Shrimp,Pedunculata,Pollicipedidae,None,nan
Redwood National Park,Crab/Lobster/Shrimp,Pedunculata,Pollicipedidae,Leaf Barnacle,nan
Redwood National Park,Crab/Lobster/Shrimp,Podocopa,nan,None,nan
Redwood National Park,Crab/Lobster/Shrimp,Podocopida,Cyprididae,None,nan
Redwood National Park,Crab/Lobster/Shrimp,Sessilia,Archaeobalanidae,None,nan
Redwood National Park,Crab/Lobster/Shrimp,Sessilia,Archaeobalanidae,Thatched Barnacle,nan
Redwood National Park,Crab/Lobster/Shrimp,Sessilia,Balanidae,None,nan
Redwood National Park,Crab/Lobster/Shrimp,Sessilia,Balanidae,None,nan
Redwood National Park,Crab/Lobster/Shrimp,Sessilia,Balanidae,None,nan
Redwood National Park,Crab/Lobster/Shrimp,Sessilia,Balanidae,None,nan
Redwood National Park,Crab/Lobster/Shrimp,Sessilia,Balanidae,None,nan
Redwood National Park,Crab/Lobster/Shrimp,Sessilia,Balanidae,None,nan
Redwood National Park,Crab/Lobster/Shrimp,Sessilia,Chthamalidae,None,nan
Redwood National Park,Crab/Lobster/Shrimp,Sessilia,Chthamalidae,None,nan
Redwood National Park,Slug/Snail,nan,nan,None,nan
Redwood National Park,Slug/Snail,nan,nan,None,nan
Redwood National Park,Slug/Snail,nan,nan,None,nan
Redwood National Park,Slug/Snail,nan,nan,"Gastropods, Slugs, Snails",nan
Redwood National Park,Slug/Snail,nan,nan,None,nan
Redwood National Park,Slug/Snail,nan,nan,None,nan
Redwood National Park,Slug/Snail,nan,nan,None,nan
Redwood National Park,Slug/Snail,nan,nan,None,nan
Redwood National Park,Slug/Snail,Apiales,Araliaceae,None,nan
Redwood National Park,Slug/Snail,Archaeogastropoda,Calliostomatidae,Channeled Topsnail,nan
Redwood National Park,Slug/Snail,Archaeogastropoda,Calliostomatidae,Blue Topsnail,nan
Redwood National Park,Slug/Snail,Archaeogastropoda,Fissurellidae,Rough Keyhole Limpet,nan
Redwood National Park,Slug/Snail,Archaeogastropoda,Haliotididae,Black Abalone,nan
Redwood National Park,Slug/Snail,Archaeogastropoda,Tricoliidae,None,nan
Redwood National Park,Slug/Snail,Archaeogastropoda,Trochidae,None,nan
Redwood National Park,Slug/Snail,Archaeogastropoda,Trochidae,Little Margarite,nan
Redwood National Park,Slug/Snail,Archaeogastropoda,Trochidae,Brown Tegula,nan
Redwood National Park,Slug/Snail,Archaeogastropoda,Trochidae,Black Tegula,nan
Redwood National Park,Slug/Snail,Archaeogastropoda,Turbinidae,Dark Dwarf-Turban,nan
Redwood National Park,Slug/Snail,Basommatophora,nan,None,nan
Redwood National Park,Slug/Snail,Basommatophora,Ancylidae,None,nan
Redwood National Park,Slug/Snail,Basommatophora,Lymnaeidae,None,nan
Redwood National Park,Slug/Snail,Basommatophora,Lymnaeidae,Highcap Lanx,nan
Redwood National Park,Slug/Snail,Basommatophora,Lymnaeidae,None,nan
Redwood National Park,Slug/Snail,Basommatophora,Lymnaeidae,None,nan
Redwood National Park,Slug/Snail,Basommatophora,Physidae,None,nan
Redwood National Park,Slug/Snail,Basommatophora,Physidae,None,nan
Redwood National Park,Slug/Snail,Basommatophora,Physidae,None,nan
Redwood National Park,Slug/Snail,Basommatophora,Planorbidae,None,nan
Redwood National Park,Slug/Snail,Basommatophora,Planorbidae,None,nan
Redwood National Park,Slug/Snail,Basommatophora,Planorbidae,None,nan
Redwood National Park,Slug/Snail,Basommatophora,Planorbidae,Mexican Rams-Horn,nan
Redwood National Park,Slug/Snail,Heterostropha,Valvatidae,None,nan
Redwood National Park,Slug/Snail,Neogastropoda,Buccinidae,Dire Whelk,nan
Redwood National Park,Slug/Snail,Neogastropoda,Buccinidae,Dire Whelk,nan
Redwood National Park,Slug/Snail,Neogastropoda,Columbellidae,Carinate Dovesnail,nan
Redwood National Park,Slug/Snail,Neogastropoda,Columbellidae,Wrinkled Amphissa,nan
Redwood National Park,Slug/Snail,Neogastropoda,Columbellidae,Variegate Amphissa,nan
Redwood National Park,Slug/Snail,Neogastropoda,Columbellidae,None,nan
Redwood National Park,Slug/Snail,Neogastropoda,Columbellidae,Variegate Dovesnail,nan
Redwood National Park,Slug/Snail,Neogastropoda,Fasciolariidae,Painted Spindle,nan
Redwood National Park,Slug/Snail,Neogastropoda,Muricidae,Foliate Thornmouth,nan
Redwood National Park,Slug/Snail,Neogastropoda,Muricidae,None,nan
Redwood National Park,Slug/Snail,Neogastropoda,Muricidae,None,nan
Redwood National Park,Slug/Snail,Neogastropoda,Muricidae,Channeled Dogwinkle,nan
Redwood National Park,Slug/Snail,Neogastropoda,Muricidae,Emarginate Dogwinkle,nan
Redwood National Park,Slug/Snail,Neogastropoda,Muricidae,Frilled Dogwinkle,nan
Redwood National Park,Slug/Snail,Neogastropoda,Muricidae,None,nan
Redwood National Park,Slug/Snail,Neogastropoda,Muricidae,Graceful Rocksnail,nan
Redwood National Park,Slug/Snail,Neogastropoda,Muricidae,Lurid Rocksnail,nan
Redwood National Park,Slug/Snail,Neogastropoda,Muricidae,Lurid Rocksnail,nan
Redwood National Park,Slug/Snail,Neogastropoda,Nassariidae,Channeled Nassa,nan
Redwood National Park,Slug/Snail,Neogastropoda,Nassariidae,Eastern Mudsnail,nan
Redwood National Park,Slug/Snail,Neogastropoda,Olividae,Beatic Dwarf Olive,nan
Redwood National Park,Slug/Snail,Neogastropoda,Olividae,Purple Dwarf Olive,nan
Redwood National Park,Slug/Snail,Neogastropoda,Olividae,None,nan
Redwood National Park,Slug/Snail,Neotaenioglossa,Barleeiidae,None,nan
Redwood National Park,Slug/Snail,Neotaenioglossa,Calyptraeidae,Hooked Slippersnail,nan
Redwood National Park,Slug/Snail,Neotaenioglossa,Cerithiidae,Threaded Cerith,nan
Redwood National Park,Slug/Snail,Neotaenioglossa,Epitoniidae,Tinted Wentletrap,nan
Redwood National Park,Slug/Snail,Neotaenioglossa,Epitoniidae,None,nan
Redwood National Park,Slug/Snail,Neotaenioglossa,Hydrobiidae,None,nan
Redwood National Park,Slug/Snail,Neotaenioglossa,Hydrobiidae,None,nan
Redwood National Park,Slug/Snail,Neotaenioglossa,Lamellariidae,None,nan
Redwood National Park,Slug/Snail,Neotaenioglossa,Littorinidae,None,nan
Redwood National Park,Slug/Snail,Neotaenioglossa,Littorinidae,Chink Snail,nan
Redwood National Park,Slug/Snail,Neotaenioglossa,Littorinidae,None,nan
Redwood National Park,Slug/Snail,Neotaenioglossa,Littorinidae,None,nan
Redwood National Park,Slug/Snail,Neotaenioglossa,Littorinidae,Eroded Periwinkle,nan
Redwood National Park,Slug/Snail,Neotaenioglossa,Littorinidae,Checkered Periwinkle,nan
Redwood National Park,Slug/Snail,Neotaenioglossa,Pleuroceridae,None,nan
Redwood National Park,Slug/Snail,Neotaenioglossa,Pleuroceridae,None,nan
Redwood National Park,Slug/Snail,Neotaenioglossa,Pleuroceridae,None,nan
Redwood National Park,Slug/Snail,Neotaenioglossa,Pleuroceridae,Pleated Juga,nan
Redwood National Park,Slug/Snail,Neotaenioglossa,Pleuroceridae,None,nan
Redwood National Park,Slug/Snail,Nudibranchia,nan,Nudibranchs,nan
Redwood National Park,Slug/Snail,Nudibranchia,Actinocyclidae,None,nan
Redwood National Park,Slug/Snail,Nudibranchia,Aegiridae,Salt-And-Pepper Doris,nan
Redwood National Park,Slug/Snail,Nudibranchia,Aeolidiidae,Shag-Rug Aeolis,nan
Redwood National Park,Slug/Snail,Nudibranchia,Archidorididae,Monterey Sea-Lemon,nan
Redwood National Park,Slug/Snail,Nudibranchia,Archidorididae,White Night Doris,nan
Redwood National Park,Slug/Snail,Nudibranchia,Chromodorididae,Yellow-Edge Cadlina,nan
Redwood National Park,Slug/Snail,Nudibranchia,Chromodorididae,Modest Cadlina,nan
Redwood National Park,Slug/Snail,Nudibranchia,Dendronotidae,None,nan
Redwood National Park,Slug/Snail,Nudibranchia,Dendronotidae,White Frond-Aeolis,nan
Redwood National Park,Slug/Snail,Nudibranchia,Dendronotidae,Frond-Aeolis,nan
Redwood National Park,Slug/Snail,Nudibranchia,Dendronotidae,Giant Frond-Aeolis,nan
Redwood National Park,Slug/Snail,Nudibranchia,Dendronotidae,Stubby Frond-Aeolis,nan
Redwood National Park,Slug/Snail,Nudibranchia,Dironidae,White-Line Dirona,nan
Redwood National Park,Slug/Snail,Nudibranchia,Dironidae,Painted Dirona,nan
Redwood National Park,Slug/Snail,Nudibranchia,Discodorididae,Pacific Sea-Lemon,nan
Redwood National Park,Slug/Snail,Nudibranchia,Discodorididae,Ringed Doris,nan
Redwood National Park,Slug/Snail,Nudibranchia,Dotoidae,None,nan
Redwood National Park,Slug/Snail,Nudibranchia,Dotoidae,Hammerhead Doto,nan
Redwood National Park,Slug/Snail,Nudibranchia,Facelinidae,Hermissenda,nan
Redwood National Park,Slug/Snail,Nudibranchia,Facelinidae,None,nan
Redwood National Park,Slug/Snail,Nudibranchia,Flabellinidae,Smooth-Tooth Aeolis,nan
Redwood National Park,Slug/Snail,Nudibranchia,Flabellinidae,Three-Line Aeolis,nan
Redwood National Park,Slug/Snail,Nudibranchia,Janolidae,Cockscomb Nudibranch,nan
Redwood National Park,Slug/Snail,Nudibranchia,Janolidae,Cockscomb Nudibranch,nan
Redwood National Park,Slug/Snail,Nudibranchia,Janolidae,None,nan
Redwood National Park,Slug/Snail,Nudibranchia,Onchidorididae,Wine-Plumed Spiny Doris,nan
Redwood National Park,Slug/Snail,Nudibranchia,Onchidorididae,None,nan
Redwood National Park,Slug/Snail,Nudibranchia,Onchidorididae,None,nan
Redwood National Park,Slug/Snail,Nudibranchia,Polyceridae,None,nan
Redwood National Park,Slug/Snail,Nudibranchia,Polyceridae,Sea-Clown Triopha,nan
Redwood National Park,Slug/Snail,Nudibranchia,Polyceridae,Maculated Triopha,nan
Redwood National Park,Slug/Snail,Nudibranchia,Rostangidae,Red Sponge Doris,nan
Redwood National Park,Slug/Snail,Nudibranchia,Tergipedidae,White-Crust Cuthona,nan
Redwood National Park,Slug/Snail,Nudibranchia,Tergipedidae,Brown Cuthona,nan
Redwood National Park,Slug/Snail,Nudibranchia,Tergipedidae,Yellowish Cuthona,nan
Redwood National Park,Slug/Snail,Nudibranchia,Tergipedidae,Orange-Face Cuthona,nan
Redwood National Park,Slug/Snail,Nudibranchia,Tergipedidae,None,nan
Redwood National Park,Slug/Snail,Nudibranchia,Tritoniidae,Giant Orange Tochui,nan
Redwood National Park,Slug/Snail,Nudibranchia,Tritoniidae,None,nan
Redwood National Park,Slug/Snail,Nudibranchia,Tritoniidae,None,nan
Redwood National Park,Slug/Snail,Patellogastropoda,Acmaeidae,None,nan
Redwood National Park,Slug/Snail,Patellogastropoda,Acmaeidae,Whitecap Limpet,nan
Redwood National Park,Slug/Snail,Patellogastropoda,Acmaeidae,None,nan
Redwood National Park,Slug/Snail,Patellogastropoda,Acmaeidae,None,nan
Redwood National Park,Slug/Snail,Patellogastropoda,Lottiidae,Ribbed Limpet,nan
Redwood National Park,Slug/Snail,Patellogastropoda,Lottiidae,Shield Limpet,nan
Redwood National Park,Slug/Snail,Patellogastropoda,Lottiidae,Rough Limpet,nan
Redwood National Park,Slug/Snail,Patellogastropoda,Lottiidae,None,nan
Redwood National Park,Slug/Snail,Patellogastropoda,Lottiidae,Ribbed Limpet,nan
Redwood National Park,Slug/Snail,Patellogastropoda,Lottiidae,File Limpet,nan
Redwood National Park,Slug/Snail,Patellogastropoda,Lottiidae,Shield Limpet,nan
Redwood National Park,Slug/Snail,Patellogastropoda,Lottiidae,None,nan
Redwood National Park,Slug/Snail,Patellogastropoda,Lottiidae,None,nan
Redwood National Park,Slug/Snail,Patellogastropoda,Lottiidae,None,nan
Redwood National Park,Slug/Snail,Patellogastropoda,Lottiidae,Surfgrass Limpet,nan
Redwood National Park,Slug/Snail,Patellogastropoda,Lottiidae,Mask Limpet,nan
Redwood National Park,Slug/Snail,Patellogastropoda,Lottiidae,Plate Limpet,nan
Redwood National Park,Slug/Snail,Stylommatophora,Arionidae,"California Banana Slug, California Bananaslug",nan
Redwood National Park,Slug/Snail,Stylommatophora,Arionidae,"Pacific Banana Slug, Pacific Bananaslug",nan
Redwood National Park,Slug/Snail,Stylommatophora,Arionidae,Reticulate Taildropper,nan
Redwood National Park,Slug/Snail,Stylommatophora,Arionidae,Banded Taildropper,nan
Redwood National Park,Slug/Snail,Stylommatophora,Bradybaenidae,None,nan
Redwood National Park,Slug/Snail,Stylommatophora,Limacidae,Longneck Field Slug,nan
Redwood National Park,Slug/Snail,Stylommatophora,Limacidae,Meadow Slug,nan
Redwood National Park,Slug/Snail,Stylommatophora,Limacidae,None,nan
Redwood National Park,Slug/Snail,Stylommatophora,Limacidae,"Gray Field Slug, Gray Fieldslug",nan
Redwood National Park,Slug/Snail,Stylommatophora,Limacidae,"Giant Garden Slug, Giant Gardenslug",nan
Redwood National Park,Slug/Snail,Stylommatophora,Milacidae,"Greenhouse Slug, Jet Greenhouse Slug",nan
Redwood National Park,Slug/Snail,Stylommatophora,Succineidae,None,nan
Redwood National Park,Slug/Snail,Systellommatophora,Onchidiidae,None,nan
Redwood National Park,Slug/Snail,Systellommatophora,Onchidiidae,Northwest Onchidella,nan
Redwood National Park,Spider/Scorpion,nan,Ixodes,None,nan
Redwood National Park,Spider/Scorpion,Acari,nan,None,nan
Redwood National Park,Spider/Scorpion,Acari,nan,Water Mites,nan
Redwood National Park,Spider/Scorpion,Araneae,nan,Spiders,nan
Redwood National Park,Spider/Scorpion,Araneae,Antrodiaetidae,None,nan
Redwood National Park,Spider/Scorpion,Araneae,Araneidae,Common Garden Spiders,nan
Redwood National Park,Spider/Scorpion,Araneae,Theridiidae,Southern Black Widow Spider,nan
Redwood National Park,Insect,nan,nan,None,nan
Redwood National Park,Insect,nan,nan,None,nan
Redwood National Park,Insect,nan,nan,None,nan
Redwood National Park,Insect,nan,nan,None,nan
Redwood National Park,Insect,nan,nan,None,nan
Redwood National Park,Insect,nan,nan,None,nan
Redwood National Park,Insect,nan,nan,None,nan
Redwood National Park,Insect,nan,nan,None,nan
Redwood National Park,Insect,nan,nan,None,nan
Redwood National Park,Insect,nan,nan,None,nan
Redwood National Park,Insect,nan,nan,None,nan
Redwood National Park,Insect,nan,nan,None,nan
Redwood National Park,Insect,nan,nan,None,nan
Redwood National Park,Insect,nan,nan,None,nan
Redwood National Park,Insect,nan,nan,None,nan
Redwood National Park,Insect,nan,nan,None,nan
Redwood National Park,Insect,nan,nan,None,nan
Redwood National Park,Insect,nan,nan,None,nan
Redwood National Park,Insect,nan,nan,None,nan
Redwood National Park,Insect,nan,nan,Acmon Blue,nan
Redwood National Park,Insect,nan,nan,None,nan
Redwood National Park,Insect,nan,nan,None,nan
Redwood National Park,Insect,nan,nan,None,nan
Redwood National Park,Insect,nan,nan,Insects,nan
Redwood National Park,Insect,nan,nan,None,nan
Redwood National Park,Insect,nan,nan,None,nan
Redwood National Park,Insect,nan,nan,None,nan
Redwood National Park,Insect,nan,nan,None,nan
Redwood National Park,Insect,nan,nan,None,nan
Redwood National Park,Insect,nan,nan,None,nan
Redwood National Park,Insect,nan,nan,None,nan
Redwood National Park,Insect,nan,nan,None,nan
Redwood National Park,Insect,nan,nan,None,nan
Redwood National Park,Insect,nan,nan,None,nan
Redwood National Park,Insect,nan,nan,None,nan
Redwood National Park,Insect,nan,Danaidae,None,nan
Redwood National Park,Insect,nan,Heleidae,None,nan
Redwood National Park,Insect,nan,Olethreutidae,None,nan
Redwood National Park,Insect,Blattodea,Kalotermitidae,None,nan
Redwood National Park,Insect,Blattodea,Rhinotermitidae,None,nan
Redwood National Park,Insect,Blattodea,Rhinotermitidae,None,nan
Redwood National Park,Insect,Blattodea,Termopsidae,None,nan
Redwood National Park,Insect,Blattodea,Termopsidae,None,nan
Redwood National Park,Insect,Blattodea,Termopsidae,None,nan
Redwood National Park,Insect,Coleoptera,nan,Beetles,nan
Redwood National Park,Insect,Coleoptera,Amphizoidae,None,nan
Redwood National Park,Insect,Coleoptera,Anobiidae,None,nan
Redwood National Park,Insect,Coleoptera,Anobiidae,None,nan
Redwood National Park,Insect,Coleoptera,Anthicidae,Antlike Flower Beetles,nan
Redwood National Park,Insect,Coleoptera,Buprestidae,None,nan
Redwood National Park,Insect,Coleoptera,Carabidae,None,nan
Redwood National Park,Insect,Coleoptera,Carabidae,Pacific Hairy-Necked Tiger Beetle,nan
Redwood National Park,Insect,Coleoptera,Carabidae,None,nan
Redwood National Park,Insect,Coleoptera,Carabidae,None,nan
Redwood National Park,Insect,Coleoptera,Carabidae,Humboldt Ground Beetle,nan
Redwood National Park,Insect,Coleoptera,Cerambycidae,None,nan
Redwood National Park,Insect,Coleoptera,Cerambycidae,None,nan
Redwood National Park,Insect,Coleoptera,Cerambycidae,None,nan
Redwood National Park,Insect,Coleoptera,Cerambycidae,None,nan
Redwood National Park,Insect,Coleoptera,Cerambycidae,None,nan
Redwood National Park,Insect,Coleoptera,Cerambycidae,None,nan
Redwood National Park,Insect,Coleoptera,Cerambycidae,None,nan
Redwood National Park,Insect,Coleoptera,Cerambycidae,California Prionus,nan
Redwood National Park,Insect,Coleoptera,Cerambycidae,None,nan
Redwood National Park,Insect,Coleoptera,Chrysomelidae,None,nan
Redwood National Park,Insect,Coleoptera,Chrysomelidae,None,nan
Redwood National Park,Insect,Coleoptera,Chrysomelidae,None,nan
Redwood National Park,Insect,Coleoptera,Chrysomelidae,None,nan
Redwood National Park,Insect,Coleoptera,Chrysomelidae,None,nan
Redwood National Park,Insect,Coleoptera,Coccinellidae,None,nan
Redwood National Park,Insect,Coleoptera,Coccinellidae,None,nan
Redwood National Park,Insect,Coleoptera,Curculionidae,"Snout Beetles, Weevils",nan
Redwood National Park,Insect,Coleoptera,Curculionidae,None,nan
Redwood National Park,Insect,Coleoptera,Curculionidae,None,nan
Redwood National Park,Insect,Coleoptera,Curculionidae,None,nan
Redwood National Park,Insect,Coleoptera,Curculionidae,None,nan
Redwood National Park,Insect,Coleoptera,Curculionidae,None,nan
Redwood National Park,Insect,Coleoptera,Curculionidae,None,nan
Redwood National Park,Insect,Coleoptera,Curculionidae,None,nan
Redwood National Park,Insect,Coleoptera,Curculionidae,None,nan
Redwood National Park,Insect,Coleoptera,Curculionidae,None,nan
Redwood National Park,Insect,Coleoptera,Dytiscidae,None,nan
Redwood National Park,Insect,Coleoptera,Dytiscidae,None,nan
Redwood National Park,Insect,Coleoptera,Dytiscidae,None,nan
Redwood National Park,Insect,Coleoptera,Dytiscidae,None,nan
Redwood National Park,Insect,Coleoptera,Dytiscidae,None,nan
Redwood National Park,Insect,Coleoptera,Dytiscidae,None,nan
Redwood National Park,Insect,Coleoptera,Dytiscidae,None,nan
Redwood National Park,Insect,Coleoptera,Dytiscidae,None,nan
Redwood National Park,Insect,Coleoptera,Dytiscidae,None,nan
Redwood National Park,Insect,Coleoptera,Dytiscidae,None,nan
Redwood National Park,Insect,Coleoptera,Dytiscidae,None,nan
Redwood National Park,Insect,Coleoptera,Dytiscidae,None,nan
Redwood National Park,Insect,Coleoptera,Dytiscidae,None,nan
Redwood National Park,Insect,Coleoptera,Dytiscidae,None,nan
Redwood National Park,Insect,Coleoptera,Dytiscidae,None,nan
Redwood National Park,Insect,Coleoptera,Elateridae,Click Beetles,nan
Redwood National Park,Insect,Coleoptera,Elmidae,None,nan
Redwood National Park,Insect,Coleoptera,Elmidae,None,nan
Redwood National Park,Insect,Coleoptera,Elmidae,None,nan
Redwood National Park,Insect,Coleoptera,Elmidae,None,nan
Redwood National Park,Insect,Coleoptera,Elmidae,Riffle Beetles,nan
Redwood National Park,Insect,Coleoptera,Elmidae,None,nan
Redwood National Park,Insect,Coleoptera,Elmidae,None,nan
Redwood National Park,Insect,Coleoptera,Elmidae,None,nan
Redwood National Park,Insect,Coleoptera,Elmidae,None,nan
Redwood National Park,Insect,Coleoptera,Elmidae,None,nan
Redwood National Park,Insect,Coleoptera,Elmidae,None,nan
Redwood National Park,Insect,Coleoptera,Elmidae,None,nan
Redwood National Park,Insect,Coleoptera,Elmidae,None,nan
Redwood National Park,Insect,Coleoptera,Elmidae,None,nan
Redwood National Park,Insect,Coleoptera,Elmidae,None,nan
Redwood National Park,Insect,Coleoptera,Elmidae,None,nan
Redwood National Park,Insect,Coleoptera,Elmidae,None,nan
Redwood National Park,Insect,Coleoptera,Elmidae,None,nan
Redwood National Park,Insect,Coleoptera,Elmidae,None,nan
Redwood National Park,Insect,Coleoptera,Elmidae,None,nan
Redwood National Park,Insect,Coleoptera,Elmidae,None,nan
Redwood National Park,Insect,Coleoptera,Erirhinidae,None,nan
Redwood National Park,Insect,Coleoptera,Gyrinidae,None,nan
Redwood National Park,Insect,Coleoptera,Haliplidae,None,nan
Redwood National Park,Insect,Coleoptera,Haliplidae,None,nan
Redwood National Park,Insect,Coleoptera,Haliplidae,Crawling Water Beetles,nan
Redwood National Park,Insect,Coleoptera,Haliplidae,None,nan
Redwood National Park,Insect,Coleoptera,Haliplidae,None,nan
Redwood National Park,Insect,Coleoptera,Helophoridae,None,nan
Redwood National Park,Insect,Coleoptera,Hydraenidae,None,nan
Redwood National Park,Insect,Coleoptera,Hydraenidae,None,nan
Redwood National Park,Insect,Coleoptera,Hydraenidae,None,nan
Redwood National Park,Insect,Coleoptera,Hydraenidae,None,nan
Redwood National Park,Insect,Coleoptera,Hydrochidae,None,nan
Redwood National Park,Insect,Coleoptera,Hydrophilidae,None,nan
Redwood National Park,Insect,Coleoptera,Hydrophilidae,None,nan
Redwood National Park,Insect,Coleoptera,Hydrophilidae,None,nan
Redwood National Park,Insect,Coleoptera,Hydrophilidae,None,nan
Redwood National Park,Insect,Coleoptera,Hydrophilidae,None,nan
Redwood National Park,Insect,Coleoptera,Hydrophilidae,None,nan
Redwood National Park,Insect,Coleoptera,Hydrophilidae,None,nan
Redwood National Park,Insect,Coleoptera,Hydrophilidae,None,nan
Redwood National Park,Insect,Coleoptera,Hydrophilidae,None,nan
Redwood National Park,Insect,Coleoptera,Hydrophilidae,None,nan
Redwood National Park,Insect,Coleoptera,Hydrophilidae,None,nan
Redwood National Park,Insect,Coleoptera,Hydrophilidae,None,nan
Redwood National Park,Insect,Coleoptera,Hydroscaphidae,None,nan
Redwood National Park,Insect,Coleoptera,Lucanidae,None,nan
Redwood National Park,Insect,Coleoptera,Melandryidae,None,nan
Redwood National Park,Insect,Coleoptera,Psephenidae,None,nan
Redwood National Park,Insect,Coleoptera,Psephenidae,None,nan
Redwood National Park,Insect,Coleoptera,Psephenidae,None,nan
Redwood National Park,Insect,Coleoptera,Psephenidae,None,nan
Redwood National Park,Insect,Coleoptera,Psephenidae,None,nan
Redwood National Park,Insect,Coleoptera,Psephenidae,None,nan
Redwood National Park,Insect,Coleoptera,Ptilodactylidae,None,nan
Redwood National Park,Insect,Coleoptera,Ptilodactylidae,None,nan
Redwood National Park,Insect,Coleoptera,Ptilodactylidae,Ptilodactylid Beetles,nan
Redwood National Park,Insect,Coleoptera,Salpingidae,Narrow-Waisted Bark Beetles,nan
Redwood National Park,Insect,Coleoptera,Sphaeriidae,Minute Bog Beetles,nan
Redwood National Park,Insect,Coleoptera,Sphaeriusidae,None,nan
Redwood National Park,Insect,Coleoptera,Staphylinidae,None,nan
Redwood National Park,Insect,Coleoptera,Staphylinidae,Rove Beetles,nan
Redwood National Park,Insect,Coleoptera,Staphylinidae,None,nan
Redwood National Park,Insect,Coleoptera,Staphylinidae,None,nan
Redwood National Park,Insect,Coleoptera,Staphylinidae,None,nan
Redwood National Park,Insect,Coleoptera,Staphylinidae,None,nan
Redwood National Park,Insect,Collembola,nan,None,nan
Redwood National Park,Insect,Dermaptera,Forficulidae,None,nan
Redwood National Park,Insect,Dermaptera,Forficulidae,European Earwig,nan
Redwood National Park,Insect,Diptera,nan,"Gnats, Mosquitoes, True Flies",nan
Redwood National Park,Insect,Diptera,nan,None,nan
Redwood National Park,Insect,Diptera,nan,None,nan
Redwood National Park,Insect,Diptera,Acroceridae,None,nan
Redwood National Park,Insect,Diptera,Anthomyiidae,None,nan
Redwood National Park,Insect,Diptera,Athericidae,None,nan
Redwood National Park,Insect,Diptera,Bibionidae,None,nan
Redwood National Park,Insect,Diptera,Blephariceridae,None,nan
Redwood National Park,Insect,Diptera,Blephariceridae,None,nan
Redwood National Park,Insect,Diptera,Blephariceridae,None,nan
Redwood National Park,Insect,Diptera,Blephariceridae,None,nan
Redwood National Park,Insect,Diptera,Bombyliidae,None,nan
Redwood National Park,Insect,Diptera,Cecidomyiidae,"Gall Gnats, Gall Midges",nan
Redwood National Park,Insect,Diptera,Ceratopogonidae,None,nan
Redwood National Park,Insect,Diptera,Ceratopogonidae,None,nan
Redwood National Park,Insect,Diptera,Ceratopogonidae,"Biting Midges, No-See-Ums, Punkies",nan
Redwood National Park,Insect,Diptera,Ceratopogonidae,None,nan
Redwood National Park,Insect,Diptera,Ceratopogonidae,None,nan
Redwood National Park,Insect,Diptera,Ceratopogonidae,None,nan
Redwood National Park,Insect,Diptera,Ceratopogonidae,None,nan
Redwood National Park,Insect,Diptera,Chaoboridae,None,nan
Redwood National Park,Insect,Diptera,Chironomidae,None,nan
Redwood National Park,Insect,Diptera,Chironomidae,None,nan
Redwood National Park,Insect,Diptera,Chironomidae,None,nan
Redwood National Park,Insect,Diptera,Chironomidae,None,nan
Redwood National Park,Insect,Diptera,Chironomidae,Midges,nan
Redwood National Park,Insect,Diptera,Chironomidae,None,nan
Redwood National Park,Insect,Diptera,Chironomidae,None,nan
Redwood National Park,Insect,Diptera,Chironomidae,None,nan
Redwood National Park,Insect,Diptera,Chironomidae,None,nan
Redwood National Park,Insect,Diptera,Chironomidae,None,nan
Redwood National Park,Insect,Diptera,Chironomidae,None,nan
Redwood National Park,Insect,Diptera,Chironomidae,None,nan
Redwood National Park,Insect,Diptera,Chironomidae,None,nan
Redwood National Park,Insect,Diptera,Chironomidae,None,nan
Redwood National Park,Insect,Diptera,Chironomidae,None,nan
Redwood National Park,Insect,Diptera,Chironomidae,None,nan
Redwood National Park,Insect,Diptera,Chironomidae,None,nan
Redwood National Park,Insect,Diptera,Chironomidae,None,nan
Redwood National Park,Insect,Diptera,Chironomidae,None,nan
Redwood National Park,Insect,Diptera,Chironomidae,None,nan
Redwood National Park,Insect,Diptera,Chironomidae,None,nan
Redwood National Park,Insect,Diptera,Chironomidae,None,nan
Redwood National Park,Insect,Diptera,Chironomidae,None,nan
Redwood National Park,Insect,Diptera,Chironomidae,None,nan
Redwood National Park,Insect,Diptera,Chironomidae,None,nan
Redwood National Park,Insect,Diptera,Chironomidae,None,nan
Redwood National Park,Insect,Diptera,Chironomidae,None,nan
Redwood National Park,Insect,Diptera,Chironomidae,None,nan
Redwood National Park,Insect,Diptera,Chironomidae,None,nan
Redwood National Park,Insect,Diptera,Chironomidae,None,nan
Redwood National Park,Insect,Diptera,Chironomidae,None,nan
Redwood National Park,Insect,Diptera,Chironomidae,None,nan
Redwood National Park,Insect,Diptera,Chironomidae,None,nan
Redwood National Park,Insect,Diptera,Chironomidae,None,nan
Redwood National Park,Insect,Diptera,Chironomidae,None,nan
Redwood National Park,Insect,Diptera,Chironomidae,None,nan
Redwood National Park,Insect,Diptera,Chironomidae,None,nan
Redwood National Park,Insect,Diptera,Chironomidae,None,nan
Redwood National Park,Insect,Diptera,Culicidae,None,nan
Redwood National Park,Insect,Diptera,Culicidae,None,nan
Redwood National Park,Insect,Diptera,Culicidae,None,nan
Redwood National Park,Insect,Diptera,Culicidae,Western Treehole Mosquito,nan
Redwood National Park,Insect,Diptera,Culicidae,None,nan
Redwood National Park,Insect,Diptera,Culicidae,None,nan
Redwood National Park,Insect,Diptera,Culicidae,None,nan
Redwood National Park,Insect,Diptera,Culicidae,None,nan
Redwood National Park,Insect,Diptera,Culicidae,None,nan
Redwood National Park,Insect,Diptera,Culicidae,None,nan
Redwood National Park,Insect,Diptera,Culicidae,Northern House Mosquito,nan
Redwood National Park,Insect,Diptera,Culicidae,None,nan
Redwood National Park,Insect,Diptera,Culicidae,Mosquitoes,nan
Redwood National Park,Insect,Diptera,Culicidae,None,nan
Redwood National Park,Insect,Diptera,Culicidae,None,nan
Redwood National Park,Insect,Diptera,Culicidae,None,nan
Redwood National Park,Insect,Diptera,Culicidae,None,nan
Redwood National Park,Insect,Diptera,Dixidae,None,nan
Redwood National Park,Insect,Diptera,Dixidae,None,nan
Redwood National Park,Insect,Diptera,Dixidae,None,nan
Redwood National Park,Insect,Diptera,Dixidae,None,nan
Redwood National Park,Insect,Diptera,Dixidae,Dixid Midges,nan
Redwood National Park,Insect,Diptera,Dixidae,None,nan
Redwood National Park,Insect,Diptera,Dixidae,None,nan
Redwood National Park,Insect,Diptera,Dolichopodidae,Longlegged Flies,nan
Redwood National Park,Insect,Diptera,Dolichopodidae,Long-Legged Flies,nan
Redwood National Park,Insect,Diptera,Dolichopodidae,None,nan
Redwood National Park,Insect,Diptera,Drosophilidae,None,nan
Redwood National Park,Insect,Diptera,Drosophilidae,"Pomace Flies, Small Fruit Flies, Vinegar Flies",nan
Redwood National Park,Insect,Diptera,Empididae,None,nan
Redwood National Park,Insect,Diptera,Empididae,None,nan
Redwood National Park,Insect,Diptera,Empididae,"Balloon Flies, Dance Flies",nan
Redwood National Park,Insect,Diptera,Empididae,None,nan
Redwood National Park,Insect,Diptera,Empididae,None,nan
Redwood National Park,Insect,Diptera,Ephydridae,"Brine Flies, Shore Flies",nan
Redwood National Park,Insect,Diptera,Muscidae,House Fly,nan
Redwood National Park,Insect,Diptera,Muscidae,"Face Flies, Horn Flies, House Flies, Muscid Flies, Stable Flies, Tsetse Flies",nan
Redwood National Park,Insect,Diptera,Mycetophilidae,Fungus Gnats,nan
Redwood National Park,Insect,Diptera,Pelecorhynchidae,None,nan
Redwood National Park,Insect,Diptera,Pelecorhynchidae,Pelecorhynchid Flies,nan
Redwood National Park,Insect,Diptera,Phoridae,Humpbacked Flies,nan
Redwood National Park,Insect,Diptera,Psychodidae,None,nan
Redwood National Park,Insect,Diptera,Psychodidae,None,nan
Redwood National Park,Insect,Diptera,Psychodidae,None,nan
Redwood National Park,Insect,Diptera,Psychodidae,"Moth Flies, Sand Flies",nan
Redwood National Park,Insect,Diptera,Ptychopteridae,None,nan
Redwood National Park,Insect,Diptera,Ptychopteridae,None,nan
Redwood National Park,Insect,Diptera,Ptychopteridae,Phantom Crane Flies,nan
Redwood National Park,Insect,Diptera,Sarcophagidae,None,nan
Redwood National Park,Insect,Diptera,Sarcophagidae,Flesh Flies,nan
Redwood National Park,Insect,Diptera,Sciaridae,"Dark-Winged Fungus Gnats, Root Gnats",nan
Redwood National Park,Insect,Diptera,Sciomyzidae,None,nan
Redwood National Park,Insect,Diptera,Simulidae,None,nan
Redwood National Park,Insect,Diptera,Simuliidae,None,nan
Redwood National Park,Insect,Diptera,Simuliidae,"Black Flies, Buffalo Gnats",nan
Redwood National Park,Insect,Diptera,Simuliidae,None,nan
Redwood National Park,Insect,Diptera,Sphaeroceridae,None,nan
Redwood National Park,Insect,Diptera,Stratiomyidae,None,nan
Redwood National Park,Insect,Diptera,Stratiomyidae,None,nan
Redwood National Park,Insect,Diptera,Stratiomyidae,None,nan
Redwood National Park,Insect,Diptera,Tabanidae,None,nan
Redwood National Park,Insect,Diptera,Tabanidae,"Clegs, Deer Flies, Horse Flies",nan
Redwood National Park,Insect,Diptera,Tabanidae,None,nan
Redwood National Park,Insect,Diptera,Tanyderidae,None,nan
Redwood National Park,Insect,Diptera,Tipulidae,None,nan
Redwood National Park,Insect,Diptera,Tipulidae,None,nan
Redwood National Park,Insect,Diptera,Tipulidae,None,nan
Redwood National Park,Insect,Diptera,Tipulidae,None,nan
Redwood National Park,Insect,Diptera,Tipulidae,None,nan
Redwood National Park,Insect,Diptera,Tipulidae,None,nan
Redwood National Park,Insect,Diptera,Tipulidae,None,nan
Redwood National Park,Insect,Diptera,Tipulidae,None,nan
Redwood National Park,Insect,Diptera,Tipulidae,None,nan
Redwood National Park,Insect,Diptera,Tipulidae,None,nan
Redwood National Park,Insect,Diptera,Tipulidae,None,nan
Redwood National Park,Insect,Diptera,Tipulidae,None,nan
Redwood National Park,Insect,Diptera,Tipulidae,Crane Flies,nan
Redwood National Park,Insect,Diptera,Tipulidae,None,nan
Redwood National Park,Insect,Ephemeroptera,nan,Mayflies,nan
Redwood National Park,Insect,Ephemeroptera,nan,None,nan
Redwood National Park,Insect,Ephemeroptera,Ameletidae,None,nan
Redwood National Park,Insect,Ephemeroptera,Ameletidae,None,nan
Redwood National Park,Insect,Ephemeroptera,Baetidae,None,nan
Redwood National Park,Insect,Ephemeroptera,Baetidae,None,nan
Redwood National Park,Insect,Ephemeroptera,Baetidae,None,nan
Redwood National Park,Insect,Ephemeroptera,Baetidae,None,nan
Redwood National Park,Insect,Ephemeroptera,Ephemerellidae,None,nan
Redwood National Park,Insect,Ephemeroptera,Ephemerellidae,None,nan
Redwood National Park,Insect,Ephemeroptera,Ephemerellidae,None,nan
Redwood National Park,Insect,Ephemeroptera,Ephemerellidae,None,nan
Redwood National Park,Insect,Ephemeroptera,Ephemerellidae,None,nan
Redwood National Park,Insect,Ephemeroptera,Ephemerellidae,None,nan
Redwood National Park,Insect,Ephemeroptera,Ephemerellidae,None,nan
Redwood National Park,Insect,Ephemeroptera,Ephemerellidae,None,nan
Redwood National Park,Insect,Ephemeroptera,Ephemerellidae,None,nan
Redwood National Park,Insect,Ephemeroptera,Ephemerellidae,None,nan
Redwood National Park,Insect,Ephemeroptera,Ephemerellidae,None,nan
Redwood National Park,Insect,Ephemeroptera,Ephemerellidae,None,nan
Redwood National Park,Insect,Ephemeroptera,Ephemerellidae,None,nan
Redwood National Park,Insect,Ephemeroptera,Ephemerellidae,None,nan
Redwood National Park,Insect,Ephemeroptera,Ephemerellidae,None,nan
Redwood National Park,Insect,Ephemeroptera,Ephemerellidae,None,nan
Redwood National Park,Insect,Ephemeroptera,Ephemerellidae,None,nan
Redwood National Park,Insect,Ephemeroptera,Ephemerellidae,None,nan
Redwood National Park,Insect,Ephemeroptera,Ephemerellidae,None,nan
Redwood National Park,Insect,Ephemeroptera,Ephemerellidae,None,nan
Redwood National Park,Insect,Ephemeroptera,Ephemerellidae,None,nan
Redwood National Park,Insect,Ephemeroptera,Ephemerellidae,None,nan
Redwood National Park,Insect,Ephemeroptera,Ephemerellidae,None,nan
Redwood National Park,Insect,Ephemeroptera,Ephemerellidae,None,nan
Redwood National Park,Insect,Ephemeroptera,Ephemeridae,None,nan
Redwood National Park,Insect,Ephemeroptera,Heptageniidae,None,nan
Redwood National Park,Insect,Ephemeroptera,Heptageniidae,None,nan
Redwood National Park,Insect,Ephemeroptera,Heptageniidae,None,nan
Redwood National Park,Insect,Ephemeroptera,Heptageniidae,None,nan
Redwood National Park,Insect,Ephemeroptera,Heptageniidae,None,nan
Redwood National Park,Insect,Ephemeroptera,Heptageniidae,None,nan
Redwood National Park,Insect,Ephemeroptera,Heptageniidae,None,nan
Redwood National Park,Insect,Ephemeroptera,Heptageniidae,None,nan
Redwood National Park,Insect,Ephemeroptera,Heptageniidae,None,nan
Redwood National Park,Insect,Ephemeroptera,Heptageniidae,None,nan
Redwood National Park,Insect,Ephemeroptera,Heptageniidae,None,nan
Redwood National Park,Insect,Ephemeroptera,Heptageniidae,None,nan
Redwood National Park,Insect,Ephemeroptera,Heptageniidae,None,nan
Redwood National Park,Insect,Ephemeroptera,Heptageniidae,None,nan
Redwood National Park,Insect,Ephemeroptera,Isonychiidae,None,nan
Redwood National Park,Insect,Ephemeroptera,Leptohyphidae,None,nan
Redwood National Park,Insect,Ephemeroptera,Leptophlebiidae,None,nan
Redwood National Park,Insect,Ephemeroptera,Leptophlebiidae,None,nan
Redwood National Park,Insect,Ephemeroptera,Leptophlebiidae,None,nan
Redwood National Park,Insect,Ephemeroptera,Leptophlebiidae,None,nan
Redwood National Park,Insect,Ephemeroptera,Siphlonuridae,None,nan
Redwood National Park,Insect,Hemiptera,nan,"Hemipterans, True Bugs",nan
Redwood National Park,Insect,Hemiptera,Aphididae,None,nan
Redwood National Park,Insect,Hemiptera,Aphididae,"Aphids, Plantlice",nan
Redwood National Park,Insect,Hemiptera,Belostomatidae,None,nan
Redwood National Park,Insect,Hemiptera,Belostomatidae,Giant Water Bug,nan
Redwood National Park,Insect,Hemiptera,Cicadellidae,"Cicadellids, Jassids, Leafhoppers, Sharpshooters",nan
Redwood National Park,Insect,Hemiptera,Coccidae,None,nan
Redwood National Park,Insect,Hemiptera,Corixidae,None,nan
Redwood National Park,Insect,Hemiptera,Corixidae,None,nan
Redwood National Park,Insect,Hemiptera,Corixidae,None,nan
Redwood National Park,Insect,Hemiptera,Corixidae,None,nan
Redwood National Park,Insect,Hemiptera,Corixidae,None,nan
Redwood National Park,Insect,Hemiptera,Corixidae,None,nan
Redwood National Park,Insect,Hemiptera,Corixidae,None,nan
Redwood National Park,Insect,Hemiptera,Corixidae,None,nan
Redwood National Park,Insect,Hemiptera,Corixidae,None,nan
Redwood National Park,Insect,Hemiptera,Diaspididae,None,nan
Redwood National Park,Insect,Hemiptera,Diaspididae,Oleander Scale,nan
Redwood National Park,Insect,Hemiptera,Diaspididae,None,nan
Redwood National Park,Insect,Hemiptera,Diaspididae,None,nan
Redwood National Park,Insect,Hemiptera,Diaspididae,None,nan
Redwood National Park,Insect,Hemiptera,Diaspididae,None,nan
Redwood National Park,Insect,Hemiptera,Gelastocoridae,Toad Bug,nan
Redwood National Park,Insect,Hemiptera,Gerridae,None,nan
Redwood National Park,Insect,Hemiptera,Gerridae,None,nan
Redwood National Park,Insect,Hemiptera,Gerridae,None,nan
Redwood National Park,Insect,Hemiptera,Membracidae,Treehoppers,nan
Redwood National Park,Insect,Hemiptera,Nepidae,None,nan
Redwood National Park,Insect,Hemiptera,Notonectidae,None,nan
Redwood National Park,Insect,Hemiptera,Notonectidae,None,nan
Redwood National Park,Insect,Hemiptera,Notonectidae,None,nan
Redwood National Park,Insect,Hemiptera,Pentatomidae,None,nan
Redwood National Park,Insect,Hemiptera,Pentatomidae,"Stink Bugs, Terrestrial Turtle Bugs",nan
Redwood National Park,Insect,Hemiptera,Pentatomidae,None,nan
Redwood National Park,Insect,Hemiptera,Pseudococcidae,None,nan
Redwood National Park,Insect,Hemiptera,Pseudococcidae,None,nan
Redwood National Park,Insect,Hemiptera,Pseudococcidae,None,nan
Redwood National Park,Insect,Hemiptera,Pseudococcidae,None,nan
Redwood National Park,Insect,Hemiptera,Psyllidae,Jumping Plantlice,nan
Redwood National Park,Insect,Hemiptera,Saldidae,None,nan
Redwood National Park,Insect,Hemiptera,Saldidae,Shore Bugs,nan
Redwood National Park,Insect,Hemiptera,Veliidae,None,nan
Redwood National Park,Insect,Hemiptera,Veliidae,None,nan
Redwood National Park,Insect,Homoptera,nan,"Scale Insects, Treehoppers, Whiteflies",nan
Redwood National Park,Insect,Hymenoptera,nan,"Apoid Wasps, Bees, Sphecoid Wasps",nan
Redwood National Park,Insect,Hymenoptera,nan,"Chalcidoid Wasps, Chalcidoids",nan
Redwood National Park,Insect,Hymenoptera,Apidae,Honey Bee,nan
Redwood National Park,Insect,Hymenoptera,Apidae,None,nan
Redwood National Park,Insect,Hymenoptera,Apidae,None,nan
Redwood National Park,Insect,Hymenoptera,Braconidae,"Braconid Wasps, Braconids",nan
Redwood National Park,Insect,Hymenoptera,Cephronidae,None,nan
Redwood National Park,Insect,Hymenoptera,Cimbicidae,None,nan
Redwood National Park,Insect,Hymenoptera,Cynipidae,"Cynipid Gall Wasps, Gall Wasps",nan
Redwood National Park,Insect,Hymenoptera,Eurytomidae,"Eurytomids, Jointworms, Seed Chalcids",nan
Redwood National Park,Insect,Hymenoptera,Formicidae,None,nan
Redwood National Park,Insect,Hymenoptera,Formicidae,Ants,nan
Redwood National Park,Insect,Hymenoptera,Formicidae,None,nan
Redwood National Park,Insect,Hymenoptera,Formicidae,None,nan
Redwood National Park,Insect,Hymenoptera,Ichneumonidae,"Ichneumon Flies, Ichneumon Wasps",nan
Redwood National Park,Insect,Hymenoptera,Megachilidae,None,nan
Redwood National Park,Insect,Hymenoptera,Mymaridae,None,nan
Redwood National Park,Insect,Hymenoptera,Mymaridae,None,nan
Redwood National Park,Insect,Hymenoptera,Mymaridae,Fairyflies,nan
Redwood National Park,Insect,Hymenoptera,Mymaridae,None,nan
Redwood National Park,Insect,Hymenoptera,Pteromalidae,"Pteromalid Wasps, Pteromalids",nan
Redwood National Park,Insect,Hymenoptera,Siricidae,None,nan
Redwood National Park,Insect,Hymenoptera,Vespidae,None,nan
Redwood National Park,Insect,Hymenoptera,Vespidae,None,nan
Redwood National Park,Insect,Lepidoptera,nan,None,nan
Redwood National Park,Insect,Lepidoptera,nan,None,nan
Redwood National Park,Insect,Lepidoptera,nan,"Butterflies, Moths",nan
Redwood National Park,Insect,Lepidoptera,Crambidae,None,nan
Redwood National Park,Insect,Lepidoptera,Erebidae,None,nan
Redwood National Park,Insect,Lepidoptera,Erebidae,Silverspotted Tiger Moth,nan
Redwood National Park,Insect,Lepidoptera,Erebidae,Cinnabar Moth,nan
Redwood National Park,Insect,Lepidoptera,Hesperiidae,Common Roadside-Skipper,nan
Redwood National Park,Insect,Lepidoptera,Hesperiidae,None,nan
Redwood National Park,Insect,Lepidoptera,Hesperiidae,Persius Duskywing,nan
Redwood National Park,Insect,Lepidoptera,Hesperiidae,Propertius Duskywing,nan
Redwood National Park,Insect,Lepidoptera,Hesperiidae,Dun Skipper,nan
Redwood National Park,Insect,Lepidoptera,Hesperiidae,None,nan
Redwood National Park,Insect,Lepidoptera,Hesperiidae,Juba Skipper,nan
Redwood National Park,Insect,Lepidoptera,Hesperiidae,Mardon Skipper,nan
Redwood National Park,Insect,Lepidoptera,Hesperiidae,None,nan
Redwood National Park,Insect,Lepidoptera,Hesperiidae,Common Checkered-Skipper,nan
Redwood National Park,Insect,Lepidoptera,Hesperiidae,None,nan
Redwood National Park,Insect,Lepidoptera,Hesperiidae,Two-Banded Checkered-Skipper,nan
Redwood National Park,Insect,Lepidoptera,Hesperiidae,None,nan
Redwood National Park,Insect,Lepidoptera,Hesperiidae,Western Cloudywing,nan
Redwood National Park,Insect,Lepidoptera,Hesperiidae,Northern Cloudywing,nan
Redwood National Park,Insect,Lepidoptera,Lycaenidae,Brown Elfin,nan
Redwood National Park,Insect,Lepidoptera,Lycaenidae,Western Pine Elfin,nan
Redwood National Park,Insect,Lepidoptera,Lycaenidae,None,nan
Redwood National Park,Insect,Lepidoptera,Lycaenidae,Johnson's Hairstreak,nan
Redwood National Park,Insect,Lepidoptera,Lycaenidae,Moss' Elfin,nan
Redwood National Park,Insect,Lepidoptera,Lycaenidae,Thicket Hairstreak,nan
Redwood National Park,Insect,Lepidoptera,Lycaenidae,None,nan
Redwood National Park,Insect,Lepidoptera,Lycaenidae,None,nan
Redwood National Park,Insect,Lepidoptera,Lycaenidae,Dotted Blue,nan
Redwood National Park,Insect,Lepidoptera,Lycaenidae,None,nan
Redwood National Park,Insect,Lepidoptera,Lycaenidae,None,nan
Redwood National Park,Insect,Lepidoptera,Lycaenidae,None,nan
Redwood National Park,Insect,Lepidoptera,Lycaenidae,"Silvery Blue, Silvery Blue",nan
Redwood National Park,Insect,Lepidoptera,Lycaenidae,None,nan
Redwood National Park,Insect,Lepidoptera,Lycaenidae,None,nan
Redwood National Park,Insect,Lepidoptera,Lycaenidae,None,nan
Redwood National Park,Insect,Lepidoptera,Lycaenidae,None,nan
Redwood National Park,Insect,Lepidoptera,Lycaenidae,None,nan
Redwood National Park,Insect,Lepidoptera,Lycaenidae,None,nan
Redwood National Park,Insect,Lepidoptera,Lycaenidae,None,nan
Redwood National Park,Insect,Lepidoptera,Lycaenidae,None,nan
Redwood National Park,Insect,Lepidoptera,Lycaenidae,None,nan
Redwood National Park,Insect,Lepidoptera,Lycaenidae,None,nan
Redwood National Park,Insect,Lepidoptera,Lycaenidae,None,nan
Redwood National Park,Insect,Lepidoptera,Lycaenidae,None,nan
Redwood National Park,Insect,Lepidoptera,Lycaenidae,None,nan
Redwood National Park,Insect,Lepidoptera,Lycaenidae,None,nan
Redwood National Park,Insect,Lepidoptera,Lycaenidae,None,nan
Redwood National Park,Insect,Lepidoptera,Nymphalidae,None,nan
Redwood National Park,Insect,Lepidoptera,Nymphalidae,None,nan
Redwood National Park,Insect,Lepidoptera,Nymphalidae,None,nan
Redwood National Park,Insect,Lepidoptera,Nymphalidae,"Common Wood Nymph, Southern Wood-Nymph",nan
Redwood National Park,Insect,Lepidoptera,Nymphalidae,None,nan
Redwood National Park,Insect,Lepidoptera,Nymphalidae,None,nan
Redwood National Park,Insect,Lepidoptera,Nymphalidae,None,nan
Redwood National Park,Insect,Lepidoptera,Nymphalidae,None,nan
Redwood National Park,Insect,Lepidoptera,Nymphalidae,None,nan
Redwood National Park,Insect,Lepidoptera,Nymphalidae,Edith's Checkerspot,nan
Redwood National Park,Insect,Lepidoptera,Nymphalidae,Bay Checkerspot Butterfly,nan
Redwood National Park,Insect,Lepidoptera,Nymphalidae,Quino Checkerspot Butterfly,nan
Redwood National Park,Insect,Lepidoptera,Nymphalidae,Common Buckeye,nan
Redwood National Park,Insect,Lepidoptera,Nymphalidae,Lorquin's Admiral,nan
Redwood National Park,Insect,Lepidoptera,Nymphalidae,"Mourning Cloak, Mourningcloak, Mourningcloak Butterfly, Spiny Elm Caterpillar",nan
Redwood National Park,Insect,Lepidoptera,Nymphalidae,California Tortoiseshell,nan
Redwood National Park,Insect,Lepidoptera,Nymphalidae,None,nan
Redwood National Park,Insect,Lepidoptera,Nymphalidae,None,nan
Redwood National Park,Insect,Lepidoptera,Nymphalidae,None,nan
Redwood National Park,Insect,Lepidoptera,Nymphalidae,None,nan
Redwood National Park,Insect,Lepidoptera,Nymphalidae,None,nan
Redwood National Park,Insect,Lepidoptera,Nymphalidae,None,nan
Redwood National Park,Insect,Lepidoptera,Nymphalidae,"Green Comma, Green Comma",nan
Redwood National Park,Insect,Lepidoptera,Nymphalidae,None,nan
Redwood National Park,Insect,Lepidoptera,Nymphalidae,None,nan
Redwood National Park,Insect,Lepidoptera,Nymphalidae,None,nan
Redwood National Park,Insect,Lepidoptera,Nymphalidae,None,nan
Redwood National Park,Insect,Lepidoptera,Nymphalidae,None,nan
Redwood National Park,Insect,Lepidoptera,Nymphalidae,None,nan
Redwood National Park,Insect,Lepidoptera,Nymphalidae,Zerene Fritillary,nan
Redwood National Park,Insect,Lepidoptera,Nymphalidae,None,nan
Redwood National Park,Insect,Lepidoptera,Nymphalidae,Oregon Silverspot Butterfly,nan
Redwood National Park,Insect,Lepidoptera,Nymphalidae,None,nan
Redwood National Park,Insect,Lepidoptera,Nymphalidae,None,nan
Redwood National Park,Insect,Lepidoptera,Nymphalidae,"Red Admiral, Red Admiral",nan
Redwood National Park,Insect,Lepidoptera,Nymphalidae,None,nan
Redwood National Park,Insect,Lepidoptera,Nymphalidae,"Painted Lady, Painted Lady",nan
Redwood National Park,Insect,Lepidoptera,Nymphalidae,"American Lady, American Painted Lady, Painted Beauty",nan
Redwood National Park,Insect,Lepidoptera,Papilionidae,None,nan
Redwood National Park,Insect,Lepidoptera,Papilionidae,None,nan
Redwood National Park,Insect,Lepidoptera,Papilionidae,None,nan
Redwood National Park,Insect,Lepidoptera,Papilionidae,Anise Swallowtail,nan
Redwood National Park,Insect,Lepidoptera,Papilionidae,None,nan
Redwood National Park,Insect,Lepidoptera,Pieridae,None,nan
Redwood National Park,Insect,Lepidoptera,Pieridae,None,nan
Redwood National Park,Insect,Lepidoptera,Pieridae,None,nan
Redwood National Park,Insect,Lepidoptera,Pieridae,None,nan
Redwood National Park,Insect,Lepidoptera,Pieridae,"Alfalfa Caterpillar, Orange Sulphur",nan
Redwood National Park,Insect,Lepidoptera,Pieridae,None,nan
Redwood National Park,Insect,Lepidoptera,Pieridae,None,nan
Redwood National Park,Insect,Lepidoptera,Pieridae,None,nan
Redwood National Park,Insect,Lepidoptera,Pieridae,None,nan
Redwood National Park,Insect,Lepidoptera,Pieridae,"Cabbage Butterfly, Cabbage White, Imported Cabbageworm",nan
Redwood National Park,Insect,Lepidoptera,Pieridae,None,nan
Redwood National Park,Insect,Lepidoptera,Pyralidae,None,nan
Redwood National Park,Insect,Lepidoptera,Saturniidae,None,nan
Redwood National Park,Insect,Megaloptera,Corydalidae,"Dobsonflies, Fishflies, Hellgrammites",nan
Redwood National Park,Insect,Megaloptera,Corydalidae,None,nan
Redwood National Park,Insect,Megaloptera,Corydalidae,None,nan
Redwood National Park,Insect,Megaloptera,Corydalidae,None,nan
Redwood National Park,Insect,Megaloptera,Corydalidae,None,nan
Redwood National Park,Insect,Megaloptera,Corydalidae,None,nan
Redwood National Park,Insect,Megaloptera,Sialidae,None,nan
Redwood National Park,Insect,Odonata,nan,"Damselflies, Dragonflies",nan
Redwood National Park,Insect,Odonata,Aeshnidae,None,nan
Redwood National Park,Insect,Odonata,Aeshnidae,None,nan
Redwood National Park,Insect,Odonata,Aeshnidae,None,nan
Redwood National Park,Insect,Odonata,Calopterygidae,None,nan
Redwood National Park,Insect,Odonata,Coenagrionidae,None,nan
Redwood National Park,Insect,Odonata,Coenagrionidae,None,nan
Redwood National Park,Insect,Odonata,Coenagrionidae,Familiar Bluet,nan
Redwood National Park,Insect,Odonata,Coenagrionidae,None,nan
Redwood National Park,Insect,Odonata,Coenagrionidae,None,nan
Redwood National Park,Insect,Odonata,Coenagrionidae,None,nan
Redwood National Park,Insect,Odonata,Coenagrionidae,Pacific Forktail,nan
Redwood National Park,Insect,Odonata,Gomphidae,None,nan
Redwood National Park,Insect,Odonata,Gomphidae,None,nan
Redwood National Park,Insect,Odonata,Gomphidae,None,nan
Redwood National Park,Insect,Odonata,Gomphidae,Grappletail,nan
Redwood National Park,Insect,Odonata,Gomphidae,None,nan
Redwood National Park,Insect,Odonata,Gomphidae,None,nan
Redwood National Park,Insect,Odonata,Lestidae,None,nan
Redwood National Park,Insect,Odonata,Libellulidae,None,nan
Redwood National Park,Insect,Odonata,Libellulidae,None,nan
Redwood National Park,Insect,Odonata,Libellulidae,None,nan
Redwood National Park,Insect,Odonata,Libellulidae,None,nan
Redwood National Park,Insect,Odonata,Libellulidae,None,nan
Redwood National Park,Insect,Odonates,nan,None,nan
Redwood National Park,Insect,Orthoptera,Acrididae,None,nan
Redwood National Park,Insect,Orthoptera,Gryllidae,None,nan
Redwood National Park,Insect,Orthoptera,Stenopelmatidae,None,nan
Redwood National Park,Insect,Orthoptera,Stenopelmatidae,Jerusalem Cricket,nan
Redwood National Park,Insect,Plecoptera,nan,None,nan
Redwood National Park,Insect,Plecoptera,nan,Stoneflies,nan
Redwood National Park,Insect,Plecoptera,Capniidae,None,nan
Redwood National Park,Insect,Plecoptera,Capniidae,None,nan
Redwood National Park,Insect,Plecoptera,Capniidae,None,nan
Redwood National Park,Insect,Plecoptera,Capniidae,None,nan
Redwood National Park,Insect,Plecoptera,Chloroperidae,None,nan
Redwood National Park,Insect,Plecoptera,Chloroperlidae,None,nan
Redwood National Park,Insect,Plecoptera,Chloroperlidae,None,nan
Redwood National Park,Insect,Plecoptera,Chloroperlidae,Green Stoneflies,nan
Redwood National Park,Insect,Plecoptera,Chloroperlidae,None,nan
Redwood National Park,Insect,Plecoptera,Chloroperlidae,None,nan
Redwood National Park,Insect,Plecoptera,Chloroperlidae,None,nan
Redwood National Park,Insect,Plecoptera,Chloroperlidae,None,nan
Redwood National Park,Insect,Plecoptera,Chloroperlidae,None,nan
Redwood National Park,Insect,Plecoptera,Chloroperlidae,None,nan
Redwood National Park,Insect,Plecoptera,Chloroperlidae,None,nan
Redwood National Park,Insect,Plecoptera,Chloroperlidae,None,nan
Redwood National Park,Insect,Plecoptera,Chloroperlidae,None,nan
Redwood National Park,Insect,Plecoptera,Leuctridae,None,nan
Redwood National Park,Insect,Plecoptera,Leuctridae,None,nan
Redwood National Park,Insect,Plecoptera,Leuctridae,None,nan
Redwood National Park,Insect,Plecoptera,Leuctridae,None,nan
Redwood National Park,Insect,Plecoptera,Leuctridae,None,nan
Redwood National Park,Insect,Plecoptera,Leuctridae,Rolled-Winged Stoneflies,nan
Redwood National Park,Insect,Plecoptera,Leuctridae,None,nan
Redwood National Park,Insect,Plecoptera,Leuctridae,None,nan
Redwood National Park,Insect,Plecoptera,Nemouridae,None,nan
Redwood National Park,Insect,Plecoptera,Nemouridae,None,nan
Redwood National Park,Insect,Plecoptera,Nemouridae,None,nan
Redwood National Park,Insect,Plecoptera,Nemouridae,None,nan
Redwood National Park,Insect,Plecoptera,Nemouridae,None,nan
Redwood National Park,Insect,Plecoptera,Nemouridae,Spring Stoneflies,nan
Redwood National Park,Insect,Plecoptera,Nemouridae,None,nan
Redwood National Park,Insect,Plecoptera,Nemouridae,None,nan
Redwood National Park,Insect,Plecoptera,Nemouridae,None,nan
Redwood National Park,Insect,Plecoptera,Nemouridae,None,nan
Redwood National Park,Insect,Plecoptera,Nemouridae,None,nan
Redwood National Park,Insect,Plecoptera,Nemouridae,None,nan
Redwood National Park,Insect,Plecoptera,Peltoperlidae,None,nan
Redwood National Park,Insect,Plecoptera,Peltoperlidae,None,nan
Redwood National Park,Insect,Plecoptera,Peltoperlidae,None,nan
Redwood National Park,Insect,Plecoptera,Peltoperlidae,None,nan
Redwood National Park,Insect,Plecoptera,Peltoperlidae,None,nan
Redwood National Park,Insect,Plecoptera,Peltoperlidae,None,nan
Redwood National Park,Insect,Plecoptera,Perlidae,None,nan
Redwood National Park,Insect,Plecoptera,Perlidae,None,nan
Redwood National Park,Insect,Plecoptera,Perlidae,None,nan
Redwood National Park,Insect,Plecoptera,Perlidae,None,nan
Redwood National Park,Insect,Plecoptera,Perlidae,None,nan
Redwood National Park,Insect,Plecoptera,Perlidae,None,nan
Redwood National Park,Insect,Plecoptera,Perlidae,None,nan
Redwood National Park,Insect,Plecoptera,Perlidae,None,nan
Redwood National Park,Insect,Plecoptera,Perlidae,None,nan
Redwood National Park,Insect,Plecoptera,Perlidae,None,nan
Redwood National Park,Insect,Plecoptera,Perlidae,None,nan
Redwood National Park,Insect,Plecoptera,Perlidae,Common Stoneflies,nan
Redwood National Park,Insect,Plecoptera,Perlodidae,None,nan
Redwood National Park,Insect,Plecoptera,Perlodidae,None,nan
Redwood National Park,Insect,Plecoptera,Perlodidae,None,nan
Redwood National Park,Insect,Plecoptera,Perlodidae,None,nan
Redwood National Park,Insect,Plecoptera,Perlodidae,None,nan
Redwood National Park,Insect,Plecoptera,Perlodidae,None,nan
Redwood National Park,Insect,Plecoptera,Perlodidae,None,nan
Redwood National Park,Insect,Plecoptera,Perlodidae,None,nan
Redwood National Park,Insect,Plecoptera,Perlodidae,None,nan
Redwood National Park,Insect,Plecoptera,Perlodidae,Perlodid Stoneflies,nan
Redwood National Park,Insect,Plecoptera,Perlodidae,None,nan
Redwood National Park,Insect,Plecoptera,Perlodidae,None,nan
Redwood National Park,Insect,Plecoptera,Perlodidae,None,nan
Redwood National Park,Insect,Plecoptera,Pteronarcyidae,Giant Stoneflies,nan
Redwood National Park,Insect,Plecoptera,Pteronarcyidae,None,nan
Redwood National Park,Insect,Plecoptera,Pteronarcyidae,None,nan
Redwood National Park,Insect,Plecoptera,Taeniopterygidae,None,nan
Redwood National Park,Insect,Psocodea,Trichodectidae,None,nan
Redwood National Park,Insect,Psocoptera,nan,"Bark Lice, Book Lice, Psocids",nan
Redwood National Park,Insect,Siphonaptera,Ceratophyllidae,None,nan
Redwood National Park,Insect,Siphonaptera,Ceratophyllidae,None,nan
Redwood National Park,Insect,Siphonaptera,Ceratophyllidae,None,nan
Redwood National Park,Insect,Siphonaptera,Ceratophyllidae,None,nan
Redwood National Park,Insect,Siphonaptera,Ceratophyllidae,None,nan
Redwood National Park,Insect,Siphonaptera,Ceratophyllidae,None,nan
Redwood National Park,Insect,Siphonaptera,Ceratophyllidae,None,nan
Redwood National Park,Insect,Siphonaptera,Hystrichopsyllidae,None,nan
Redwood National Park,Insect,Siphonaptera,Hystrichopsyllidae,None,nan
Redwood National Park,Insect,Siphonaptera,Hystrichopsyllidae,None,nan
Redwood National Park,Insect,Siphonaptera,Hystrichopsyllidae,None,nan
Redwood National Park,Insect,Siphonaptera,Hystrichopsyllidae,None,nan
Redwood National Park,Insect,Siphonaptera,Hystrichopsyllidae,None,nan
Redwood National Park,Insect,Siphonaptera,Hystrichopsyllidae,None,nan
Redwood National Park,Insect,Siphonaptera,Hystrichopsyllidae,None,nan
Redwood National Park,Insect,Siphonaptera,Hystrichopsyllidae,None,nan
Redwood National Park,Insect,Siphonaptera,Leptopsyllidae,None,nan
Redwood National Park,Insect,Siphonaptera,Pulicidae,None,nan
Redwood National Park,Insect,Thysanoptera,nan,Thrips,nan
Redwood National Park,Insect,Trichoptera,nan,None,nan
Redwood National Park,Insect,Trichoptera,nan,Caddisflies,nan
Redwood National Park,Insect,Trichoptera,Apataniidae,None,nan
Redwood National Park,Insect,Trichoptera,Apataniidae,None,nan
Redwood National Park,Insect,Trichoptera,Apataniidae,None,nan
Redwood National Park,Insect,Trichoptera,Apataniidae,None,nan
Redwood National Park,Insect,Trichoptera,Apataniidae,None,nan
Redwood National Park,Insect,Trichoptera,Beraeidae,None,nan
Redwood National Park,Insect,Trichoptera,Brachycentridae,None,nan
Redwood National Park,Insect,Trichoptera,Brachycentridae,None,nan
Redwood National Park,Insect,Trichoptera,Brachycentridae,None,nan
Redwood National Park,Insect,Trichoptera,Brachycentridae,None,nan
Redwood National Park,Insect,Trichoptera,Brachycentridae,None,nan
Redwood National Park,Insect,Trichoptera,Brachycentridae,None,nan
Redwood National Park,Insect,Trichoptera,Brachycentridae,None,nan
Redwood National Park,Insect,Trichoptera,Calamoceratidae,None,nan
Redwood National Park,Insect,Trichoptera,Calamoceratidae,None,nan
Redwood National Park,Insect,Trichoptera,Glossosomatidae,None,nan
Redwood National Park,Insect,Trichoptera,Glossosomatidae,None,nan
Redwood National Park,Insect,Trichoptera,Glossosomatidae,None,nan
Redwood National Park,Insect,Trichoptera,Glossosomatidae,None,nan
Redwood National Park,Insect,Trichoptera,Glossosomatidae,None,nan
Redwood National Park,Insect,Trichoptera,Helicopsychidae,None,nan
Redwood National Park,Insect,Trichoptera,Hydropsychidae,None,nan
Redwood National Park,Insect,Trichoptera,Hydropsychidae,None,nan
Redwood National Park,Insect,Trichoptera,Hydropsychidae,None,nan
Redwood National Park,Insect,Trichoptera,Hydropsychidae,None,nan
Redwood National Park,Insect,Trichoptera,Hydropsychidae,Net-Spinning Caddisflies,nan
Redwood National Park,Insect,Trichoptera,Hydropsychidae,None,nan
Redwood National Park,Insect,Trichoptera,Hydropsychidae,None,nan
Redwood National Park,Insect,Trichoptera,Hydroptilidae,None,nan
Redwood National Park,Insect,Trichoptera,Hydroptilidae,Micro-Caddisflies,nan
Redwood National Park,Insect,Trichoptera,Hydroptilidae,None,nan
Redwood National Park,Insect,Trichoptera,Hydroptilidae,None,nan
Redwood National Park,Insect,Trichoptera,Hydroptilidae,None,nan
Redwood National Park,Insect,Trichoptera,Hydroptilidae,None,nan
Redwood National Park,Insect,Trichoptera,Hydroptilidae,None,nan
Redwood National Park,Insect,Trichoptera,Lepidostomatidae,None,nan
Redwood National Park,Insect,Trichoptera,Leptoceridae,None,nan
Redwood National Park,Insect,Trichoptera,Leptoceridae,None,nan
Redwood National Park,Insect,Trichoptera,Limnephilidae,None,nan
Redwood National Park,Insect,Trichoptera,Limnephilidae,None,nan
Redwood National Park,Insect,Trichoptera,Limnephilidae,None,nan
Redwood National Park,Insect,Trichoptera,Limnephilidae,None,nan
Redwood National Park,Insect,Trichoptera,Limnephilidae,None,nan
Redwood National Park,Insect,Trichoptera,Limnephilidae,None,nan
Redwood National Park,Insect,Trichoptera,Limnephilidae,None,nan
Redwood National Park,Insect,Trichoptera,Limnephilidae,None,nan
Redwood National Park,Insect,Trichoptera,Limnephilidae,None,nan
Redwood National Park,Insect,Trichoptera,Limnephilidae,Northern Caddisflies,nan
Redwood National Park,Insect,Trichoptera,Limnephilidae,None,nan
Redwood National Park,Insect,Trichoptera,Limnephilidae,None,nan
Redwood National Park,Insect,Trichoptera,Limnephilidae,None,nan
Redwood National Park,Insect,Trichoptera,Limnephilidae,None,nan
Redwood National Park,Insect,Trichoptera,Limnephilidae,None,nan
Redwood National Park,Insect,Trichoptera,Limnephilidae,None,nan
Redwood National Park,Insect,Trichoptera,Limnephilidae,None,nan
Redwood National Park,Insect,Trichoptera,Odontoceridae,None,nan
Redwood National Park,Insect,Trichoptera,Odontoceridae,None,nan
Redwood National Park,Insect,Trichoptera,Odontoceridae,None,nan
Redwood National Park,Insect,Trichoptera,Philopotamidae,None,nan
Redwood National Park,Insect,Trichoptera,Philopotamidae,None,nan
Redwood National Park,Insect,Trichoptera,Philopotamidae,None,nan
Redwood National Park,Insect,Trichoptera,Polycentropodidae,None,nan
Redwood National Park,Insect,Trichoptera,Polycentropodidae,None,nan
Redwood National Park,Insect,Trichoptera,Psychomyiidae,None,nan
Redwood National Park,Insect,Trichoptera,Psychomyiidae,None,nan
Redwood National Park,Insect,Trichoptera,Psychomyiidae,"Trumpet-Net Caddisflies, Tube-Making Caddisflies",nan
Redwood National Park,Insect,Trichoptera,Rhyacophilidae,None,nan
Redwood National Park,Insect,Trichoptera,Rhyacophilidae,None,nan
Redwood National Park,Insect,Trichoptera,Rhyacophilidae,Primitive Caddisflies,nan
Redwood National Park,Insect,Trichoptera,Sericostomatidae,None,nan
Redwood National Park,Insect,Trichoptera,Sericostomatidae,None,nan
Redwood National Park,Insect,Trichoptera,Sericostomatidae,None,nan
Redwood National Park,Insect,Trichoptera,Sericostomatidae,None,nan
Redwood National Park,Insect,Trichoptera,Sericostomatidae,None,nan
Redwood National Park,Insect,Trichoptera,Uenoidae,None,nan
Redwood National Park,Insect,Trichoptera,Uenoidae,None,nan
Redwood National Park,Insect,Trichoptera,Uenoidae,None,nan
Redwood National Park,Insect,Trichoptera,Uenoidae,None,nan
Redwood National Park,Insect,Trichoptera,Uenoidae,None,nan
Redwood National Park,Invertebrate,nan,nan,None,nan
Redwood National Park,Invertebrate,nan,nan,"Bivalves, Clams",nan
Redwood National Park,Invertebrate,nan,nan,None,nan
Redwood National Park,Invertebrate,nan,nan,None,nan
Redwood National Park,Invertebrate,nan,nan,None,nan
Redwood National Park,Invertebrate,nan,nan,None,nan
Redwood National Park,Invertebrate,nan,nan,"Comb Jellies, Sea Walnuts",nan
Redwood National Park,Invertebrate,nan,nan,None,nan
Redwood National Park,Invertebrate,nan,nan,None,nan
Redwood National Park,Invertebrate,nan,nan,None,nan
Redwood National Park,Invertebrate,nan,nan,None,nan
Redwood National Park,Invertebrate,nan,nan,None,nan
Redwood National Park,Invertebrate,nan,nan,None,nan
Redwood National Park,Invertebrate,nan,nan,Leeches,nan
Redwood National Park,Invertebrate,nan,nan,None,nan
Redwood National Park,Invertebrate,nan,nan,None,nan
Redwood National Park,Invertebrate,nan,nan,None,nan
Redwood National Park,Invertebrate,nan,nan,None,nan
Redwood National Park,Invertebrate,nan,nan,None,nan
Redwood National Park,Invertebrate,nan,nan,None,nan
Redwood National Park,Invertebrate,nan,nan,None,nan
Redwood National Park,Invertebrate,nan,nan,None,nan
Redwood National Park,Invertebrate,nan,nan,"Angleworms, Earthworms, Night Crawlers, Oligochaetes",nan
Redwood National Park,Invertebrate,nan,nan,None,nan
Redwood National Park,Invertebrate,nan,nan,None,nan
Redwood National Park,Invertebrate,nan,nan,None,nan
Redwood National Park,Invertebrate,nan,nan,None,nan
Redwood National Park,Invertebrate,nan,nan,None,nan
Redwood National Park,Invertebrate,nan,nan,None,nan
Redwood National Park,Invertebrate,nan,nan,"Planarians, Turbellarians",nan
Redwood National Park,Invertebrate,Actiniaria,Actiniidae,None,nan
Redwood National Park,Invertebrate,Actiniaria,Actiniidae,Clonal Anemone,nan
Redwood National Park,Invertebrate,Actiniaria,Actiniidae,None,nan
Redwood National Park,Invertebrate,Actiniaria,Actiniidae,Giant Green Anemone,nan
Redwood National Park,Invertebrate,Actiniaria,Actiniidae,Brooding Anemone,nan
Redwood National Park,Invertebrate,Actiniaria,Actiniidae,None,nan
Redwood National Park,Invertebrate,Actiniaria,Actiniidae,None,nan
Redwood National Park,Invertebrate,Actiniaria,Actiniidae,None,nan
Redwood National Park,Invertebrate,Actiniaria,Metridiidae,Pink Clonal Anemone,nan
Redwood National Park,Invertebrate,Actiniaria,Metridiidae,None,nan
Redwood National Park,Invertebrate,Alcyonacea,Alcyoniidae,Sea Strawberry,nan
Redwood National Park,Invertebrate,Alcyonacea,Clavulariidae,None,nan
Redwood National Park,Invertebrate,Amphinomida,Euphrosinidae,None,nan
Redwood National Park,Invertebrate,Anthoathecatae,Bougainvilliidae,Orange Hydroid,nan
Redwood National Park,Invertebrate,Anthoathecatae,Eudendriidae,None,nan
Redwood National Park,Invertebrate,Anthoathecatae,Eudendriidae,"California Stickhydroid, California Stickyhydroid",nan
Redwood National Park,Invertebrate,Anthoathecatae,Hydractiniidae,"Miller Hydractinia, Miller Hydractinia",nan
Redwood National Park,Invertebrate,Anthoathecatae,Hydractiniidae,None,nan
Redwood National Park,Invertebrate,Anthoathecatae,Hydridae,None,nan
Redwood National Park,Invertebrate,Anthoathecatae,Hydridae,None,nan
Redwood National Park,Invertebrate,Anthoathecatae,Polyorchidae,None,nan
Redwood National Park,Invertebrate,Anthoathecatae,Stylasteridae,None,nan
Redwood National Park,Invertebrate,Anthoathecatae,Tubulariidae,None,nan
Redwood National Park,Invertebrate,Anthoathecatae,Tubulariidae,None,nan
Redwood National Park,Invertebrate,Anthoathecatae,Tubulariidae,None,nan
Redwood National Park,Invertebrate,Anthoathecatae,Tubulariidae,None,nan
Redwood National Park,Invertebrate,Ascaridida,Anisakidae,None,nan
Redwood National Park,Invertebrate,Canalipalpata,Ampharetidae,None,nan
Redwood National Park,Invertebrate,Canalipalpata,Ampharetidae,None,nan
Redwood National Park,Invertebrate,Canalipalpata,Chaetopteridae,None,nan
Redwood National Park,Invertebrate,Canalipalpata,Chaetopteridae,None,nan
Redwood National Park,Invertebrate,Canalipalpata,Chaetopteridae,None,nan
Redwood National Park,Invertebrate,Canalipalpata,Cirratulidae,None,nan
Redwood National Park,Invertebrate,Canalipalpata,Cirratulidae,None,nan
Redwood National Park,Invertebrate,Canalipalpata,Sabellariidae,None,nan
Redwood National Park,Invertebrate,Canalipalpata,Sabellidae,None,nan
Redwood National Park,Invertebrate,Canalipalpata,Sabellidae,None,nan
Redwood National Park,Invertebrate,Canalipalpata,Sabellidae,None,nan
Redwood National Park,Invertebrate,Canalipalpata,Sabellidae,None,nan
Redwood National Park,Invertebrate,Canalipalpata,Sabellidae,None,nan
Redwood National Park,Invertebrate,Canalipalpata,Sabellidae,None,nan
Redwood National Park,Invertebrate,Canalipalpata,Serpulidae,None,nan
Redwood National Park,Invertebrate,Canalipalpata,Serpulidae,None,nan
Redwood National Park,Invertebrate,Canalipalpata,Serpulidae,None,nan
Redwood National Park,Invertebrate,Canalipalpata,Serpulidae,None,nan
Redwood National Park,Invertebrate,Canalipalpata,Spionidae,None,nan
Redwood National Park,Invertebrate,Canalipalpata,Spionidae,None,nan
Redwood National Park,Invertebrate,Canalipalpata,Spionidae,None,nan
Redwood National Park,Invertebrate,Canalipalpata,Spionidae,None,nan
Redwood National Park,Invertebrate,Canalipalpata,Spionidae,None,nan
Redwood National Park,Invertebrate,Canalipalpata,Spionidae,None,nan
Redwood National Park,Invertebrate,Canalipalpata,Spionidae,None,nan
Redwood National Park,Invertebrate,Canalipalpata,Spionidae,None,nan
Redwood National Park,Invertebrate,Canalipalpata,Spionidae,None,nan
Redwood National Park,Invertebrate,Canalipalpata,Terebellidae,None,nan
Redwood National Park,Invertebrate,Canalipalpata,Terebellidae,None,nan
Redwood National Park,Invertebrate,Canalipalpata,Terebellidae,None,nan
Redwood National Park,Invertebrate,Canalipalpata,Terebellidae,None,nan
Redwood National Park,Invertebrate,Cheilostomata,Bugulidae,None,nan
Redwood National Park,Invertebrate,Cheilostomata,Bugulidae,None,nan
Redwood National Park,Invertebrate,Cheilostomata,Bugulidae,None,nan
Redwood National Park,Invertebrate,Cheilostomata,Bugulidae,None,nan
Redwood National Park,Invertebrate,Cheilostomata,Calloporidae,None,nan
Redwood National Park,Invertebrate,Cheilostomata,Eurystomellidae,None,nan
Redwood National Park,Invertebrate,Cheilostomata,Hippothoidae,None,nan
Redwood National Park,Invertebrate,Cheilostomata,Membraniporidae,None,nan
Redwood National Park,Invertebrate,Cheilostomata,Membraniporidae,None,nan
Redwood National Park,Invertebrate,Cheilostomata,Microporellidae,None,nan
Redwood National Park,Invertebrate,Cheilostomata,Microporellidae,None,nan
Redwood National Park,Invertebrate,Cheilostomata,Reteporidae,None,nan
Redwood National Park,Invertebrate,Cheilostomata,Scrupocellariidae,None,nan
Redwood National Park,Invertebrate,Chitonida,Acanthochitonidae,Giant Pacific Chiton,nan
Redwood National Park,Invertebrate,Chitonida,Ischnochitonidae,None,nan
Redwood National Park,Invertebrate,Chitonida,Ischnochitonidae,None,nan
Redwood National Park,Invertebrate,Chitonida,Ischnochitonidae,None,nan
Redwood National Park,Invertebrate,Chitonida,Ischnochitonidae,None,nan
Redwood National Park,Invertebrate,Chitonida,Ischnochitonidae,None,nan
Redwood National Park,Invertebrate,Chitonida,Ischnochitonidae,None,nan
Redwood National Park,Invertebrate,Chitonida,Mopaliidae,Black Katy,nan
Redwood National Park,Invertebrate,Chitonida,Mopaliidae,None,nan
Redwood National Park,Invertebrate,Chitonida,Mopaliidae,None,nan
Redwood National Park,Invertebrate,Chitonida,Mopaliidae,None,nan
Redwood National Park,Invertebrate,Chitonida,Mopaliidae,None,nan
Redwood National Park,Invertebrate,Chitonida,Mopaliidae,None,nan
Redwood National Park,Invertebrate,Chitonida,Mopaliidae,Veiled Chiton,nan
Redwood National Park,Invertebrate,Clypeasteroida,Dendrasteridae,None,nan
Redwood National Park,Invertebrate,Collembola,nan,"Snow Flies, Springtails",nan
Redwood National Park,Invertebrate,Collembola,nan,None,nan
Redwood National Park,Invertebrate,Collembola,Entomobryidae,None,nan
Redwood National Park,Invertebrate,Collembola,Neanuridae,None,nan
Redwood National Park,Invertebrate,Collembola,Sminthuridae,None,nan
Redwood National Park,Invertebrate,Corallimorpharia,Corallimorphidae,Strawberry Corallimorpharian,nan
Redwood National Park,Invertebrate,Ctenostomata,Flustrellidridae,None,nan
Redwood National Park,Invertebrate,Cyclostomata,Crisiidae,None,nan
Redwood National Park,Invertebrate,Cyclostomata,Crisiidae,None,nan
Redwood National Park,Invertebrate,Cyclostomata,Crisiidae,None,nan
Redwood National Park,Invertebrate,Cyclostomata,Crisiidae,None,nan
Redwood National Park,Invertebrate,Cyclostomata,Diaperoeciidae,None,nan
Redwood National Park,Invertebrate,Cyclostomata,Heteroporidae,None,nan
Redwood National Park,Invertebrate,Cyclostomata,Tubuliporidae,None,nan
Redwood National Park,Invertebrate,Cydippida,Pleurobrachiidae,None,nan
Redwood National Park,Invertebrate,Dendrochirotida,Cucumariidae,None,nan
Redwood National Park,Invertebrate,Dendrochirotida,Sclerodactylidae,None,nan
Redwood National Park,Invertebrate,Dictyoceratida,Dysideidae,None,nan
Redwood National Park,Invertebrate,Dictyoceratida,Spongiidae,None,nan
Redwood National Park,Invertebrate,Echinoida,Strongylocentrotidae,None,nan
Redwood National Park,Invertebrate,Echinoida,Strongylocentrotidae,None,nan
Redwood National Park,Invertebrate,Echinorhynchida,Echinorhynchidae,None,nan
Redwood National Park,Invertebrate,Echinostomida,Paramphistomatidae,None,nan
Redwood National Park,Invertebrate,Enterogona,Clavelinidae,None,nan
Redwood National Park,Invertebrate,Enterogona,Clavelinidae,None,nan
Redwood National Park,Invertebrate,Enterogona,Clavelinidae,None,nan
Redwood National Park,Invertebrate,Enterogona,Clavelinidae,None,nan
Redwood National Park,Invertebrate,Enterogona,Clavelinidae,None,nan
Redwood National Park,Invertebrate,Enterogona,Corellidae,None,nan
Redwood National Park,Invertebrate,Enterogona,Didemnidae,None,nan
Redwood National Park,Invertebrate,Enterogona,Didemnidae,None,nan
Redwood National Park,Invertebrate,Enterogona,Perophoridae,None,nan
Redwood National Park,Invertebrate,Enterogona,Polyclinidae,None,nan
Redwood National Park,Invertebrate,Enterogona,Polyclinidae,None,nan
Redwood National Park,Invertebrate,Enterogona,Polyclinidae,None,nan
Redwood National Park,Invertebrate,Enterogona,Polyclinidae,None,nan
Redwood National Park,Invertebrate,Enterogona,Polyclinidae,None,nan
Redwood National Park,Invertebrate,Enterogona,Polyclinidae,None,nan
Redwood National Park,Invertebrate,Eunicida,Lumbrineridae,None,nan
Redwood National Park,Invertebrate,Eunicida,Lumbrineridae,None,nan
Redwood National Park,Invertebrate,Eunicida,Onuphidae,None,nan
Redwood National Park,Invertebrate,Eunicida,Onuphidae,None,nan
Redwood National Park,Invertebrate,Eunicida,Onuphidae,None,nan
Redwood National Park,Invertebrate,Forcipulatida,Asteriidae,None,nan
Redwood National Park,Invertebrate,Forcipulatida,Asteriidae,None,nan
Redwood National Park,Invertebrate,Forcipulatida,Asteriidae,None,nan
Redwood National Park,Invertebrate,Forcipulatida,Asteriidae,None,nan
Redwood National Park,Invertebrate,Forcipulatida,Asteriidae,None,nan
Redwood National Park,Invertebrate,Forcipulatida,Asteriidae,None,nan
Redwood National Park,Invertebrate,Forcipulatida,Asteriidae,Pink Stars,nan
Redwood National Park,Invertebrate,Forcipulatida,Asteriidae,Ochre Stars,nan
Redwood National Park,Invertebrate,Forcipulatida,Pycnopodiidae,Sunflower Star,nan
Redwood National Park,Invertebrate,Golfingiiformes,Themistidae,None,nan
Redwood National Park,Invertebrate,Hadromerida,Clionaidae,None,nan
Redwood National Park,Invertebrate,Hadromerida,Clionaidae,None,nan
Redwood National Park,Invertebrate,Hadromerida,Clionaidae,None,nan
Redwood National Park,Invertebrate,Hadromerida,Polymastiidae,None,nan
Redwood National Park,Invertebrate,Hadromerida,Suberitidae,None,nan
Redwood National Park,Invertebrate,Halichondrida,Halichondriidae,None,nan
Redwood National Park,Invertebrate,Halichondrida,Halichondriidae,None,nan
Redwood National Park,Invertebrate,Halichondrida,Halichondriidae,None,nan
Redwood National Park,Invertebrate,Haplosclerida,Chalinidae,None,nan
Redwood National Park,Invertebrate,Haplosclerida,Chalinidae,None,nan
Redwood National Park,Invertebrate,Haplosclerida,Chalinidae,None,nan
Redwood National Park,Invertebrate,Haplosclerida,Chalinidae,None,nan
Redwood National Park,Invertebrate,Haplosclerida,Chalinidae,None,nan
Redwood National Park,Invertebrate,Haplosclerida,Niphatidae,None,nan
Redwood National Park,Invertebrate,Haplosclerida,Petrosiidae,None,nan
Redwood National Park,Invertebrate,Haplotaxida,Haplotaxidae,None,nan
Redwood National Park,Invertebrate,Haplotaxida,Haplotaxidae,None,nan
Redwood National Park,Invertebrate,Heteronemertea,Lineidae,None,nan
Redwood National Park,Invertebrate,Hoplonemertea,Amphiporidae,None,nan
Redwood National Park,Invertebrate,Hoplonemertea,Emplectonematidae,None,nan
Redwood National Park,Invertebrate,Hoplonemertea,Emplectonematidae,None,nan
Redwood National Park,Invertebrate,Julida,nan,None,nan
Redwood National Park,Invertebrate,Julida,Paeromopodidae,None,nan
Redwood National Park,Invertebrate,Leptothecatae,Aglaopheniidae,None,nan
Redwood National Park,Invertebrate,Leptothecatae,Aglaopheniidae,None,nan
Redwood National Park,Invertebrate,Leptothecatae,Campanulariidae,None,nan
Redwood National Park,Invertebrate,Leptothecatae,Campanulariidae,None,nan
Redwood National Park,Invertebrate,Leptothecatae,Campanulariidae,Sea Thread Hydroid,nan
Redwood National Park,Invertebrate,Leptothecatae,Campanulariidae,Knotted Thread Hydroid,nan
Redwood National Park,Invertebrate,Leptothecatae,Campanulariidae,None,nan
Redwood National Park,Invertebrate,Leptothecatae,Plumulariidae,None,nan
Redwood National Park,Invertebrate,Leptothecatae,Sertulariidae,None,nan
Redwood National Park,Invertebrate,Leptothecatae,Sertulariidae,None,nan
Redwood National Park,Invertebrate,Leptothecatae,Sertulariidae,None,nan
Redwood National Park,Invertebrate,Leptothecatae,Sertulariidae,None,nan
Redwood National Park,Invertebrate,Leptothecatae,Sertulariidae,None,nan
Redwood National Park,Invertebrate,Leucosolenida,Amphoriscidae,None,nan
Redwood National Park,Invertebrate,Leucosolenida,Leucosoleniidae,None,nan
Redwood National Park,Invertebrate,Lithobiomorpha,Lithobiidae,None,nan
Redwood National Park,Invertebrate,Molpadiida,Caudinidae,None,nan
Redwood National Park,Invertebrate,Myoida,Myidae,None,nan
Redwood National Park,Invertebrate,Myoida,Myidae,"Softshell, Softshell Clam",nan
Redwood National Park,Invertebrate,Mytiloida,Mytilidae,California Horsemussel,nan
Redwood National Park,Invertebrate,Mytiloida,Mytilidae,None,nan
Redwood National Park,Invertebrate,Mytiloida,Mytilidae,None,nan
Redwood National Park,Invertebrate,Mytiloida,Mytilidae,California Mussel,nan
Redwood National Park,Invertebrate,Mytiloida,Mytilidae,"Blue Mussel, Edible Blue Mussel",nan
Redwood National Park,Invertebrate,Neoophora,Planariidae,None,nan
Redwood National Park,Invertebrate,Neoophora,Planariidae,None,nan
Redwood National Park,Invertebrate,Neoophora,Planariidae,None,nan
Redwood National Park,Invertebrate,Octopoda,Octopodidae,None,nan
Redwood National Park,Invertebrate,Octopoda,Octopodidae,North Pacific Giant Octopus,nan
Redwood National Park,Invertebrate,Octopoda,Octopodidae,East Pacific Red Octopus,nan
Redwood National Park,Invertebrate,Ophiurida,Amphiuridae,None,nan
Redwood National Park,Invertebrate,Ophiurida,Ophiactidae,None,nan
Redwood National Park,Invertebrate,Opisthorchiida,Heterophyidae,None,nan
Redwood National Park,Invertebrate,Ostreoida,Anomiidae,Pacific False Jingle,nan
Redwood National Park,Invertebrate,Ostreoida,Pectinidae,None,nan
Redwood National Park,Invertebrate,Ostreoida,Pectinidae,None,nan
Redwood National Park,Invertebrate,Paleonemertea,Tubulanidae,None,nan
Redwood National Park,Invertebrate,Paleonemertea,Tubulanidae,None,nan
Redwood National Park,Invertebrate,Paleonemertea,Tubulanidae,None,nan
Redwood National Park,Invertebrate,Pantopoda,Ammotheidae,None,nan
Redwood National Park,Invertebrate,Phascolosomatiformes,Phascolosomatidae,None,nan
Redwood National Park,Invertebrate,Pholadomyoida,Lyonsiidae,Rock Entodesma,nan
Redwood National Park,Invertebrate,Pholadomyoida,Lyonsiidae,None,nan
Redwood National Park,Invertebrate,Phyllodocida,Chrysopetalidae,None,nan
Redwood National Park,Invertebrate,Phyllodocida,Glyceridae,None,nan
Redwood National Park,Invertebrate,Phyllodocida,Goniadidae,None,nan
Redwood National Park,Invertebrate,Phyllodocida,Nephtyidae,None,nan
Redwood National Park,Invertebrate,Phyllodocida,Nereididae,None,nan
Redwood National Park,Invertebrate,Phyllodocida,Nereididae,None,nan
Redwood National Park,Invertebrate,Phyllodocida,Nereididae,None,nan
Redwood National Park,Invertebrate,Phyllodocida,Nereididae,None,nan
Redwood National Park,Invertebrate,Phyllodocida,Nereididae,None,nan
Redwood National Park,Invertebrate,Phyllodocida,Phyllodocidae,None,nan
Redwood National Park,Invertebrate,Phyllodocida,Phyllodocidae,None,nan
Redwood National Park,Invertebrate,Phyllodocida,Phyllodocidae,None,nan
Redwood National Park,Invertebrate,Phyllodocida,Phyllodocidae,None,nan
Redwood National Park,Invertebrate,Phyllodocida,Polynoidae,None,nan
Redwood National Park,Invertebrate,Phyllodocida,Polynoidae,None,nan
Redwood National Park,Invertebrate,Phyllodocida,Polynoidae,None,nan
Redwood National Park,Invertebrate,Phyllodocida,Polynoidae,None,nan
Redwood National Park,Invertebrate,Phyllodocida,Sigalionidae,None,nan
Redwood National Park,Invertebrate,Phyllodocida,Syllidae,None,nan
Redwood National Park,Invertebrate,Phyllodocida,Syllidae,None,nan
Redwood National Park,Invertebrate,Phyllodocida,Syllidae,None,nan
Redwood National Park,Invertebrate,Phyllodocida,Syllidae,None,nan
Redwood National Park,Invertebrate,Phyllodocida,Syllidae,None,nan
Redwood National Park,Invertebrate,Phyllodocida,Syllidae,None,nan
Redwood National Park,Invertebrate,Plagiorchiida,Allocreadiidae,None,nan
Redwood National Park,Invertebrate,Plagiorchiida,Gorgoderidae,None,nan
Redwood National Park,Invertebrate,Plagiorchiida,Lecithodendriidae,None,nan
Redwood National Park,Invertebrate,Plagiorchiida,Lecithodendriidae,None,nan
Redwood National Park,Invertebrate,Plagiorchiida,Nanophyetidae,None,nan
Redwood National Park,Invertebrate,Plagiorchiida,Opecoelidae,None,nan
Redwood National Park,Invertebrate,Pleurogona,Pyuridae,None,nan
Redwood National Park,Invertebrate,Pleurogona,Pyuridae,None,nan
Redwood National Park,Invertebrate,Pleurogona,Pyuridae,None,nan
Redwood National Park,Invertebrate,Pleurogona,Styelidae,None,nan
Redwood National Park,Invertebrate,Pleurogona,Styelidae,None,nan
Redwood National Park,Invertebrate,Pleurogona,Styelidae,None,nan
Redwood National Park,Invertebrate,Pleurogona,Styelidae,None,nan
Redwood National Park,Invertebrate,Pleurogona,Styelidae,None,nan
Redwood National Park,Invertebrate,Poecilosclerida,Coelosphaeridae,None,nan
Redwood National Park,Invertebrate,Poecilosclerida,Hamacanthidae,None,nan
Redwood National Park,Invertebrate,Poecilosclerida,Hymedesmiidae,None,nan
Redwood National Park,Invertebrate,Poecilosclerida,Isodictyidae,None,nan
Redwood National Park,Invertebrate,Poecilosclerida,Isodictyidae,None,nan
Redwood National Park,Invertebrate,Poecilosclerida,Isodictyidae,None,nan
Redwood National Park,Invertebrate,Poecilosclerida,Microcionidae,None,nan
Redwood National Park,Invertebrate,Poecilosclerida,Microcionidae,None,nan
Redwood National Park,Invertebrate,Poecilosclerida,Mycalidae,None,nan
Redwood National Park,Invertebrate,Poecilosclerida,Mycalidae,None,nan
Redwood National Park,Invertebrate,Poecilosclerida,Mycalidae,None,nan
Redwood National Park,Invertebrate,Poecilosclerida,Myxillidae,None,nan
Redwood National Park,Invertebrate,Poecilosclerida,Myxillidae,None,nan
Redwood National Park,Invertebrate,Poecilosclerida,Myxillidae,None,nan
Redwood National Park,Invertebrate,Polydesmida,Xystodesmidae,None,nan
Redwood National Park,Invertebrate,Pseudophyllidea,Diphyllobothriidae,None,nan
Redwood National Park,Invertebrate,Pseudophyllidea,Diphyllobothriidae,None,nan
Redwood National Park,Invertebrate,Rhabditida,nan,None,nan
Redwood National Park,Invertebrate,Scleractinia,Caryophylliidae,None,nan
Redwood National Park,Invertebrate,Scleractinia,Caryophylliidae,None,nan
Redwood National Park,Invertebrate,Scleractinia,Dendrophylliidae,None,nan
Redwood National Park,Invertebrate,Scleractinia,Dendrophylliidae,None,nan
Redwood National Park,Invertebrate,Scolecida,Arenicolidae,None,nan
Redwood National Park,Invertebrate,Scolecida,Arenicolidae,None,nan
Redwood National Park,Invertebrate,Scolecida,Capitellidae,None,nan
Redwood National Park,Invertebrate,Scolecida,Opheliidae,None,nan
Redwood National Park,Invertebrate,Scolecida,Opheliidae,None,nan
Redwood National Park,Invertebrate,Scolecida,Opheliidae,None,nan
Redwood National Park,Invertebrate,Scolecida,Orbiniidae,None,nan
Redwood National Park,Invertebrate,Scolecida,Orbiniidae,None,nan
Redwood National Park,Invertebrate,Semaeostomeae,Pelagiidae,None,nan
Redwood National Park,Invertebrate,Semaeostomeae,Ulmaridae,None,nan
Redwood National Park,Invertebrate,Semaeostomeae,Ulmaridae,Moon Jelly,nan
Redwood National Park,Invertebrate,Solitaria,Barentsiidae,None,nan
Redwood National Park,Invertebrate,Spinulosida,Echinasteridae,None,nan
Redwood National Park,Invertebrate,Spinulosida,Echinasteridae,Blood Star,nan
Redwood National Park,Invertebrate,Stauromedusae,Lucernariidae,None,nan
Redwood National Park,Invertebrate,Strigeatida,Diplostomatidae,None,nan
Redwood National Park,Invertebrate,Strigeatida,Diplostomatidae,None,nan
Redwood National Park,Invertebrate,Strigeatida,Sanguinicolidae,None,nan
Redwood National Park,Invertebrate,Strongylida,Dictyocaulidae,None,nan
Redwood National Park,Invertebrate,Strongylida,Trichostrongylidae,None,nan
Redwood National Park,Invertebrate,Terebratulida,Laqueidae,None,nan
Redwood National Park,Invertebrate,Trachymedusae,Geryoniidae,None,nan
Redwood National Park,Invertebrate,Unionoida,Margaritiferidae,Western Pearlshell,nan
Redwood National Park,Invertebrate,Unionoida,Margaritiferidae,Eastern Pearlshell,nan
Redwood National Park,Invertebrate,Unionoida,Unionidae,Winged Floater,nan
Redwood National Park,Invertebrate,Valvatida,Asterinidae,None,nan
Redwood National Park,Invertebrate,Valvatida,Asteropseidae,Leather Star,nan
Redwood National Park,Invertebrate,Valvatida,Solasteridae,None,nan
Redwood National Park,Invertebrate,Valvatida,Solasteridae,None,nan
Redwood National Park,Invertebrate,Veneroida,Cardiidae,Nuttall Cockle,nan
Redwood National Park,Invertebrate,Veneroida,Mactridae,None,nan
Redwood National Park,Invertebrate,Veneroida,Pharidae,None,nan
Redwood National Park,Invertebrate,Veneroida,Pharidae,"Northern Razor, Pacific Razor",nan
Redwood National Park,Invertebrate,Veneroida,Pisidiidae,Ubiquitous Peaclam,nan
Redwood National Park,Invertebrate,Veneroida,Pisidiidae,Tiny Peaclam,nan
Redwood National Park,Invertebrate,Veneroida,Pisidiidae,European Fingernailclam,nan
Redwood National Park,Invertebrate,Veneroida,Tellinidae,"Pointed Macoma, Stained Macoma",nan
Redwood National Park,Invertebrate,Veneroida,Veneridae,Pacific Littleneck,nan
Redwood National Park,Invertebrate,Zoantharia,Epizoanthidae,Orange Zoanthid,nan
Redwood National Park,Fungi,nan,nan,None,nan
Redwood National Park,Fungi,nan,nan,None,nan
Redwood National Park,Fungi,nan,nan,None,nan
Redwood National Park,Fungi,nan,nan,None,nan
Redwood National Park,Fungi,nan,nan,None,nan
Redwood National Park,Fungi,nan,nan,None,nan
Redwood National Park,Fungi,nan,nan,None,nan
Redwood National Park,Fungi,nan,nan,None,nan
Redwood National Park,Fungi,nan,nan,None,nan
Redwood National Park,Fungi,nan,nan,None,nan
Redwood National Park,Fungi,nan,nan,None,nan
Redwood National Park,Fungi,nan,nan,None,nan
Redwood National Park,Fungi,nan,nan,None,nan
Redwood National Park,Fungi,nan,nan,None,nan
Redwood National Park,Fungi,nan,nan,None,nan
Redwood National Park,Fungi,nan,nan,None,nan
Redwood National Park,Fungi,nan,nan,None,nan
Redwood National Park,Fungi,nan,nan,None,nan
Redwood National Park,Fungi,nan,nan,None,nan
Redwood National Park,Fungi,nan,nan,None,nan
Redwood National Park,Fungi,nan,nan,None,nan
Redwood National Park,Fungi,nan,nan,None,nan
Redwood National Park,Fungi,nan,nan,None,nan
Redwood National Park,Fungi,nan,nan,None,nan
Redwood National Park,Fungi,nan,nan,None,nan
Redwood National Park,Fungi,nan,nan,None,nan
Redwood National Park,Fungi,nan,nan,None,nan
Redwood National Park,Fungi,nan,nan,None,nan
Redwood National Park,Fungi,nan,nan,None,nan
Redwood National Park,Fungi,nan,nan,None,nan
Redwood National Park,Fungi,nan,nan,None,nan
Redwood National Park,Fungi,nan,nan,None,nan
Redwood National Park,Fungi,nan,nan,None,nan
Redwood National Park,Fungi,nan,nan,None,nan
Redwood National Park,Fungi,nan,nan,None,nan
Redwood National Park,Fungi,nan,nan,None,nan
Redwood National Park,Fungi,nan,nan,None,nan
Redwood National Park,Fungi,nan,nan,None,nan
Redwood National Park,Fungi,nan,nan,None,nan
Redwood National Park,Fungi,nan,nan,None,nan
Redwood National Park,Fungi,nan,nan,None,nan
Redwood National Park,Fungi,nan,nan,None,nan
Redwood National Park,Fungi,nan,nan,None,nan
Redwood National Park,Fungi,nan,nan,None,nan
Redwood National Park,Fungi,nan,nan,None,nan
Redwood National Park,Fungi,nan,nan,None,nan
Redwood National Park,Fungi,nan,nan,None,nan
Redwood National Park,Fungi,nan,nan,None,nan
Redwood National Park,Fungi,nan,nan,None,nan
Redwood National Park,Fungi,nan,nan,None,nan
Redwood National Park,Fungi,nan,nan,None,nan
Redwood National Park,Fungi,nan,nan,None,nan
Redwood National Park,Fungi,nan,nan,None,nan
Redwood National Park,Fungi,nan,nan,None,nan
Redwood National Park,Fungi,nan,nan,None,nan
Redwood National Park,Fungi,nan,nan,None,nan
Redwood National Park,Fungi,nan,nan,None,nan
Redwood National Park,Fungi,nan,nan,None,nan
Redwood National Park,Fungi,nan,nan,None,nan
Redwood National Park,Fungi,nan,nan,None,nan
Redwood National Park,Fungi,nan,nan,None,nan
Redwood National Park,Fungi,nan,nan,None,nan
Redwood National Park,Fungi,nan,nan,None,nan
Redwood National Park,Fungi,nan,nan,None,nan
Redwood National Park,Fungi,nan,nan,None,nan
Redwood National Park,Fungi,nan,nan,None,nan
Redwood National Park,Fungi,nan,nan,None,nan
Redwood National Park,Fungi,nan,nan,None,nan
Redwood National Park,Fungi,nan,nan,None,nan
Redwood National Park,Fungi,nan,nan,None,nan
Redwood National Park,Fungi,nan,nan,None,nan
Redwood National Park,Fungi,nan,nan,None,nan
Redwood National Park,Fungi,nan,nan,None,nan
Redwood National Park,Fungi,nan,nan,None,nan
Redwood National Park,Fungi,nan,nan,None,nan
Redwood National Park,Fungi,nan,nan,None,nan
Redwood National Park,Fungi,nan,nan,None,nan
Redwood National Park,Fungi,nan,nan,None,nan
Redwood National Park,Fungi,nan,nan,None,nan
Redwood National Park,Fungi,nan,nan,None,nan
Redwood National Park,Fungi,nan,nan,None,nan
Redwood National Park,Fungi,nan,nan,None,nan
Redwood National Park,Fungi,nan,nan,None,nan
Redwood National Park,Fungi,nan,nan,None,nan
Redwood National Park,Fungi,nan,nan,None,nan
Redwood National Park,Fungi,nan,nan,None,nan
Redwood National Park,Fungi,nan,nan,None,nan
Redwood National Park,Fungi,nan,nan,None,nan
Redwood National Park,Fungi,nan,nan,None,nan
Redwood National Park,Fungi,nan,nan,None,nan
Redwood National Park,Fungi,nan,nan,None,nan
Redwood National Park,Fungi,nan,nan,None,nan
Redwood National Park,Fungi,nan,nan,None,nan
Redwood National Park,Fungi,nan,nan,None,nan
Redwood National Park,Fungi,nan,nan,None,nan
Redwood National Park,Fungi,nan,nan,None,nan
Redwood National Park,Fungi,nan,nan,None,nan
Redwood National Park,Fungi,nan,nan,None,nan
Redwood National Park,Fungi,nan,nan,None,nan
Redwood National Park,Fungi,nan,nan,None,nan
Redwood National Park,Fungi,nan,nan,None,nan
Redwood National Park,Fungi,nan,nan,None,nan
Redwood National Park,Fungi,nan,nan,None,nan
Redwood National Park,Fungi,nan,nan,None,nan
Redwood National Park,Fungi,nan,nan,None,nan
Redwood National Park,Fungi,nan,nan,None,nan
Redwood National Park,Fungi,nan,nan,None,nan
Redwood National Park,Fungi,nan,nan,None,nan
Redwood National Park,Fungi,nan,nan,None,nan
Redwood National Park,Fungi,nan,nan,None,nan
Redwood National Park,Fungi,nan,nan,None,nan
Redwood National Park,Fungi,nan,nan,None,nan
Redwood National Park,Fungi,nan,nan,None,nan
Redwood National Park,Fungi,nan,nan,None,nan
Redwood National Park,Fungi,nan,nan,None,nan
Redwood National Park,Fungi,nan,nan,None,nan
Redwood National Park,Fungi,nan,nan,None,nan
Redwood National Park,Fungi,nan,nan,None,nan
Redwood National Park,Fungi,nan,nan,None,nan
Redwood National Park,Fungi,nan,nan,None,nan
Redwood National Park,Fungi,nan,nan,None,nan
Redwood National Park,Fungi,nan,nan,None,nan
Redwood National Park,Fungi,nan,nan,None,nan
Redwood National Park,Fungi,nan,nan,None,nan
Redwood National Park,Fungi,nan,nan,None,nan
Redwood National Park,Fungi,nan,nan,None,nan
Redwood National Park,Fungi,nan,nan,None,nan
Redwood National Park,Fungi,nan,nan,Clam Lichen,nan
Redwood National Park,Fungi,nan,nan,None,nan
Redwood National Park,Fungi,nan,nan,None,nan
Redwood National Park,Fungi,nan,nan,None,nan
Redwood National Park,Fungi,nan,nan,None,nan
Redwood National Park,Fungi,nan,nan,None,nan
Redwood National Park,Fungi,nan,nan,None,nan
Redwood National Park,Fungi,nan,nan,None,nan
Redwood National Park,Fungi,nan,nan,None,nan
Redwood National Park,Fungi,nan,nan,None,nan
Redwood National Park,Fungi,nan,nan,None,nan
Redwood National Park,Fungi,nan,nan,None,nan
Redwood National Park,Fungi,nan,nan,None,nan
Redwood National Park,Fungi,nan,nan,None,nan
Redwood National Park,Fungi,nan,nan,None,nan
Redwood National Park,Fungi,nan,nan,None,nan
Redwood National Park,Fungi,nan,nan,None,nan
Redwood National Park,Fungi,nan,nan,None,nan
Redwood National Park,Fungi,nan,nan,None,nan
Redwood National Park,Fungi,nan,nan,None,nan
Redwood National Park,Fungi,nan,nan,None,nan
Redwood National Park,Fungi,nan,nan,None,nan
Redwood National Park,Fungi,nan,nan,None,nan
Redwood National Park,Fungi,nan,nan,None,nan
Redwood National Park,Fungi,nan,nan,None,nan
Redwood National Park,Fungi,nan,nan,None,nan
Redwood National Park,Fungi,nan,nan,None,nan
Redwood National Park,Fungi,nan,nan,None,nan
Redwood National Park,Fungi,nan,nan,None,nan
Redwood National Park,Fungi,nan,nan,None,nan
Redwood National Park,Fungi,nan,nan,None,nan
Redwood National Park,Fungi,nan,nan,None,nan
Redwood National Park,Fungi,nan,nan,None,nan
Redwood National Park,Fungi,nan,nan,None,nan
Redwood National Park,Fungi,nan,nan,None,nan
Redwood National Park,Fungi,nan,nan,None,nan
Redwood National Park,Fungi,nan,nan,None,nan
Redwood National Park,Fungi,nan,nan,None,nan
Redwood National Park,Fungi,nan,nan,None,nan
Redwood National Park,Fungi,nan,nan,None,nan
Redwood National Park,Fungi,nan,nan,None,nan
Redwood National Park,Fungi,nan,nan,None,nan
Redwood National Park,Fungi,nan,nan,None,nan
Redwood National Park,Fungi,nan,nan,None,nan
Redwood National Park,Fungi,nan,nan,None,nan
Redwood National Park,Fungi,nan,nan,None,nan
Redwood National Park,Fungi,nan,nan,None,nan
Redwood National Park,Fungi,nan,nan,None,nan
Redwood National Park,Fungi,nan,nan,None,nan
Redwood National Park,Fungi,nan,nan,None,nan
Redwood National Park,Fungi,nan,nan,None,nan
Redwood National Park,Fungi,nan,nan,None,nan
Redwood National Park,Fungi,nan,nan,None,nan
Redwood National Park,Fungi,nan,nan,None,nan
Redwood National Park,Fungi,nan,nan,None,nan
Redwood National Park,Fungi,nan,nan,None,nan
Redwood National Park,Fungi,nan,nan,None,nan
Redwood National Park,Fungi,nan,nan,None,nan
Redwood National Park,Fungi,nan,nan,None,nan
Redwood National Park,Fungi,nan,nan,None,nan
Redwood National Park,Fungi,nan,nan,None,nan
Redwood National Park,Fungi,nan,nan,None,nan
Redwood National Park,Fungi,nan,nan,None,nan
Redwood National Park,Fungi,nan,nan,None,nan
Redwood National Park,Fungi,nan,nan,None,nan
Redwood National Park,Fungi,nan,nan,None,nan
Redwood National Park,Fungi,nan,nan,None,nan
Redwood National Park,Fungi,nan,nan,None,nan
Redwood National Park,Fungi,nan,nan,None,nan
Redwood National Park,Fungi,nan,nan,None,nan
Redwood National Park,Fungi,nan,nan,None,nan
Redwood National Park,Fungi,nan,nan,None,nan
Redwood National Park,Fungi,nan,nan,None,nan
Redwood National Park,Fungi,nan,nan,None,nan
Redwood National Park,Fungi,nan,nan,None,nan
Redwood National Park,Fungi,nan,nan,None,nan
Redwood National Park,Fungi,nan,nan,None,nan
Redwood National Park,Fungi,nan,nan,None,nan
Redwood National Park,Fungi,nan,nan,None,nan
Redwood National Park,Fungi,nan,nan,None,nan
Redwood National Park,Fungi,nan,nan,None,nan
Redwood National Park,Fungi,nan,nan,None,nan
Redwood National Park,Fungi,nan,nan,None,nan
Redwood National Park,Fungi,nan,nan,None,nan
Redwood National Park,Fungi,nan,nan,None,nan
Redwood National Park,Fungi,nan,nan,None,nan
Redwood National Park,Fungi,nan,nan,None,nan
Redwood National Park,Fungi,nan,nan,None,nan
Redwood National Park,Fungi,nan,nan,None,nan
Redwood National Park,Fungi,nan,nan,None,nan
Redwood National Park,Fungi,nan,nan,None,nan
Redwood National Park,Fungi,nan,nan,None,nan
Redwood National Park,Fungi,nan,nan,None,nan
Redwood National Park,Fungi,nan,nan,None,nan
Redwood National Park,Fungi,nan,nan,None,nan
Redwood National Park,Fungi,nan,nan,None,nan
Redwood National Park,Fungi,nan,nan,None,nan
Redwood National Park,Fungi,nan,nan,None,nan
Redwood National Park,Fungi,nan,nan,None,nan
Redwood National Park,Fungi,nan,nan,None,nan
Redwood National Park,Fungi,nan,nan,None,nan
Redwood National Park,Fungi,nan,nan,None,nan
Redwood National Park,Fungi,nan,nan,None,nan
Redwood National Park,Fungi,nan,nan,None,nan
Redwood National Park,Fungi,nan,nan,None,nan
Redwood National Park,Fungi,nan,nan,None,nan
Redwood National Park,Fungi,nan,nan,None,nan
Redwood National Park,Fungi,nan,nan,None,nan
Redwood National Park,Fungi,nan,nan,None,nan
Redwood National Park,Fungi,nan,nan,None,nan
Redwood National Park,Fungi,nan,nan,None,nan
Redwood National Park,Fungi,nan,nan,None,nan
Redwood National Park,Fungi,nan,nan,None,nan
Redwood National Park,Fungi,nan,nan,None,nan
Redwood National Park,Fungi,nan,nan,None,nan
Redwood National Park,Fungi,nan,nan,None,nan
Redwood National Park,Fungi,nan,Coprinaceae,None,nan
Redwood National Park,Fungi,nan,Coprinaceae,None,nan
Redwood National Park,Fungi,nan,Coprinaceae,None,nan
Redwood National Park,Fungi,nan,Coprinaceae,None,nan
Redwood National Park,Fungi,nan,Coprinaceae,None,nan
Redwood National Park,Fungi,nan,Coprinaceae,None,nan
Redwood National Park,Fungi,nan,Coprinaceae,None,nan
Redwood National Park,Fungi,nan,Coprinaceae,None,nan
Redwood National Park,Fungi,nan,Coprinaceae,None,nan
Redwood National Park,Fungi,nan,Coprinaceae,None,nan
Redwood National Park,Fungi,nan,Coprinaceae,None,nan
Redwood National Park,Fungi,nan,Coprinaceae,None,nan
Redwood National Park,Fungi,nan,Coprinaceae,None,nan
Redwood National Park,Fungi,nan,Coprinaceae,None,nan
Redwood National Park,Fungi,nan,Coprinaceae,None,nan
Redwood National Park,Fungi,nan,Melanogastraceae,None,nan
Redwood National Park,Fungi,nan,Myxotrichaceae,None,nan
Redwood National Park,Fungi,Agaricales,nan,None,nan
Redwood National Park,Fungi,Agaricales,Agaricaceae,None,nan
Redwood National Park,Fungi,Agaricales,Agaricaceae,None,nan
Redwood National Park,Fungi,Agaricales,Agaricaceae,None,nan
Redwood National Park,Fungi,Agaricales,Agaricaceae,None,nan
Redwood National Park,Fungi,Agaricales,Agaricaceae,None,nan
Redwood National Park,Fungi,Agaricales,Agaricaceae,None,nan
Redwood National Park,Fungi,Agaricales,Agaricaceae,None,nan
Redwood National Park,Fungi,Agaricales,Agaricaceae,None,nan
Redwood National Park,Fungi,Agaricales,Agaricaceae,None,nan
Redwood National Park,Fungi,Agaricales,Agaricaceae,None,nan
Redwood National Park,Fungi,Agaricales,Agaricaceae,None,nan
Redwood National Park,Fungi,Agaricales,Agaricaceae,None,nan
Redwood National Park,Fungi,Agaricales,Agaricaceae,None,nan
Redwood National Park,Fungi,Agaricales,Agaricaceae,None,nan
Redwood National Park,Fungi,Agaricales,Agaricaceae,None,nan
Redwood National Park,Fungi,Agaricales,Agaricaceae,None,nan
Redwood National Park,Fungi,Agaricales,Agaricaceae,None,nan
Redwood National Park,Fungi,Agaricales,Agaricaceae,None,nan
Redwood National Park,Fungi,Agaricales,Agaricaceae,None,nan
Redwood National Park,Fungi,Agaricales,Agaricaceae,None,nan
Redwood National Park,Fungi,Agaricales,Agaricaceae,None,nan
Redwood National Park,Fungi,Agaricales,Agaricaceae,None,nan
Redwood National Park,Fungi,Agaricales,Agaricaceae,None,nan
Redwood National Park,Fungi,Agaricales,Agaricaceae,None,nan
Redwood National Park,Fungi,Agaricales,Agaricaceae,None,nan
Redwood National Park,Fungi,Agaricales,Agaricaceae,None,nan
Redwood National Park,Fungi,Agaricales,Agaricaceae,None,nan
Redwood National Park,Fungi,Agaricales,Agaricaceae,None,nan
Redwood National Park,Fungi,Agaricales,Agaricaceae,None,nan
Redwood National Park,Fungi,Agaricales,Agaricaceae,None,nan
Redwood National Park,Fungi,Agaricales,Agaricaceae,None,nan
Redwood National Park,Fungi,Agaricales,Agaricaceae,None,nan
Redwood National Park,Fungi,Agaricales,Agaricaceae,None,nan
Redwood National Park,Fungi,Agaricales,Agaricaceae,None,nan
Redwood National Park,Fungi,Agaricales,Agaricaceae,None,nan
Redwood National Park,Fungi,Agaricales,Agaricaceae,None,nan
Redwood National Park,Fungi,Agaricales,Agaricaceae,None,nan
Redwood National Park,Fungi,Agaricales,Agaricaceae,None,nan
Redwood National Park,Fungi,Agaricales,Agaricaceae,None,nan
Redwood National Park,Fungi,Agaricales,Agaricaceae,None,nan
Redwood National Park,Fungi,Agaricales,Amanitaceae,None,nan
Redwood National Park,Fungi,Agaricales,Amanitaceae,None,nan
Redwood National Park,Fungi,Agaricales,Amanitaceae,None,nan
Redwood National Park,Fungi,Agaricales,Amanitaceae,None,nan
Redwood National Park,Fungi,Agaricales,Amanitaceae,None,nan
Redwood National Park,Fungi,Agaricales,Amanitaceae,None,nan
Redwood National Park,Fungi,Agaricales,Amanitaceae,None,nan
Redwood National Park,Fungi,Agaricales,Amanitaceae,None,nan
Redwood National Park,Fungi,Agaricales,Amanitaceae,None,nan
Redwood National Park,Fungi,Agaricales,Amanitaceae,None,nan
Redwood National Park,Fungi,Agaricales,Amanitaceae,None,nan
Redwood National Park,Fungi,Agaricales,Amanitaceae,None,nan
Redwood National Park,Fungi,Agaricales,Amanitaceae,None,nan
Redwood National Park,Fungi,Agaricales,Amanitaceae,None,nan
Redwood National Park,Fungi,Agaricales,Amanitaceae,None,nan
Redwood National Park,Fungi,Agaricales,Amanitaceae,None,nan
Redwood National Park,Fungi,Agaricales,Amanitaceae,None,nan
Redwood National Park,Fungi,Agaricales,Amanitaceae,None,nan
Redwood National Park,Fungi,Agaricales,Bolbitiaceae,None,nan
Redwood National Park,Fungi,Agaricales,Bolbitiaceae,None,nan
Redwood National Park,Fungi,Agaricales,Bolbitiaceae,None,nan
Redwood National Park,Fungi,Agaricales,Bolbitiaceae,None,nan
Redwood National Park,Fungi,Agaricales,Bolbitiaceae,None,nan
Redwood National Park,Fungi,Agaricales,Clavariaceae,None,nan
Redwood National Park,Fungi,Agaricales,Clavariaceae,None,nan
Redwood National Park,Fungi,Agaricales,Clavariaceae,None,nan
Redwood National Park,Fungi,Agaricales,Clavariaceae,None,nan
Redwood National Park,Fungi,Agaricales,Clavariaceae,None,nan
Redwood National Park,Fungi,Agaricales,Clavariaceae,None,nan
Redwood National Park,Fungi,Agaricales,Clavariaceae,None,nan
Redwood National Park,Fungi,Agaricales,Clavariaceae,None,nan
Redwood National Park,Fungi,Agaricales,Clavariaceae,None,nan
Redwood National Park,Fungi,Agaricales,Clavariaceae,None,nan
Redwood National Park,Fungi,Agaricales,Clavariaceae,None,nan
Redwood National Park,Fungi,Agaricales,Clavariaceae,None,nan
Redwood National Park,Fungi,Agaricales,Clavariaceae,None,nan
Redwood National Park,Fungi,Agaricales,Clavariaceae,None,nan
Redwood National Park,Fungi,Agaricales,Clavariaceae,None,nan
Redwood National Park,Fungi,Agaricales,Clavariaceae,None,nan
Redwood National Park,Fungi,Agaricales,Clavariaceae,None,nan
Redwood National Park,Fungi,Agaricales,Clavariaceae,None,nan
Redwood National Park,Fungi,Agaricales,Clavariaceae,None,nan
Redwood National Park,Fungi,Agaricales,Clavariaceae,None,nan
Redwood National Park,Fungi,Agaricales,Clavariaceae,None,nan
Redwood National Park,Fungi,Agaricales,Clavariaceae,None,nan
Redwood National Park,Fungi,Agaricales,Cortinariaceae,None,nan
Redwood National Park,Fungi,Agaricales,Cortinariaceae,None,nan
Redwood National Park,Fungi,Agaricales,Cortinariaceae,None,nan
Redwood National Park,Fungi,Agaricales,Cortinariaceae,None,nan
Redwood National Park,Fungi,Agaricales,Cortinariaceae,None,nan
Redwood National Park,Fungi,Agaricales,Cortinariaceae,None,nan
Redwood National Park,Fungi,Agaricales,Cortinariaceae,None,nan
Redwood National Park,Fungi,Agaricales,Cortinariaceae,None,nan
Redwood National Park,Fungi,Agaricales,Cortinariaceae,None,nan
Redwood National Park,Fungi,Agaricales,Cortinariaceae,None,nan
Redwood National Park,Fungi,Agaricales,Cortinariaceae,None,nan
Redwood National Park,Fungi,Agaricales,Cortinariaceae,None,nan
Redwood National Park,Fungi,Agaricales,Cortinariaceae,None,nan
Redwood National Park,Fungi,Agaricales,Cortinariaceae,None,nan
Redwood National Park,Fungi,Agaricales,Cortinariaceae,None,nan
Redwood National Park,Fungi,Agaricales,Cortinariaceae,None,nan
Redwood National Park,Fungi,Agaricales,Cortinariaceae,None,nan
Redwood National Park,Fungi,Agaricales,Cortinariaceae,None,nan
Redwood National Park,Fungi,Agaricales,Cortinariaceae,None,nan
Redwood National Park,Fungi,Agaricales,Cortinariaceae,None,nan
Redwood National Park,Fungi,Agaricales,Cortinariaceae,None,nan
Redwood National Park,Fungi,Agaricales,Cortinariaceae,None,nan
Redwood National Park,Fungi,Agaricales,Cortinariaceae,None,nan
Redwood National Park,Fungi,Agaricales,Cortinariaceae,None,nan
Redwood National Park,Fungi,Agaricales,Cortinariaceae,None,nan
Redwood National Park,Fungi,Agaricales,Cortinariaceae,None,nan
Redwood National Park,Fungi,Agaricales,Cortinariaceae,None,nan
Redwood National Park,Fungi,Agaricales,Cortinariaceae,None,nan
Redwood National Park,Fungi,Agaricales,Cortinariaceae,None,nan
Redwood National Park,Fungi,Agaricales,Cortinariaceae,None,nan
Redwood National Park,Fungi,Agaricales,Cortinariaceae,None,nan
Redwood National Park,Fungi,Agaricales,Cortinariaceae,None,nan
Redwood National Park,Fungi,Agaricales,Cortinariaceae,None,nan
Redwood National Park,Fungi,Agaricales,Cortinariaceae,None,nan
Redwood National Park,Fungi,Agaricales,Cortinariaceae,None,nan
Redwood National Park,Fungi,Agaricales,Cortinariaceae,None,nan
Redwood National Park,Fungi,Agaricales,Cortinariaceae,None,nan
Redwood National Park,Fungi,Agaricales,Cortinariaceae,None,nan
Redwood National Park,Fungi,Agaricales,Cortinariaceae,None,nan
Redwood National Park,Fungi,Agaricales,Cortinariaceae,None,nan
Redwood National Park,Fungi,Agaricales,Cortinariaceae,None,nan
Redwood National Park,Fungi,Agaricales,Cortinariaceae,None,nan
Redwood National Park,Fungi,Agaricales,Cortinariaceae,None,nan
Redwood National Park,Fungi,Agaricales,Cortinariaceae,None,nan
Redwood National Park,Fungi,Agaricales,Cortinariaceae,None,nan
Redwood National Park,Fungi,Agaricales,Cortinariaceae,None,nan
Redwood National Park,Fungi,Agaricales,Cortinariaceae,None,nan
Redwood National Park,Fungi,Agaricales,Cortinariaceae,None,nan
Redwood National Park,Fungi,Agaricales,Cortinariaceae,None,nan
Redwood National Park,Fungi,Agaricales,Cortinariaceae,None,nan
Redwood National Park,Fungi,Agaricales,Cortinariaceae,None,nan
Redwood National Park,Fungi,Agaricales,Cortinariaceae,None,nan
Redwood National Park,Fungi,Agaricales,Cortinariaceae,None,nan
Redwood National Park,Fungi,Agaricales,Cortinariaceae,None,nan
Redwood National Park,Fungi,Agaricales,Cortinariaceae,None,nan
Redwood National Park,Fungi,Agaricales,Cortinariaceae,None,nan
Redwood National Park,Fungi,Agaricales,Cortinariaceae,None,nan
Redwood National Park,Fungi,Agaricales,Cortinariaceae,None,nan
Redwood National Park,Fungi,Agaricales,Cortinariaceae,None,nan
Redwood National Park,Fungi,Agaricales,Cortinariaceae,None,nan
Redwood National Park,Fungi,Agaricales,Cortinariaceae,None,nan
Redwood National Park,Fungi,Agaricales,Cortinariaceae,None,nan
Redwood National Park,Fungi,Agaricales,Cortinariaceae,None,nan
Redwood National Park,Fungi,Agaricales,Cortinariaceae,None,nan
Redwood National Park,Fungi,Agaricales,Cortinariaceae,None,nan
Redwood National Park,Fungi,Agaricales,Cortinariaceae,None,nan
Redwood National Park,Fungi,Agaricales,Cortinariaceae,None,nan
Redwood National Park,Fungi,Agaricales,Cortinariaceae,None,nan
Redwood National Park,Fungi,Agaricales,Cortinariaceae,None,nan
Redwood National Park,Fungi,Agaricales,Cortinariaceae,None,nan
Redwood National Park,Fungi,Agaricales,Cortinariaceae,None,nan
Redwood National Park,Fungi,Agaricales,Cortinariaceae,None,nan
Redwood National Park,Fungi,Agaricales,Cortinariaceae,None,nan
Redwood National Park,Fungi,Agaricales,Cortinariaceae,None,nan
Redwood National Park,Fungi,Agaricales,Cortinariaceae,None,nan
Redwood National Park,Fungi,Agaricales,Cortinariaceae,None,nan
Redwood National Park,Fungi,Agaricales,Cortinariaceae,None,nan
Redwood National Park,Fungi,Agaricales,Cortinariaceae,None,nan
Redwood National Park,Fungi,Agaricales,Cortinariaceae,None,nan
Redwood National Park,Fungi,Agaricales,Cortinariaceae,None,nan
Redwood National Park,Fungi,Agaricales,Cortinariaceae,None,nan
Redwood National Park,Fungi,Agaricales,Cortinariaceae,None,nan
Redwood National Park,Fungi,Agaricales,Cortinariaceae,None,nan
Redwood National Park,Fungi,Agaricales,Cortinariaceae,None,nan
Redwood National Park,Fungi,Agaricales,Cortinariaceae,None,nan
Redwood National Park,Fungi,Agaricales,Cortinariaceae,None,nan
Redwood National Park,Fungi,Agaricales,Cortinariaceae,None,nan
Redwood National Park,Fungi,Agaricales,Cortinariaceae,None,nan
Redwood National Park,Fungi,Agaricales,Cortinariaceae,None,nan
Redwood National Park,Fungi,Agaricales,Cortinariaceae,None,nan
Redwood National Park,Fungi,Agaricales,Cortinariaceae,None,nan
Redwood National Park,Fungi,Agaricales,Cortinariaceae,None,nan
Redwood National Park,Fungi,Agaricales,Cortinariaceae,None,nan
Redwood National Park,Fungi,Agaricales,Cortinariaceae,None,nan
Redwood National Park,Fungi,Agaricales,Cortinariaceae,None,nan
Redwood National Park,Fungi,Agaricales,Cortinariaceae,None,nan
Redwood National Park,Fungi,Agaricales,Cortinariaceae,None,nan
Redwood National Park,Fungi,Agaricales,Cortinariaceae,None,nan
Redwood National Park,Fungi,Agaricales,Cortinariaceae,None,nan
Redwood National Park,Fungi,Agaricales,Cortinariaceae,None,nan
Redwood National Park,Fungi,Agaricales,Cortinariaceae,None,nan
Redwood National Park,Fungi,Agaricales,Cortinariaceae,None,nan
Redwood National Park,Fungi,Agaricales,Cortinariaceae,None,nan
Redwood National Park,Fungi,Agaricales,Entolomataceae,None,nan
Redwood National Park,Fungi,Agaricales,Entolomataceae,None,nan
Redwood National Park,Fungi,Agaricales,Entolomataceae,None,nan
Redwood National Park,Fungi,Agaricales,Entolomataceae,None,nan
Redwood National Park,Fungi,Agaricales,Entolomataceae,None,nan
Redwood National Park,Fungi,Agaricales,Entolomataceae,None,nan
Redwood National Park,Fungi,Agaricales,Entolomataceae,None,nan
Redwood National Park,Fungi,Agaricales,Entolomataceae,None,nan
Redwood National Park,Fungi,Agaricales,Entolomataceae,None,nan
Redwood National Park,Fungi,Agaricales,Entolomataceae,None,nan
Redwood National Park,Fungi,Agaricales,Entolomataceae,None,nan
Redwood National Park,Fungi,Agaricales,Entolomataceae,None,nan
Redwood National Park,Fungi,Agaricales,Entolomataceae,None,nan
Redwood National Park,Fungi,Agaricales,Entolomataceae,None,nan
Redwood National Park,Fungi,Agaricales,Entolomataceae,None,nan
Redwood National Park,Fungi,Agaricales,Entolomataceae,None,nan
Redwood National Park,Fungi,Agaricales,Entolomataceae,None,nan
Redwood National Park,Fungi,Agaricales,Entolomataceae,None,nan
Redwood National Park,Fungi,Agaricales,Entolomataceae,None,nan
Redwood National Park,Fungi,Agaricales,Entolomataceae,None,nan
Redwood National Park,Fungi,Agaricales,Entolomataceae,None,nan
Redwood National Park,Fungi,Agaricales,Entolomataceae,None,nan
Redwood National Park,Fungi,Agaricales,Entolomataceae,None,nan
Redwood National Park,Fungi,Agaricales,Entolomataceae,None,nan
Redwood National Park,Fungi,Agaricales,Entolomataceae,None,nan
Redwood National Park,Fungi,Agaricales,Entolomataceae,None,nan
Redwood National Park,Fungi,Agaricales,Entolomataceae,None,nan
Redwood National Park,Fungi,Agaricales,Entolomataceae,None,nan
Redwood National Park,Fungi,Agaricales,Entolomataceae,None,nan
Redwood National Park,Fungi,Agaricales,Entolomataceae,None,nan
Redwood National Park,Fungi,Agaricales,Entolomataceae,None,nan
Redwood National Park,Fungi,Agaricales,Entolomataceae,None,nan
Redwood National Park,Fungi,Agaricales,Entolomataceae,None,nan
Redwood National Park,Fungi,Agaricales,Entolomataceae,None,nan
Redwood National Park,Fungi,Agaricales,Entolomataceae,None,nan
Redwood National Park,Fungi,Agaricales,Entolomataceae,None,nan
Redwood National Park,Fungi,Agaricales,Entolomataceae,None,nan
Redwood National Park,Fungi,Agaricales,Entolomataceae,None,nan
Redwood National Park,Fungi,Agaricales,Entolomataceae,None,nan
Redwood National Park,Fungi,Agaricales,Entolomataceae,None,nan
Redwood National Park,Fungi,Agaricales,Entolomataceae,None,nan
Redwood National Park,Fungi,Agaricales,Entolomataceae,None,nan
Redwood National Park,Fungi,Agaricales,Entolomataceae,None,nan
Redwood National Park,Fungi,Agaricales,Entolomataceae,None,nan
Redwood National Park,Fungi,Agaricales,Entolomataceae,None,nan
Redwood National Park,Fungi,Agaricales,Entolomataceae,None,nan
Redwood National Park,Fungi,Agaricales,Entolomataceae,None,nan
Redwood National Park,Fungi,Agaricales,Entolomataceae,None,nan
Redwood National Park,Fungi,Agaricales,Entolomataceae,None,nan
Redwood National Park,Fungi,Agaricales,Entolomataceae,None,nan
Redwood National Park,Fungi,Agaricales,Entolomataceae,None,nan
Redwood National Park,Fungi,Agaricales,Entolomataceae,None,nan
Redwood National Park,Fungi,Agaricales,Entolomataceae,None,nan
Redwood National Park,Fungi,Agaricales,Entolomataceae,None,nan
Redwood National Park,Fungi,Agaricales,Entolomataceae,None,nan
Redwood National Park,Fungi,Agaricales,Entolomataceae,None,nan
Redwood National Park,Fungi,Agaricales,Entolomataceae,None,nan
Redwood National Park,Fungi,Agaricales,Entolomataceae,None,nan
Redwood National Park,Fungi,Agaricales,Entolomataceae,None,nan
Redwood National Park,Fungi,Agaricales,Entolomataceae,None,nan
Redwood National Park,Fungi,Agaricales,Entolomataceae,None,nan
Redwood National Park,Fungi,Agaricales,Entolomataceae,None,nan
Redwood National Park,Fungi,Agaricales,Entolomataceae,None,nan
Redwood National Park,Fungi,Agaricales,Entolomataceae,None,nan
Redwood National Park,Fungi,Agaricales,Entolomataceae,None,nan
Redwood National Park,Fungi,Agaricales,Entolomataceae,None,nan
Redwood National Park,Fungi,Agaricales,Entolomataceae,None,nan
Redwood National Park,Fungi,Agaricales,Entolomataceae,None,nan
Redwood National Park,Fungi,Agaricales,Entolomataceae,None,nan
Redwood National Park,Fungi,Agaricales,Entolomataceae,None,nan
Redwood National Park,Fungi,Agaricales,Entolomataceae,None,nan
Redwood National Park,Fungi,Agaricales,Entolomataceae,None,nan
Redwood National Park,Fungi,Agaricales,Entolomataceae,None,nan
Redwood National Park,Fungi,Agaricales,Entolomataceae,None,nan
Redwood National Park,Fungi,Agaricales,Entolomataceae,None,nan
Redwood National Park,Fungi,Agaricales,Entolomataceae,None,nan
Redwood National Park,Fungi,Agaricales,Entolomataceae,None,nan
Redwood National Park,Fungi,Agaricales,Entolomataceae,None,nan
Redwood National Park,Fungi,Agaricales,Entolomataceae,None,nan
Redwood National Park,Fungi,Agaricales,Entolomataceae,None,nan
Redwood National Park,Fungi,Agaricales,Entolomataceae,None,nan
Redwood National Park,Fungi,Agaricales,Entolomataceae,None,nan
Redwood National Park,Fungi,Agaricales,Entolomataceae,None,nan
Redwood National Park,Fungi,Agaricales,Entolomataceae,None,nan
Redwood National Park,Fungi,Agaricales,Entolomataceae,None,nan
Redwood National Park,Fungi,Agaricales,Entolomataceae,None,nan
Redwood National Park,Fungi,Agaricales,Entolomataceae,None,nan
Redwood National Park,Fungi,Agaricales,Entolomataceae,None,nan
Redwood National Park,Fungi,Agaricales,Entolomataceae,None,nan
Redwood National Park,Fungi,Agaricales,Entolomataceae,None,nan
Redwood National Park,Fungi,Agaricales,Entolomataceae,None,nan
Redwood National Park,Fungi,Agaricales,Entolomataceae,None,nan
Redwood National Park,Fungi,Agaricales,Entolomataceae,None,nan
Redwood National Park,Fungi,Agaricales,Entolomataceae,None,nan
Redwood National Park,Fungi,Agaricales,Entolomataceae,None,nan
Redwood National Park,Fungi,Agaricales,Entolomataceae,None,nan
Redwood National Park,Fungi,Agaricales,Entolomataceae,None,nan
Redwood National Park,Fungi,Agaricales,Entolomataceae,None,nan
Redwood National Park,Fungi,Agaricales,Entolomataceae,None,nan
Redwood National Park,Fungi,Agaricales,Hydnangiaceae,None,nan
Redwood National Park,Fungi,Agaricales,Hydnangiaceae,None,nan
Redwood National Park,Fungi,Agaricales,Hydnangiaceae,None,nan
Redwood National Park,Fungi,Agaricales,Hydnangiaceae,None,nan
Redwood National Park,Fungi,Agaricales,Hydnangiaceae,None,nan
Redwood National Park,Fungi,Agaricales,Marasmiaceae,None,nan
Redwood National Park,Fungi,Agaricales,Marasmiaceae,None,nan
Redwood National Park,Fungi,Agaricales,Marasmiaceae,None,nan
Redwood National Park,Fungi,Agaricales,Marasmiaceae,None,nan
Redwood National Park,Fungi,Agaricales,Marasmiaceae,None,nan
Redwood National Park,Fungi,Agaricales,Marasmiaceae,None,nan
Redwood National Park,Fungi,Agaricales,Marasmiaceae,None,nan
Redwood National Park,Fungi,Agaricales,Marasmiaceae,None,nan
Redwood National Park,Fungi,Agaricales,Marasmiaceae,None,nan
Redwood National Park,Fungi,Agaricales,Marasmiaceae,None,nan
Redwood National Park,Fungi,Agaricales,Marasmiaceae,None,nan
Redwood National Park,Fungi,Agaricales,Marasmiaceae,None,nan
Redwood National Park,Fungi,Agaricales,Marasmiaceae,None,nan
Redwood National Park,Fungi,Agaricales,Marasmiaceae,None,nan
Redwood National Park,Fungi,Agaricales,Marasmiaceae,None,nan
Redwood National Park,Fungi,Agaricales,Marasmiaceae,None,nan
Redwood National Park,Fungi,Agaricales,Marasmiaceae,None,nan
Redwood National Park,Fungi,Agaricales,Marasmiaceae,None,nan
Redwood National Park,Fungi,Agaricales,Marasmiaceae,None,nan
Redwood National Park,Fungi,Agaricales,Marasmiaceae,None,nan
Redwood National Park,Fungi,Agaricales,Marasmiaceae,None,nan
Redwood National Park,Fungi,Agaricales,Nidulariaceae,None,nan
Redwood National Park,Fungi,Agaricales,Nidulariaceae,None,nan
Redwood National Park,Fungi,Agaricales,Nidulariaceae,None,nan
Redwood National Park,Fungi,Agaricales,Nidulariaceae,None,nan
Redwood National Park,Fungi,Agaricales,Pleurotaceae,None,nan
Redwood National Park,Fungi,Agaricales,Pluteaceae,None,nan
Redwood National Park,Fungi,Agaricales,Pluteaceae,None,nan
Redwood National Park,Fungi,Agaricales,Pluteaceae,None,nan
Redwood National Park,Fungi,Agaricales,Pluteaceae,None,nan
Redwood National Park,Fungi,Agaricales,Pluteaceae,None,nan
Redwood National Park,Fungi,Agaricales,Pluteaceae,None,nan
Redwood National Park,Fungi,Agaricales,Pluteaceae,None,nan
Redwood National Park,Fungi,Agaricales,Pluteaceae,None,nan
Redwood National Park,Fungi,Agaricales,Schizophyllaceae,None,nan
Redwood National Park,Fungi,Agaricales,Schizophyllaceae,None,nan
Redwood National Park,Fungi,Agaricales,Strophariaceae,None,nan
Redwood National Park,Fungi,Agaricales,Strophariaceae,None,nan
Redwood National Park,Fungi,Agaricales,Strophariaceae,None,nan
Redwood National Park,Fungi,Agaricales,Strophariaceae,None,nan
Redwood National Park,Fungi,Agaricales,Strophariaceae,None,nan
Redwood National Park,Fungi,Agaricales,Strophariaceae,None,nan
Redwood National Park,Fungi,Agaricales,Strophariaceae,None,nan
Redwood National Park,Fungi,Agaricales,Strophariaceae,None,nan
Redwood National Park,Fungi,Agaricales,Strophariaceae,None,nan
Redwood National Park,Fungi,Agaricales,Strophariaceae,None,nan
Redwood National Park,Fungi,Agaricales,Strophariaceae,None,nan
Redwood National Park,Fungi,Agaricales,Strophariaceae,None,nan
Redwood National Park,Fungi,Agaricales,Strophariaceae,None,nan
Redwood National Park,Fungi,Agaricales,Strophariaceae,None,nan
Redwood National Park,Fungi,Agaricales,Strophariaceae,None,nan
Redwood National Park,Fungi,Agaricales,Strophariaceae,None,nan
Redwood National Park,Fungi,Agaricales,Strophariaceae,None,nan
Redwood National Park,Fungi,Agaricales,Strophariaceae,None,nan
Redwood National Park,Fungi,Agaricales,Strophariaceae,None,nan
Redwood National Park,Fungi,Agaricales,Strophariaceae,None,nan
Redwood National Park,Fungi,Agaricales,Strophariaceae,None,nan
Redwood National Park,Fungi,Agaricales,Strophariaceae,None,nan
Redwood National Park,Fungi,Agaricales,Strophariaceae,None,nan
Redwood National Park,Fungi,Agaricales,Strophariaceae,None,nan
Redwood National Park,Fungi,Agaricales,Strophariaceae,None,nan
Redwood National Park,Fungi,Agaricales,Strophariaceae,None,nan
Redwood National Park,Fungi,Agaricales,Strophariaceae,None,nan
Redwood National Park,Fungi,Agaricales,Tricholomataceae,None,nan
Redwood National Park,Fungi,Agaricales,Tricholomataceae,None,nan
Redwood National Park,Fungi,Agaricales,Tricholomataceae,None,nan
Redwood National Park,Fungi,Agaricales,Tricholomataceae,None,nan
Redwood National Park,Fungi,Agaricales,Tricholomataceae,None,nan
Redwood National Park,Fungi,Agaricales,Tricholomataceae,None,nan
Redwood National Park,Fungi,Agaricales,Tricholomataceae,None,nan
Redwood National Park,Fungi,Agaricales,Tricholomataceae,None,nan
Redwood National Park,Fungi,Agaricales,Tricholomataceae,None,nan
Redwood National Park,Fungi,Agaricales,Tricholomataceae,None,nan
Redwood National Park,Fungi,Agaricales,Tricholomataceae,None,nan
Redwood National Park,Fungi,Agaricales,Tricholomataceae,None,nan
Redwood National Park,Fungi,Agaricales,Tricholomataceae,None,nan
Redwood National Park,Fungi,Agaricales,Tricholomataceae,None,nan
Redwood National Park,Fungi,Agaricales,Tricholomataceae,None,nan
Redwood National Park,Fungi,Agaricales,Tricholomataceae,None,nan
Redwood National Park,Fungi,Agaricales,Tricholomataceae,None,nan
Redwood National Park,Fungi,Agaricales,Tricholomataceae,"Clouded Funnel Cap, Gray Govorushka",nan
Redwood National Park,Fungi,Agaricales,Tricholomataceae,None,nan
Redwood National Park,Fungi,Agaricales,Tricholomataceae,None,nan
Redwood National Park,Fungi,Agaricales,Tricholomataceae,None,nan
Redwood National Park,Fungi,Agaricales,Tricholomataceae,None,nan
Redwood National Park,Fungi,Agaricales,Tricholomataceae,None,nan
Redwood National Park,Fungi,Agaricales,Tricholomataceae,None,nan
Redwood National Park,Fungi,Agaricales,Tricholomataceae,None,nan
Redwood National Park,Fungi,Agaricales,Tricholomataceae,None,nan
Redwood National Park,Fungi,Agaricales,Tricholomataceae,None,nan
Redwood National Park,Fungi,Agaricales,Tricholomataceae,None,nan
Redwood National Park,Fungi,Agaricales,Tricholomataceae,None,nan
Redwood National Park,Fungi,Agaricales,Tricholomataceae,None,nan
Redwood National Park,Fungi,Agaricales,Tricholomataceae,None,nan
Redwood National Park,Fungi,Agaricales,Tricholomataceae,None,nan
Redwood National Park,Fungi,Agaricales,Tricholomataceae,None,nan
Redwood National Park,Fungi,Agaricales,Tricholomataceae,None,nan
Redwood National Park,Fungi,Agaricales,Tricholomataceae,None,nan
Redwood National Park,Fungi,Agaricales,Tricholomataceae,None,nan
Redwood National Park,Fungi,Agaricales,Tricholomataceae,None,nan
Redwood National Park,Fungi,Agaricales,Tricholomataceae,None,nan
Redwood National Park,Fungi,Agaricales,Tricholomataceae,None,nan
Redwood National Park,Fungi,Agaricales,Tricholomataceae,None,nan
Redwood National Park,Fungi,Agaricales,Tricholomataceae,None,nan
Redwood National Park,Fungi,Agaricales,Tricholomataceae,None,nan
Redwood National Park,Fungi,Agaricales,Tricholomataceae,None,nan
Redwood National Park,Fungi,Agaricales,Tricholomataceae,None,nan
Redwood National Park,Fungi,Agaricales,Tricholomataceae,None,nan
Redwood National Park,Fungi,Agaricales,Tricholomataceae,None,nan
Redwood National Park,Fungi,Agaricales,Tricholomataceae,None,nan
Redwood National Park,Fungi,Agaricales,Tricholomataceae,None,nan
Redwood National Park,Fungi,Agaricales,Tricholomataceae,None,nan
Redwood National Park,Fungi,Agaricales,Tricholomataceae,None,nan
Redwood National Park,Fungi,Agaricales,Tricholomataceae,None,nan
Redwood National Park,Fungi,Agaricales,Tricholomataceae,None,nan
Redwood National Park,Fungi,Agaricales,Tricholomataceae,None,nan
Redwood National Park,Fungi,Agaricales,Tricholomataceae,None,nan
Redwood National Park,Fungi,Agaricales,Tricholomataceae,None,nan
Redwood National Park,Fungi,Agaricales,Tricholomataceae,None,nan
Redwood National Park,Fungi,Agaricales,Tricholomataceae,None,nan
Redwood National Park,Fungi,Agaricales,Tricholomataceae,None,nan
Redwood National Park,Fungi,Agaricales,Tricholomataceae,None,nan
Redwood National Park,Fungi,Agaricales,Tricholomataceae,None,nan
Redwood National Park,Fungi,Agaricales,Tricholomataceae,None,nan
Redwood National Park,Fungi,Agaricales,Tricholomataceae,None,nan
Redwood National Park,Fungi,Agaricales,Tricholomataceae,None,nan
Redwood National Park,Fungi,Agaricales,Tricholomataceae,None,nan
Redwood National Park,Fungi,Agaricales,Tricholomataceae,None,nan
Redwood National Park,Fungi,Agaricales,Tricholomataceae,None,nan
Redwood National Park,Fungi,Agaricales,Tricholomataceae,None,nan
Redwood National Park,Fungi,Agaricales,Tricholomataceae,None,nan
Redwood National Park,Fungi,Agaricales,Tricholomataceae,None,nan
Redwood National Park,Fungi,Agaricales,Tricholomataceae,None,nan
Redwood National Park,Fungi,Agaricales,Tricholomataceae,None,nan
Redwood National Park,Fungi,Agaricales,Tricholomataceae,None,nan
Redwood National Park,Fungi,Agaricales,Tricholomataceae,None,nan
Redwood National Park,Fungi,Agaricales,Tricholomataceae,None,nan
Redwood National Park,Fungi,Agaricales,Tricholomataceae,None,nan
Redwood National Park,Fungi,Agaricales,Tricholomataceae,None,nan
Redwood National Park,Fungi,Agaricales,Tricholomataceae,None,nan
Redwood National Park,Fungi,Agaricales,Tricholomataceae,None,nan
Redwood National Park,Fungi,Agaricales,Tricholomataceae,None,nan
Redwood National Park,Fungi,Agaricales,Tricholomataceae,None,nan
Redwood National Park,Fungi,Agaricales,Tricholomataceae,None,nan
Redwood National Park,Fungi,Agaricales,Tricholomataceae,None,nan
Redwood National Park,Fungi,Agaricales,Tricholomataceae,None,nan
Redwood National Park,Fungi,Agaricales,Tricholomataceae,None,nan
Redwood National Park,Fungi,Agaricales,Tricholomataceae,None,nan
Redwood National Park,Fungi,Agaricales,Tricholomataceae,None,nan
Redwood National Park,Fungi,Agaricales,Tricholomataceae,None,nan
Redwood National Park,Fungi,Agaricales,Tricholomataceae,None,nan
Redwood National Park,Fungi,Agaricales,Tricholomataceae,None,nan
Redwood National Park,Fungi,Agaricales,Tricholomataceae,None,nan
Redwood National Park,Fungi,Agaricales,Tricholomataceae,None,nan
Redwood National Park,Fungi,Agaricales,Tricholomataceae,None,nan
Redwood National Park,Fungi,Agaricales,Tricholomataceae,None,nan
Redwood National Park,Fungi,Agaricales,Tricholomataceae,None,nan
Redwood National Park,Fungi,Agaricales,Tricholomataceae,None,nan
Redwood National Park,Fungi,Agaricales,Tricholomataceae,None,nan
Redwood National Park,Fungi,Agaricales,Tricholomataceae,None,nan
Redwood National Park,Fungi,Agaricales,Tricholomataceae,None,nan
Redwood National Park,Fungi,Agaricales,Tricholomataceae,None,nan
Redwood National Park,Fungi,Agaricales,Tricholomataceae,None,nan
Redwood National Park,Fungi,Agaricales,Tricholomataceae,None,nan
Redwood National Park,Fungi,Agaricales,Tricholomataceae,None,nan
Redwood National Park,Fungi,Agaricales,Tricholomataceae,None,nan
Redwood National Park,Fungi,Agaricales,Tricholomataceae,None,nan
Redwood National Park,Fungi,Agaricales,Tricholomataceae,None,nan
Redwood National Park,Fungi,Agaricales,Tricholomataceae,None,nan
Redwood National Park,Fungi,Agaricales,Tricholomataceae,None,nan
Redwood National Park,Fungi,Agaricales,Tricholomataceae,None,nan
Redwood National Park,Fungi,Agaricales,Tricholomataceae,None,nan
Redwood National Park,Fungi,Agaricales,Tricholomataceae,None,nan
Redwood National Park,Fungi,Agaricales,Tricholomataceae,None,nan
Redwood National Park,Fungi,Agaricales,Tricholomataceae,None,nan
Redwood National Park,Fungi,Agaricales,Tricholomataceae,None,nan
Redwood National Park,Fungi,Agaricales,Tricholomataceae,None,nan
Redwood National Park,Fungi,Agaricales,Tricholomataceae,None,nan
Redwood National Park,Fungi,Agaricales,Tricholomataceae,None,nan
Redwood National Park,Fungi,Agaricales,Tricholomataceae,None,nan
Redwood National Park,Fungi,Agaricales,Tricholomataceae,None,nan
Redwood National Park,Fungi,Agaricales,Tricholomataceae,None,nan
Redwood National Park,Fungi,Agaricales,Tricholomataceae,None,nan
Redwood National Park,Fungi,Agaricales,Tricholomataceae,None,nan
Redwood National Park,Fungi,Agaricales,Tricholomataceae,None,nan
Redwood National Park,Fungi,Agaricales,Tricholomataceae,None,nan
Redwood National Park,Fungi,Agaricales,Tricholomataceae,None,nan
Redwood National Park,Fungi,Agaricales,Tricholomataceae,None,nan
Redwood National Park,Fungi,Agaricales,Tricholomataceae,None,nan
Redwood National Park,Fungi,Agaricales,Tricholomataceae,None,nan
Redwood National Park,Fungi,Agaricales,Tricholomataceae,None,nan
Redwood National Park,Fungi,Agaricales,Tricholomataceae,None,nan
Redwood National Park,Fungi,Agaricales,Tricholomataceae,None,nan
Redwood National Park,Fungi,Agaricales,Tricholomataceae,None,nan
Redwood National Park,Fungi,Agaricales,Tricholomataceae,None,nan
Redwood National Park,Fungi,Agaricales,Tricholomataceae,None,nan
Redwood National Park,Fungi,Agaricales,Tricholomataceae,None,nan
Redwood National Park,Fungi,Agaricales,Tricholomataceae,None,nan
Redwood National Park,Fungi,Agaricales,Tricholomataceae,None,nan
Redwood National Park,Fungi,Agaricales,Tricholomataceae,None,nan
Redwood National Park,Fungi,Agaricales,Tricholomataceae,None,nan
Redwood National Park,Fungi,Agaricales,Tricholomataceae,None,nan
Redwood National Park,Fungi,Agaricales,Tricholomataceae,None,nan
Redwood National Park,Fungi,Agaricales,Tricholomataceae,None,nan
Redwood National Park,Fungi,Agaricales,Tricholomataceae,None,nan
Redwood National Park,Fungi,Agaricales,Tricholomataceae,None,nan
Redwood National Park,Fungi,Agaricales,Tricholomataceae,None,nan
Redwood National Park,Fungi,Agaricales,Tricholomataceae,None,nan
Redwood National Park,Fungi,Agaricales,Tricholomataceae,None,nan
Redwood National Park,Fungi,Agaricales,Tricholomataceae,None,nan
Redwood National Park,Fungi,Agaricales,Tricholomataceae,None,nan
Redwood National Park,Fungi,Agaricales,Tricholomataceae,None,nan
Redwood National Park,Fungi,Agaricales,Tricholomataceae,None,nan
Redwood National Park,Fungi,Agaricales,Tricholomataceae,None,nan
Redwood National Park,Fungi,Agaricales,Tricholomataceae,None,nan
Redwood National Park,Fungi,Agaricales,Tricholomataceae,None,nan
Redwood National Park,Fungi,Agaricales,Tricholomataceae,None,nan
Redwood National Park,Fungi,Agaricales,Tricholomataceae,None,nan
Redwood National Park,Fungi,Agaricales,Tricholomataceae,None,nan
Redwood National Park,Fungi,Agaricales,Tricholomataceae,None,nan
Redwood National Park,Fungi,Agaricales,Tricholomataceae,None,nan
Redwood National Park,Fungi,Agaricales,Tricholomataceae,None,nan
Redwood National Park,Fungi,Agaricales,Tricholomataceae,None,nan
Redwood National Park,Fungi,Agaricales,Tricholomataceae,None,nan
Redwood National Park,Fungi,Agaricales,Tricholomataceae,None,nan
Redwood National Park,Fungi,Agaricales,Tricholomataceae,None,nan
Redwood National Park,Fungi,Agaricales,Tricholomataceae,None,nan
Redwood National Park,Fungi,Agaricales,Tricholomataceae,None,nan
Redwood National Park,Fungi,Agaricales,Tricholomataceae,None,nan
Redwood National Park,Fungi,Agaricales,Tricholomataceae,None,nan
Redwood National Park,Fungi,Agaricales,Tricholomataceae,None,nan
Redwood National Park,Fungi,Agaricales,Tricholomataceae,None,nan
Redwood National Park,Fungi,Agaricales,Tricholomataceae,Omphalina,nan
Redwood National Park,Fungi,Agaricales,Tricholomataceae,None,nan
Redwood National Park,Fungi,Agaricales,Tricholomataceae,None,nan
Redwood National Park,Fungi,Agaricales,Tricholomataceae,None,nan
Redwood National Park,Fungi,Agaricales,Tricholomataceae,None,nan
Redwood National Park,Fungi,Agaricales,Tricholomataceae,None,nan
Redwood National Park,Fungi,Agaricales,Tricholomataceae,None,nan
Redwood National Park,Fungi,Agaricales,Tricholomataceae,None,nan
Redwood National Park,Fungi,Agaricales,Tricholomataceae,None,nan
Redwood National Park,Fungi,Agaricales,Tricholomataceae,None,nan
Redwood National Park,Fungi,Agaricales,Tricholomataceae,None,nan
Redwood National Park,Fungi,Agaricales,Tricholomataceae,None,nan
Redwood National Park,Fungi,Agaricales,Tricholomataceae,None,nan
Redwood National Park,Fungi,Agaricales,Tricholomataceae,None,nan
Redwood National Park,Fungi,Agaricales,Tricholomataceae,None,nan
Redwood National Park,Fungi,Agaricales,Tricholomataceae,None,nan
Redwood National Park,Fungi,Agaricales,Tricholomataceae,None,nan
Redwood National Park,Fungi,Agaricales,Tricholomataceae,None,nan
Redwood National Park,Fungi,Agaricales,Tricholomataceae,None,nan
Redwood National Park,Fungi,Agaricales,Tricholomataceae,None,nan
Redwood National Park,Fungi,Agaricales,Tricholomataceae,None,nan
Redwood National Park,Fungi,Agaricales,Tricholomataceae,None,nan
Redwood National Park,Fungi,Agaricales,Tricholomataceae,None,nan
Redwood National Park,Fungi,Agaricales,Tricholomataceae,None,nan
Redwood National Park,Fungi,Agaricales,Tricholomataceae,None,nan
Redwood National Park,Fungi,Agaricales,Tricholomataceae,None,nan
Redwood National Park,Fungi,Agaricales,Tricholomataceae,None,nan
Redwood National Park,Fungi,Agaricales,Tricholomataceae,None,nan
Redwood National Park,Fungi,Agaricales,Tricholomataceae,None,nan
Redwood National Park,Fungi,Agaricales,Tricholomataceae,None,nan
Redwood National Park,Fungi,Agaricales,Tricholomataceae,None,nan
Redwood National Park,Fungi,Agaricales,Tricholomataceae,None,nan
Redwood National Park,Fungi,Agaricales,Tricholomataceae,None,nan
Redwood National Park,Fungi,Agaricales,Tricholomataceae,None,nan
Redwood National Park,Fungi,Agaricales,Tricholomataceae,None,nan
Redwood National Park,Fungi,Agaricales,Tricholomataceae,None,nan
Redwood National Park,Fungi,Agaricales,Tricholomataceae,None,nan
Redwood National Park,Fungi,Agaricales,Tricholomataceae,None,nan
Redwood National Park,Fungi,Agaricales,Tricholomataceae,None,nan
Redwood National Park,Fungi,Agaricales,Tricholomataceae,None,nan
Redwood National Park,Fungi,Agaricales,Tricholomataceae,None,nan
Redwood National Park,Fungi,Agaricales,Tricholomataceae,None,nan
Redwood National Park,Fungi,Agaricales,Tricholomataceae,None,nan
Redwood National Park,Fungi,Agaricales,Tricholomataceae,None,nan
Redwood National Park,Fungi,Agaricales,Tricholomataceae,None,nan
Redwood National Park,Fungi,Agaricales,Tricholomataceae,None,nan
Redwood National Park,Fungi,Agaricales,Tricholomataceae,None,nan
Redwood National Park,Fungi,Agaricales,Tricholomataceae,None,nan
Redwood National Park,Fungi,Agaricales,Tricholomataceae,None,nan
Redwood National Park,Fungi,Agaricales,Tricholomataceae,None,nan
Redwood National Park,Fungi,Agyriales,Agyriaceae,None,nan
Redwood National Park,Fungi,Arthoniales,Roccellaceae,Scribble Lichen,nan
Redwood National Park,Fungi,Boletales,Boletaceae,None,nan
Redwood National Park,Fungi,Boletales,Boletaceae,None,nan
Redwood National Park,Fungi,Boletales,Boletaceae,None,nan
Redwood National Park,Fungi,Boletales,Boletaceae,None,nan
Redwood National Park,Fungi,Boletales,Boletaceae,"CPe, King Bolete, Porcini, Steinpilz",nan
Redwood National Park,Fungi,Boletales,Boletaceae,None,nan
Redwood National Park,Fungi,Boletales,Boletaceae,None,nan
Redwood National Park,Fungi,Boletales,Boletaceae,None,nan
Redwood National Park,Fungi,Boletales,Boletaceae,None,nan
Redwood National Park,Fungi,Boletales,Boletaceae,None,nan
Redwood National Park,Fungi,Boletales,Boletaceae,None,nan
Redwood National Park,Fungi,Boletales,Boletaceae,None,nan
Redwood National Park,Fungi,Boletales,Boletaceae,None,nan
Redwood National Park,Fungi,Boletales,Boletaceae,None,nan
Redwood National Park,Fungi,Boletales,Boletaceae,None,nan
Redwood National Park,Fungi,Boletales,Boletaceae,None,nan
Redwood National Park,Fungi,Boletales,Boletaceae,None,nan
Redwood National Park,Fungi,Boletales,Boletaceae,None,nan
Redwood National Park,Fungi,Boletales,Boletaceae,None,nan
Redwood National Park,Fungi,Boletales,Boletaceae,None,nan
Redwood National Park,Fungi,Boletales,Boletaceae,None,nan
Redwood National Park,Fungi,Boletales,Boletaceae,None,nan
Redwood National Park,Fungi,Boletales,Boletaceae,None,nan
Redwood National Park,Fungi,Boletales,Boletaceae,None,nan
Redwood National Park,Fungi,Boletales,Boletaceae,None,nan
Redwood National Park,Fungi,Boletales,Coniophoraceae,None,nan
Redwood National Park,Fungi,Boletales,Gomphidiaceae,None,nan
Redwood National Park,Fungi,Boletales,Gomphidiaceae,None,nan
Redwood National Park,Fungi,Boletales,Gomphidiaceae,None,nan
Redwood National Park,Fungi,Boletales,Gomphidiaceae,None,nan
Redwood National Park,Fungi,Boletales,Gomphidiaceae,None,nan
Redwood National Park,Fungi,Boletales,Gomphidiaceae,None,nan
Redwood National Park,Fungi,Boletales,Gomphidiaceae,None,nan
Redwood National Park,Fungi,Boletales,Hygrophoropsidaceae,None,nan
Redwood National Park,Fungi,Boletales,Hygrophoropsidaceae,None,nan
Redwood National Park,Fungi,Boletales,Paxillaceae,None,nan
Redwood National Park,Fungi,Boletales,Paxillaceae,None,nan
Redwood National Park,Fungi,Boletales,Paxillaceae,None,nan
Redwood National Park,Fungi,Boletales,Paxillaceae,None,nan
Redwood National Park,Fungi,Boletales,Rhizopogonaceae,None,nan
Redwood National Park,Fungi,Boletales,Suillaceae,None,nan
Redwood National Park,Fungi,Boletales,Suillaceae,None,nan
Redwood National Park,Fungi,Boletales,Suillaceae,None,nan
Redwood National Park,Fungi,Boletales,Suillaceae,None,nan
Redwood National Park,Fungi,Boletales,Suillaceae,None,nan
Redwood National Park,Fungi,Boletales,Suillaceae,None,nan
Redwood National Park,Fungi,Boletales,Suillaceae,None,nan
Redwood National Park,Fungi,Boletales,Suillaceae,None,nan
Redwood National Park,Fungi,Boletales,Suillaceae,None,nan
Redwood National Park,Fungi,Boletales,Suillaceae,None,nan
Redwood National Park,Fungi,Botryosphaeriales,Botryosphaeriaceae,None,nan
Redwood National Park,Fungi,Candelariales,Candelariaceae,None,nan
Redwood National Park,Fungi,Cantharellales,Cantharellaceae,None,nan
Redwood National Park,Fungi,Cantharellales,Cantharellaceae,None,nan
Redwood National Park,Fungi,Cantharellales,Cantharellaceae,None,nan
Redwood National Park,Fungi,Cantharellales,Cantharellaceae,None,nan
Redwood National Park,Fungi,Cantharellales,Cantharellaceae,None,nan
Redwood National Park,Fungi,Cantharellales,Cantharellaceae,None,nan
Redwood National Park,Fungi,Cantharellales,Hydnaceae,None,nan
Redwood National Park,Fungi,Cantharellales,Hydnaceae,None,nan
Redwood National Park,Fungi,Cantharellales,Hydnaceae,None,nan
Redwood National Park,Fungi,Cantharellales,Hydnaceae,None,nan
Redwood National Park,Fungi,Cantharellales,Hydnaceae,None,nan
Redwood National Park,Fungi,Cantharellales,Hydnaceae,None,nan
Redwood National Park,Fungi,Cantharellales,Hydnaceae,None,nan
Redwood National Park,Fungi,Capnodiales,Mycosphaerellaceae,None,nan
Redwood National Park,Fungi,Cortinariales,Crepidotaceae,None,nan
Redwood National Park,Fungi,Cortinariales,Crepidotaceae,None,nan
Redwood National Park,Fungi,Dacrymycetales,Dacrymycetaceae,None,nan
Redwood National Park,Fungi,Dacrymycetales,Dacrymycetaceae,None,nan
Redwood National Park,Fungi,Endogonales,Endogonaceae,None,nan
Redwood National Park,Fungi,Endogonales,Endogonaceae,None,nan
Redwood National Park,Fungi,Endogonales,Endogonaceae,None,nan
Redwood National Park,Fungi,Endogonales,Endogonaceae,None,nan
Redwood National Park,Fungi,Endogonales,Endogonaceae,None,nan
Redwood National Park,Fungi,Endogonales,Endogonaceae,None,nan
Redwood National Park,Fungi,Erysiphales,Erysiphaceae,None,nan
Redwood National Park,Fungi,Eurotiales,Elaphomycetaceae,None,nan
Redwood National Park,Fungi,Eurotiales,Elaphomycetaceae,None,nan
Redwood National Park,Fungi,Geoglossales,Geoglossaceae,None,nan
Redwood National Park,Fungi,Geoglossales,Geoglossaceae,None,nan
Redwood National Park,Fungi,Geoglossales,Geoglossaceae,None,nan
Redwood National Park,Fungi,Geoglossales,Geoglossaceae,None,nan
Redwood National Park,Fungi,Geoglossales,Geoglossaceae,None,nan
Redwood National Park,Fungi,Helotiales,Dermateaceae,None,nan
Redwood National Park,Fungi,Helotiales,Dermateaceae,None,nan
Redwood National Park,Fungi,Helotiales,Helotiaceae,None,nan
Redwood National Park,Fungi,Helotiales,Helotiaceae,None,nan
Redwood National Park,Fungi,Helotiales,Hyaloscyphaceae,None,nan
Redwood National Park,Fungi,Helotiales,Sclerotiniaceae,None,nan
Redwood National Park,Fungi,Helotiales,Sclerotiniaceae,None,nan
Redwood National Park,Fungi,Hymenochaetales,Hymenochaetaceae,None,nan
Redwood National Park,Fungi,Hymenochaetales,Hymenochaetaceae,None,nan
Redwood National Park,Fungi,Hymenochaetales,Hymenochaetaceae,None,nan
Redwood National Park,Fungi,Hymenochaetales,Hymenochaetaceae,None,nan
Redwood National Park,Fungi,Hypocreales,Hypocreaceae,None,nan
Redwood National Park,Fungi,Hypocreales,Hypocreaceae,None,nan
Redwood National Park,Fungi,Hypocreales,Hypocreaceae,None,nan
Redwood National Park,Fungi,Hypocreales,Hypocreaceae,None,nan
Redwood National Park,Fungi,Lecanorales,nan,None,nan
Redwood National Park,Fungi,Lecanorales,nan,None,nan
Redwood National Park,Fungi,Lecanorales,nan,None,nan
Redwood National Park,Fungi,Lecanorales,Cladoniaceae,None,nan
Redwood National Park,Fungi,Lecanorales,Cladoniaceae,None,nan
Redwood National Park,Fungi,Lecanorales,Cladoniaceae,None,nan
Redwood National Park,Fungi,Lecanorales,Cladoniaceae,None,nan
Redwood National Park,Fungi,Lecanorales,Cladoniaceae,None,nan
Redwood National Park,Fungi,Lecanorales,Cladoniaceae,None,nan
Redwood National Park,Fungi,Lecanorales,Cladoniaceae,None,nan
Redwood National Park,Fungi,Lecanorales,Cladoniaceae,None,nan
Redwood National Park,Fungi,Lecanorales,Cladoniaceae,None,nan
Redwood National Park,Fungi,Lecanorales,Cladoniaceae,None,nan
Redwood National Park,Fungi,Lecanorales,Cladoniaceae,None,nan
Redwood National Park,Fungi,Lecanorales,Cladoniaceae,None,nan
Redwood National Park,Fungi,Lecanorales,Cladoniaceae,None,nan
Redwood National Park,Fungi,Lecanorales,Cladoniaceae,None,nan
Redwood National Park,Fungi,Lecanorales,Cladoniaceae,None,nan
Redwood National Park,Fungi,Lecanorales,Cladoniaceae,None,nan
Redwood National Park,Fungi,Lecanorales,Cladoniaceae,None,nan
Redwood National Park,Fungi,Lecanorales,Cladoniaceae,None,nan
Redwood National Park,Fungi,Lecanorales,Cladoniaceae,None,nan
Redwood National Park,Fungi,Lecanorales,Cladoniaceae,None,nan
Redwood National Park,Fungi,Lecanorales,Cladoniaceae,None,nan
Redwood National Park,Fungi,Lecanorales,Crocyniaceae,None,nan
Redwood National Park,Fungi,Lecanorales,Lecanoraceae,None,nan
Redwood National Park,Fungi,Lecanorales,Lecanoraceae,None,nan
Redwood National Park,Fungi,Lecanorales,Lecanoraceae,None,nan
Redwood National Park,Fungi,Lecanorales,Lecanoraceae,None,nan
Redwood National Park,Fungi,Lecanorales,Mycoblastaceae,None,nan
Redwood National Park,Fungi,Lecanorales,Mycoblastaceae,None,nan
Redwood National Park,Fungi,Lecanorales,Mycoblastaceae,None,nan
Redwood National Park,Fungi,Lecanorales,Parmeliaceae,None,nan
Redwood National Park,Fungi,Lecanorales,Parmeliaceae,None,nan
Redwood National Park,Fungi,Lecanorales,Parmeliaceae,None,nan
Redwood National Park,Fungi,Lecanorales,Parmeliaceae,Imshaug's Witch's Hair Lichen,nan
Redwood National Park,Fungi,Lecanorales,Parmeliaceae,None,nan
Redwood National Park,Fungi,Lecanorales,Parmeliaceae,Witch's Hair Lichen,nan
Redwood National Park,Fungi,Lecanorales,Parmeliaceae,Vancouver Witch's Hair Lichen,nan
Redwood National Park,Fungi,Lecanorales,Parmeliaceae,None,nan
Redwood National Park,Fungi,Lecanorales,Parmeliaceae,None,nan
Redwood National Park,Fungi,Lecanorales,Parmeliaceae,None,nan
Redwood National Park,Fungi,Lecanorales,Parmeliaceae,None,nan
Redwood National Park,Fungi,Lecanorales,Parmeliaceae,None,nan
Redwood National Park,Fungi,Lecanorales,Parmeliaceae,None,nan
Redwood National Park,Fungi,Lecanorales,Parmeliaceae,None,nan
Redwood National Park,Fungi,Lecanorales,Parmeliaceae,None,nan
Redwood National Park,Fungi,Lecanorales,Parmeliaceae,None,nan
Redwood National Park,Fungi,Lecanorales,Parmeliaceae,None,nan
Redwood National Park,Fungi,Lecanorales,Parmeliaceae,None,nan
Redwood National Park,Fungi,Lecanorales,Parmeliaceae,None,nan
Redwood National Park,Fungi,Lecanorales,Parmeliaceae,None,nan
Redwood National Park,Fungi,Lecanorales,Parmeliaceae,None,nan
Redwood National Park,Fungi,Lecanorales,Parmeliaceae,American Horsehair Lichen,nan
Redwood National Park,Fungi,Lecanorales,Parmeliaceae,None,nan
Redwood National Park,Fungi,Lecanorales,Parmeliaceae,None,nan
Redwood National Park,Fungi,Lecanorales,Parmeliaceae,None,nan
Redwood National Park,Fungi,Lecanorales,Parmeliaceae,None,nan
Redwood National Park,Fungi,Lecanorales,Parmeliaceae,None,nan
Redwood National Park,Fungi,Lecanorales,Parmeliaceae,None,nan
Redwood National Park,Fungi,Lecanorales,Parmeliaceae,None,nan
Redwood National Park,Fungi,Lecanorales,Parmeliaceae,None,nan
Redwood National Park,Fungi,Lecanorales,Parmeliaceae,None,nan
Redwood National Park,Fungi,Lecanorales,Parmeliaceae,None,nan
Redwood National Park,Fungi,Lecanorales,Parmeliaceae,None,nan
Redwood National Park,Fungi,Lecanorales,Parmeliaceae,None,nan
Redwood National Park,Fungi,Lecanorales,Parmeliaceae,None,nan
Redwood National Park,Fungi,Lecanorales,Parmeliaceae,None,nan
Redwood National Park,Fungi,Lecanorales,Parmeliaceae,None,nan
Redwood National Park,Fungi,Lecanorales,Parmeliaceae,None,nan
Redwood National Park,Fungi,Lecanorales,Parmeliaceae,None,nan
Redwood National Park,Fungi,Lecanorales,Parmeliaceae,None,nan
Redwood National Park,Fungi,Lecanorales,Parmeliaceae,None,nan
Redwood National Park,Fungi,Lecanorales,Parmeliaceae,Tube Lichen,nan
Redwood National Park,Fungi,Lecanorales,Parmeliaceae,None,nan
Redwood National Park,Fungi,Lecanorales,Parmeliaceae,None,nan
Redwood National Park,Fungi,Lecanorales,Parmeliaceae,None,nan
Redwood National Park,Fungi,Lecanorales,Parmeliaceae,None,nan
Redwood National Park,Fungi,Lecanorales,Parmeliaceae,None,nan
Redwood National Park,Fungi,Lecanorales,Parmeliaceae,None,nan
Redwood National Park,Fungi,Lecanorales,Parmeliaceae,None,nan
Redwood National Park,Fungi,Lecanorales,Parmeliaceae,None,nan
Redwood National Park,Fungi,Lecanorales,Parmeliaceae,None,nan
Redwood National Park,Fungi,Lecanorales,Parmeliaceae,None,nan
Redwood National Park,Fungi,Lecanorales,Parmeliaceae,None,nan
Redwood National Park,Fungi,Lecanorales,Parmeliaceae,None,nan
Redwood National Park,Fungi,Lecanorales,Parmeliaceae,None,nan
Redwood National Park,Fungi,Lecanorales,Parmeliaceae,Melanelia,nan
Redwood National Park,Fungi,Lecanorales,Parmeliaceae,None,nan
Redwood National Park,Fungi,Lecanorales,Parmeliaceae,None,nan
Redwood National Park,Fungi,Lecanorales,Parmeliaceae,None,nan
Redwood National Park,Fungi,Lecanorales,Parmeliaceae,None,nan
Redwood National Park,Fungi,Lecanorales,Parmeliaceae,None,nan
Redwood National Park,Fungi,Lecanorales,Parmeliaceae,None,nan
Redwood National Park,Fungi,Lecanorales,Parmeliaceae,None,nan
Redwood National Park,Fungi,Lecanorales,Parmeliaceae,None,nan
Redwood National Park,Fungi,Lecanorales,Parmeliaceae,None,nan
Redwood National Park,Fungi,Lecanorales,Parmeliaceae,None,nan
Redwood National Park,Fungi,Lecanorales,Parmeliaceae,None,nan
Redwood National Park,Fungi,Lecanorales,Parmeliaceae,None,nan
Redwood National Park,Fungi,Lecanorales,Parmeliaceae,None,nan
Redwood National Park,Fungi,Lecanorales,Parmeliaceae,Shield Lichen,nan
Redwood National Park,Fungi,Lecanorales,Parmeliaceae,None,nan
Redwood National Park,Fungi,Lecanorales,Parmeliaceae,None,nan
Redwood National Park,Fungi,Lecanorales,Parmeliaceae,None,nan
Redwood National Park,Fungi,Lecanorales,Parmeliaceae,None,nan
Redwood National Park,Fungi,Lecanorales,Parmeliaceae,Parmotrema,nan
Redwood National Park,Fungi,Lecanorales,Parmeliaceae,None,nan
Redwood National Park,Fungi,Lecanorales,Parmeliaceae,None,nan
Redwood National Park,Fungi,Lecanorales,Parmeliaceae,None,nan
Redwood National Park,Fungi,Lecanorales,Parmeliaceae,None,nan
Redwood National Park,Fungi,Lecanorales,Parmeliaceae,None,nan
Redwood National Park,Fungi,Lecanorales,Parmeliaceae,None,nan
Redwood National Park,Fungi,Lecanorales,Parmeliaceae,None,nan
Redwood National Park,Fungi,Lecanorales,Parmeliaceae,None,nan
Redwood National Park,Fungi,Lecanorales,Parmeliaceae,None,nan
Redwood National Park,Fungi,Lecanorales,Parmeliaceae,None,nan
Redwood National Park,Fungi,Lecanorales,Parmeliaceae,None,nan
Redwood National Park,Fungi,Lecanorales,Parmeliaceae,None,nan
Redwood National Park,Fungi,Lecanorales,Parmeliaceae,None,nan
Redwood National Park,Fungi,Lecanorales,Parmeliaceae,None,nan
Redwood National Park,Fungi,Lecanorales,Parmeliaceae,None,nan
Redwood National Park,Fungi,Lecanorales,Parmeliaceae,None,nan
Redwood National Park,Fungi,Lecanorales,Parmeliaceae,None,nan
Redwood National Park,Fungi,Lecanorales,Parmeliaceae,None,nan
Redwood National Park,Fungi,Lecanorales,Parmeliaceae,None,nan
Redwood National Park,Fungi,Lecanorales,Parmeliaceae,None,nan
Redwood National Park,Fungi,Lecanorales,Parmeliaceae,None,nan
Redwood National Park,Fungi,Lecanorales,Parmeliaceae,None,nan
Redwood National Park,Fungi,Lecanorales,Parmeliaceae,None,nan
Redwood National Park,Fungi,Lecanorales,Parmeliaceae,None,nan
Redwood National Park,Fungi,Lecanorales,Parmeliaceae,None,nan
Redwood National Park,Fungi,Lecanorales,Parmeliaceae,None,nan
Redwood National Park,Fungi,Lecanorales,Parmeliaceae,None,nan
Redwood National Park,Fungi,Lecanorales,Parmeliaceae,None,nan
Redwood National Park,Fungi,Lecanorales,Parmeliaceae,None,nan
Redwood National Park,Fungi,Lecanorales,Parmeliaceae,None,nan
Redwood National Park,Fungi,Lecanorales,Parmeliaceae,None,nan
Redwood National Park,Fungi,Lecanorales,Parmeliaceae,None,nan
Redwood National Park,Fungi,Lecanorales,Parmeliaceae,None,nan
Redwood National Park,Fungi,Lecanorales,Parmeliaceae,None,nan
Redwood National Park,Fungi,Lecanorales,Parmeliaceae,None,nan
Redwood National Park,Fungi,Lecanorales,Parmeliaceae,None,nan
Redwood National Park,Fungi,Lecanorales,Parmeliaceae,None,nan
Redwood National Park,Fungi,Lecanorales,Parmeliaceae,None,nan
Redwood National Park,Fungi,Lecanorales,Parmeliaceae,None,nan
Redwood National Park,Fungi,Lecanorales,Parmeliaceae,None,nan
Redwood National Park,Fungi,Lecanorales,Parmeliaceae,None,nan
Redwood National Park,Fungi,Lecanorales,Parmeliaceae,None,nan
Redwood National Park,Fungi,Lecanorales,Parmeliaceae,Xanthoparmelia,nan
Redwood National Park,Fungi,Lecanorales,Psoraceae,None,nan
Redwood National Park,Fungi,Lecanorales,Ramalinaceae,None,nan
Redwood National Park,Fungi,Lecanorales,Ramalinaceae,None,nan
Redwood National Park,Fungi,Lecanorales,Ramalinaceae,None,nan
Redwood National Park,Fungi,Lecanorales,Ramalinaceae,None,nan
Redwood National Park,Fungi,Lecanorales,Ramalinaceae,None,nan
Redwood National Park,Fungi,Lecanorales,Ramalinaceae,None,nan
Redwood National Park,Fungi,Lecanorales,Ramalinaceae,None,nan
Redwood National Park,Fungi,Lecanorales,Ramalinaceae,None,nan
Redwood National Park,Fungi,Lecanorales,Ramalinaceae,None,nan
Redwood National Park,Fungi,Lecanorales,Ramalinaceae,None,nan
Redwood National Park,Fungi,Lecanorales,Ramalinaceae,None,nan
Redwood National Park,Fungi,Lecanorales,Ramalinaceae,None,nan
Redwood National Park,Fungi,Lecanorales,Sphaerophoraceae,None,nan
Redwood National Park,Fungi,Lecanorales,Sphaerophoraceae,Globe Ball Lichen,nan
Redwood National Park,Fungi,Lecanorales,Stereocaulaceae,None,nan
Redwood National Park,Fungi,Lecideales,Lecideaceae,None,nan
Redwood National Park,Fungi,Lecideales,Lecideaceae,None,nan
Redwood National Park,Fungi,Lecideales,Porpidiaceae,None,nan
Redwood National Park,Fungi,Leotiales,Leotiaceae,None,nan
Redwood National Park,Fungi,Leotiales,Leotiaceae,None,nan
Redwood National Park,Fungi,Liceales,Reticulariaceae,None,nan
Redwood National Park,Fungi,Lycoperdales,Lycoperdaceae,None,nan
Redwood National Park,Fungi,Lycoperdales,Lycoperdaceae,None,nan
Redwood National Park,Fungi,Lycoperdales,Lycoperdaceae,None,nan
Redwood National Park,Fungi,Lycoperdales,Lycoperdaceae,None,nan
Redwood National Park,Fungi,Ostropales,Graphidaceae,Script Lichen,nan
Redwood National Park,Fungi,Ostropales,Thelotremataceae,Barnacle Lichen,nan
Redwood National Park,Fungi,Peltigerales,Collemataceae,None,nan
Redwood National Park,Fungi,Peltigerales,Collemataceae,None,nan
Redwood National Park,Fungi,Peltigerales,Collemataceae,None,nan
Redwood National Park,Fungi,Peltigerales,Collemataceae,None,nan
Redwood National Park,Fungi,Peltigerales,Collemataceae,None,nan
Redwood National Park,Fungi,Peltigerales,Collemataceae,None,nan
Redwood National Park,Fungi,Peltigerales,Collemataceae,None,nan
Redwood National Park,Fungi,Peltigerales,Collemataceae,None,nan
Redwood National Park,Fungi,Peltigerales,Collemataceae,None,nan
Redwood National Park,Fungi,Peltigerales,Collemataceae,Skin Lichen,nan
Redwood National Park,Fungi,Peltigerales,Collemataceae,None,nan
Redwood National Park,Fungi,Peltigerales,Lobariaceae,None,nan
Redwood National Park,Fungi,Peltigerales,Lobariaceae,None,nan
Redwood National Park,Fungi,Peltigerales,Lobariaceae,None,nan
Redwood National Park,Fungi,Peltigerales,Lobariaceae,None,nan
Redwood National Park,Fungi,Peltigerales,Lobariaceae,None,nan
Redwood National Park,Fungi,Peltigerales,Lobariaceae,None,nan
Redwood National Park,Fungi,Peltigerales,Lobariaceae,None,nan
Redwood National Park,Fungi,Peltigerales,Lobariaceae,Lung Lichen,nan
Redwood National Park,Fungi,Peltigerales,Lobariaceae,None,nan
Redwood National Park,Fungi,Peltigerales,Lobariaceae,None,nan
Redwood National Park,Fungi,Peltigerales,Lobariaceae,None,nan
Redwood National Park,Fungi,Peltigerales,Lobariaceae,None,nan
Redwood National Park,Fungi,Peltigerales,Lobariaceae,None,nan
Redwood National Park,Fungi,Peltigerales,Lobariaceae,None,nan
Redwood National Park,Fungi,Peltigerales,Lobariaceae,None,nan
Redwood National Park,Fungi,Peltigerales,Lobariaceae,None,nan
Redwood National Park,Fungi,Peltigerales,Lobariaceae,None,nan
Redwood National Park,Fungi,Peltigerales,Lobariaceae,None,nan
Redwood National Park,Fungi,Peltigerales,Lobariaceae,None,nan
Redwood National Park,Fungi,Peltigerales,Nephromataceae,None,nan
Redwood National Park,Fungi,Peltigerales,Nephromataceae,None,nan
Redwood National Park,Fungi,Peltigerales,Nephromataceae,None,nan
Redwood National Park,Fungi,Peltigerales,Nephromataceae,None,nan
Redwood National Park,Fungi,Peltigerales,Nephromataceae,None,nan
Redwood National Park,Fungi,Peltigerales,Nephromataceae,None,nan
Redwood National Park,Fungi,Peltigerales,Nephromataceae,None,nan
Redwood National Park,Fungi,Peltigerales,Nephromataceae,None,nan
Redwood National Park,Fungi,Peltigerales,Nephromataceae,None,nan
Redwood National Park,Fungi,Peltigerales,Pannariaceae,None,nan
Redwood National Park,Fungi,Peltigerales,Pannariaceae,None,nan
Redwood National Park,Fungi,Peltigerales,Pannariaceae,None,nan
Redwood National Park,Fungi,Peltigerales,Pannariaceae,None,nan
Redwood National Park,Fungi,Peltigerales,Pannariaceae,None,nan
Redwood National Park,Fungi,Peltigerales,Peltigeraceae,None,nan
Redwood National Park,Fungi,Peltigerales,Peltigeraceae,None,nan
Redwood National Park,Fungi,Peronosporales,Pythiaceae,None,nan
Redwood National Park,Fungi,Peronosporales,Pythiaceae,None,nan
Redwood National Park,Fungi,Pertusariales,nan,None,nan
Redwood National Park,Fungi,Pertusariales,Pertusariaceae,None,nan
Redwood National Park,Fungi,Pertusariales,Pertusariaceae,None,nan
Redwood National Park,Fungi,Pertusariales,Pertusariaceae,Crabseye Lichen,nan
Redwood National Park,Fungi,Pertusariales,Pertusariaceae,None,nan
Redwood National Park,Fungi,Pertusariales,Pertusariaceae,Crabseye Lichen,nan
Redwood National Park,Fungi,Pertusariales,Pertusariaceae,None,nan
Redwood National Park,Fungi,Pertusariales,Pertusariaceae,None,nan
Redwood National Park,Fungi,Pertusariales,Pertusariaceae,None,nan
Redwood National Park,Fungi,Pertusariales,Pertusariaceae,None,nan
Redwood National Park,Fungi,Pertusariales,Pertusariaceae,None,nan
Redwood National Park,Fungi,Pertusariales,Pertusariaceae,Crabseye Lichen,nan
Redwood National Park,Fungi,Pertusariales,Pertusariaceae,None,nan
Redwood National Park,Fungi,Pertusariales,Pertusariaceae,None,nan
Redwood National Park,Fungi,Pertusariales,Pertusariaceae,None,nan
Redwood National Park,Fungi,Pezizales,Discinaceae,None,nan
Redwood National Park,Fungi,Pezizales,Helvellaceae,None,nan
Redwood National Park,Fungi,Pezizales,Helvellaceae,None,nan
Redwood National Park,Fungi,Pezizales,Morchellaceae,None,nan
Redwood National Park,Fungi,Pezizales,Morchellaceae,None,nan
Redwood National Park,Fungi,Pezizales,Pezizaceae,None,nan
Redwood National Park,Fungi,Pezizales,Pezizaceae,None,nan
Redwood National Park,Fungi,Pezizales,Pezizaceae,None,nan
Redwood National Park,Fungi,Pezizales,Pezizaceae,None,nan
Redwood National Park,Fungi,Pezizales,Pezizaceae,None,nan
Redwood National Park,Fungi,Pezizales,Pezizaceae,None,nan
Redwood National Park,Fungi,Pezizales,Pezizaceae,None,nan
Redwood National Park,Fungi,Pezizales,Pyronemataceae,None,nan
Redwood National Park,Fungi,Pezizales,Pyronemataceae,None,nan
Redwood National Park,Fungi,Pezizales,Pyronemataceae,None,nan
Redwood National Park,Fungi,Pezizales,Pyronemataceae,None,nan
Redwood National Park,Fungi,Pezizales,Pyronemataceae,None,nan
Redwood National Park,Fungi,Pezizales,Pyronemataceae,None,nan
Redwood National Park,Fungi,Pezizales,Sarcosomataceae,None,nan
Redwood National Park,Fungi,Pezizales,Sarcosomataceae,None,nan
Redwood National Park,Fungi,Phallales,nan,None,nan
Redwood National Park,Fungi,Phallales,nan,None,nan
Redwood National Park,Fungi,Phallales,Gomphaceae,None,nan
Redwood National Park,Fungi,Phallales,Gomphaceae,None,nan
Redwood National Park,Fungi,Phallales,Gomphaceae,None,nan
Redwood National Park,Fungi,Phallales,Gomphaceae,None,nan
Redwood National Park,Fungi,Physarales,Didymiaceae,None,nan
Redwood National Park,Fungi,Physarales,Physaraceae,None,nan
Redwood National Park,Fungi,Polyporales,Albatrellaceae,None,nan
Redwood National Park,Fungi,Polyporales,Albatrellaceae,None,nan
Redwood National Park,Fungi,Polyporales,Albatrellaceae,None,nan
Redwood National Park,Fungi,Polyporales,Albatrellaceae,None,nan
Redwood National Park,Fungi,Polyporales,Albatrellaceae,None,nan
Redwood National Park,Fungi,Polyporales,Albatrellaceae,None,nan
Redwood National Park,Fungi,Polyporales,Albatrellaceae,None,nan
Redwood National Park,Fungi,Polyporales,Bjerkanderaceae,None,nan
Redwood National Park,Fungi,Polyporales,Fomitopsidaceae,None,nan
Redwood National Park,Fungi,Polyporales,Fomitopsidaceae,None,nan
Redwood National Park,Fungi,Polyporales,Ganodermataceae,None,nan
Redwood National Park,Fungi,Polyporales,Ganodermataceae,None,nan
Redwood National Park,Fungi,Polyporales,Meripilaceae,None,nan
Redwood National Park,Fungi,Polyporales,Polyporaceae,None,nan
Redwood National Park,Fungi,Polyporales,Polyporaceae,None,nan
Redwood National Park,Fungi,Polyporales,Polyporaceae,None,nan
Redwood National Park,Fungi,Polyporales,Polyporaceae,None,nan
Redwood National Park,Fungi,Polyporales,Polyporaceae,None,nan
Redwood National Park,Fungi,Polyporales,Polyporaceae,None,nan
Redwood National Park,Fungi,Polyporales,Polyporaceae,None,nan
Redwood National Park,Fungi,Polyporales,Polyporaceae,None,nan
Redwood National Park,Fungi,Polyporales,Polyporaceae,None,nan
Redwood National Park,Fungi,Polyporales,Sparassidaceae,None,nan
Redwood National Park,Fungi,Pucciniales,Pucciniaceae,None,nan
Redwood National Park,Fungi,Pucciniales,Pucciniaceae,Crown Rust Of Oats,nan
Redwood National Park,Fungi,Pucciniales,Pucciniaceae,None,nan
Redwood National Park,Fungi,Pucciniales,Pucciniaceae,None,nan
Redwood National Park,Fungi,Rhizocarpales,Rhizocarpaceae,None,nan
Redwood National Park,Fungi,Rhytismatales,Cudoniaceae,None,nan
Redwood National Park,Fungi,Russulales,Auriscalpiaceae,None,nan
Redwood National Park,Fungi,Russulales,Bondarzewiaceae,None,nan
Redwood National Park,Fungi,Russulales,Bondarzewiaceae,None,nan
Redwood National Park,Fungi,Russulales,Hericiaceae,None,nan
Redwood National Park,Fungi,Russulales,Russulaceae,None,nan
Redwood National Park,Fungi,Russulales,Russulaceae,None,nan
Redwood National Park,Fungi,Russulales,Russulaceae,None,nan
Redwood National Park,Fungi,Russulales,Russulaceae,None,nan
Redwood National Park,Fungi,Russulales,Russulaceae,None,nan
Redwood National Park,Fungi,Russulales,Russulaceae,None,nan
Redwood National Park,Fungi,Russulales,Russulaceae,None,nan
Redwood National Park,Fungi,Russulales,Russulaceae,None,nan
Redwood National Park,Fungi,Russulales,Russulaceae,None,nan
Redwood National Park,Fungi,Russulales,Russulaceae,None,nan
Redwood National Park,Fungi,Russulales,Russulaceae,None,nan
Redwood National Park,Fungi,Russulales,Russulaceae,None,nan
Redwood National Park,Fungi,Russulales,Russulaceae,None,nan
Redwood National Park,Fungi,Russulales,Russulaceae,None,nan
Redwood National Park,Fungi,Russulales,Russulaceae,None,nan
Redwood National Park,Fungi,Russulales,Russulaceae,None,nan
Redwood National Park,Fungi,Russulales,Russulaceae,None,nan
Redwood National Park,Fungi,Russulales,Russulaceae,None,nan
Redwood National Park,Fungi,Russulales,Russulaceae,None,nan
Redwood National Park,Fungi,Russulales,Russulaceae,None,nan
Redwood National Park,Fungi,Russulales,Russulaceae,None,nan
Redwood National Park,Fungi,Russulales,Russulaceae,None,nan
Redwood National Park,Fungi,Russulales,Russulaceae,None,nan
Redwood National Park,Fungi,Russulales,Russulaceae,None,nan
Redwood National Park,Fungi,Russulales,Russulaceae,None,nan
Redwood National Park,Fungi,Russulales,Russulaceae,None,nan
Redwood National Park,Fungi,Russulales,Russulaceae,None,nan
Redwood National Park,Fungi,Russulales,Russulaceae,None,nan
Redwood National Park,Fungi,Russulales,Russulaceae,None,nan
Redwood National Park,Fungi,Russulales,Russulaceae,None,nan
Redwood National Park,Fungi,Russulales,Russulaceae,None,nan
Redwood National Park,Fungi,Russulales,Russulaceae,None,nan
Redwood National Park,Fungi,Russulales,Russulaceae,None,nan
Redwood National Park,Fungi,Russulales,Russulaceae,None,nan
Redwood National Park,Fungi,Russulales,Russulaceae,None,nan
Redwood National Park,Fungi,Russulales,Russulaceae,None,nan
Redwood National Park,Fungi,Russulales,Russulaceae,None,nan
Redwood National Park,Fungi,Russulales,Russulaceae,None,nan
Redwood National Park,Fungi,Russulales,Russulaceae,None,nan
Redwood National Park,Fungi,Russulales,Russulaceae,None,nan
Redwood National Park,Fungi,Russulales,Russulaceae,None,nan
Redwood National Park,Fungi,Russulales,Russulaceae,None,nan
Redwood National Park,Fungi,Russulales,Russulaceae,None,nan
Redwood National Park,Fungi,Russulales,Russulaceae,None,nan
Redwood National Park,Fungi,Russulales,Russulaceae,None,nan
Redwood National Park,Fungi,Russulales,Russulaceae,None,nan
Redwood National Park,Fungi,Russulales,Russulaceae,None,nan
Redwood National Park,Fungi,Russulales,Russulaceae,None,nan
Redwood National Park,Fungi,Russulales,Russulaceae,None,nan
Redwood National Park,Fungi,Russulales,Russulaceae,None,nan
Redwood National Park,Fungi,Russulales,Russulaceae,None,nan
Redwood National Park,Fungi,Russulales,Russulaceae,None,nan
Redwood National Park,Fungi,Russulales,Russulaceae,None,nan
Redwood National Park,Fungi,Russulales,Russulaceae,None,nan
Redwood National Park,Fungi,Russulales,Russulaceae,None,nan
Redwood National Park,Fungi,Russulales,Russulaceae,None,nan
Redwood National Park,Fungi,Russulales,Russulaceae,None,nan
Redwood National Park,Fungi,Russulales,Russulaceae,None,nan
Redwood National Park,Fungi,Russulales,Russulaceae,None,nan
Redwood National Park,Fungi,Russulales,Russulaceae,None,nan
Redwood National Park,Fungi,Russulales,Russulaceae,None,nan
Redwood National Park,Fungi,Russulales,Russulaceae,None,nan
Redwood National Park,Fungi,Russulales,Russulaceae,None,nan
Redwood National Park,Fungi,Russulales,Russulaceae,None,nan
Redwood National Park,Fungi,Russulales,Russulaceae,None,nan
Redwood National Park,Fungi,Russulales,Russulaceae,None,nan
Redwood National Park,Fungi,Russulales,Russulaceae,None,nan
Redwood National Park,Fungi,Russulales,Russulaceae,None,nan
Redwood National Park,Fungi,Russulales,Russulaceae,None,nan
Redwood National Park,Fungi,Russulales,Russulaceae,None,nan
Redwood National Park,Fungi,Russulales,Russulaceae,None,nan
Redwood National Park,Fungi,Russulales,Russulaceae,None,nan
Redwood National Park,Fungi,Russulales,Russulaceae,None,nan
Redwood National Park,Fungi,Russulales,Russulaceae,None,nan
Redwood National Park,Fungi,Russulales,Russulaceae,None,nan
Redwood National Park,Fungi,Russulales,Russulaceae,None,nan
Redwood National Park,Fungi,Russulales,Russulaceae,None,nan
Redwood National Park,Fungi,Russulales,Stereaceae,None,nan
Redwood National Park,Fungi,Russulales,Stereaceae,None,nan
Redwood National Park,Fungi,Russulales,Stereaceae,None,nan
Redwood National Park,Fungi,Russulales,Stereaceae,None,nan
Redwood National Park,Fungi,Russulales,Stereaceae,None,nan
Redwood National Park,Fungi,Teloschistales,Caliciaceae,Spike Lichen,nan
Redwood National Park,Fungi,Teloschistales,Physciaceae,None,nan
Redwood National Park,Fungi,Teloschistales,Physciaceae,None,nan
Redwood National Park,Fungi,Teloschistales,Physciaceae,None,nan
Redwood National Park,Fungi,Teloschistales,Physciaceae,None,nan
Redwood National Park,Fungi,Teloschistales,Physciaceae,None,nan
Redwood National Park,Fungi,Teloschistales,Physciaceae,None,nan
Redwood National Park,Fungi,Teloschistales,Physciaceae,None,nan
Redwood National Park,Fungi,Teloschistales,Physciaceae,None,nan
Redwood National Park,Fungi,Teloschistales,Physciaceae,Frosted Lichen,nan
Redwood National Park,Fungi,Teloschistales,Physciaceae,None,nan
Redwood National Park,Fungi,Teloschistales,Physciaceae,None,nan
Redwood National Park,Fungi,Teloschistales,Physciaceae,Frosted Lichen,nan
Redwood National Park,Fungi,Teloschistales,Physciaceae,None,nan
Redwood National Park,Fungi,Teloschistales,Teloschistaceae,None,nan
Redwood National Park,Fungi,Teloschistales,Teloschistaceae,None,nan
Redwood National Park,Fungi,Teloschistales,Teloschistaceae,None,nan
Redwood National Park,Fungi,Teloschistales,Teloschistaceae,None,nan
Redwood National Park,Fungi,Thelephorales,Bankeraceae,None,nan
Redwood National Park,Fungi,Thelephorales,Bankeraceae,None,nan
Redwood National Park,Fungi,Thelephorales,Bankeraceae,None,nan
Redwood National Park,Fungi,Thelephorales,Bankeraceae,None,nan
Redwood National Park,Fungi,Thelephorales,Bankeraceae,None,nan
Redwood National Park,Fungi,Thelephorales,Bankeraceae,None,nan
Redwood National Park,Fungi,Thelephorales,Bankeraceae,None,nan
Redwood National Park,Fungi,Thelephorales,Bankeraceae,None,nan
Redwood National Park,Fungi,Thelephorales,Bankeraceae,None,nan
Redwood National Park,Fungi,Thelephorales,Bankeraceae,None,nan
Redwood National Park,Fungi,Thelephorales,Bankeraceae,None,nan
Redwood National Park,Fungi,Thelephorales,Bankeraceae,None,nan
Redwood National Park,Fungi,Thelephorales,Bankeraceae,None,nan
Redwood National Park,Fungi,Thelephorales,Bankeraceae,None,nan
Redwood National Park,Fungi,Thelephorales,Thelephoraceae,None,nan
Redwood National Park,Fungi,Tremellales,Exidiaceae,None,nan
Redwood National Park,Fungi,Tremellales,Tremellaceae,None,nan
Redwood National Park,Fungi,Verrucariales,Verrucariaceae,None,nan
Redwood National Park,Fungi,Xylariales,Hyponectriaceae,None,nan
Redwood National Park,Fungi,Xylariales,Xylariaceae,None,nan
Redwood National Park,Fungi,Xylariales,Xylariaceae,None,nan
Redwood National Park,Fungi,Xylariales,Xylariaceae,None,nan
Redwood National Park,Fungi,Xylariales,Xylariaceae,None,nan
Redwood National Park,Fungi,Xylariales,Xylariaceae,None,nan
Redwood National Park,Fungi,Xylariales,Xylariaceae,None,nan
Redwood National Park,Algae,Achnanthales,Achnanthaceae,None,nan
Redwood National Park,Algae,Achnanthales,Achnanthaceae,None,nan
Redwood National Park,Algae,Achnanthales,Achnanthidiaceae,None,nan
Redwood National Park,Algae,Achnanthales,Achnanthidiaceae,None,nan
Redwood National Park,Algae,Achnanthales,Cocconeidaceae,None,nan
Redwood National Park,Algae,Achnanthales,Cocconeidaceae,None,nan
Redwood National Park,Algae,Bacillariales,Bacillariaceae,None,nan
Redwood National Park,Algae,Bacillariales,Bacillariaceae,None,nan
Redwood National Park,Algae,Bacillariales,Bacillariaceae,None,nan
Redwood National Park,Algae,Bacillariales,Bacillariaceae,None,nan
Redwood National Park,Algae,Bacillariales,Bacillariaceae,None,nan
Redwood National Park,Algae,Bacillariales,Bacillariaceae,None,nan
Redwood National Park,Algae,Bacillariales,Bacillariaceae,None,nan
Redwood National Park,Algae,Bacillariales,Bacillariaceae,None,nan
Redwood National Park,Algae,Bacillariales,Bacillariaceae,None,nan
Redwood National Park,Algae,Bacillariales,Bacillariaceae,None,nan
Redwood National Park,Algae,Chromalinales,Chrysococcaceae,None,nan
Redwood National Park,Algae,Chrysamoebidales,Chrysamoebidiaceae,None,nan
Redwood National Park,Algae,Coscinodiscales,Coscinodiscaceae,None,nan
Redwood National Park,Algae,Cryptomonadales,Cryptomonadaceae,None,nan
Redwood National Park,Algae,Cymbellales,Cymbellaceae,None,nan
Redwood National Park,Algae,Cymbellales,Cymbellaceae,None,nan
Redwood National Park,Algae,Cymbellales,Cymbellaceae,None,nan
Redwood National Park,Algae,Cymbellales,Cymbellaceae,None,nan
Redwood National Park,Algae,Cymbellales,Cymbellaceae,None,nan
Redwood National Park,Algae,Cymbellales,Cymbellaceae,None,nan
Redwood National Park,Algae,Cymbellales,Gomphonemataceae,None,nan
Redwood National Park,Algae,Cymbellales,Gomphonemataceae,None,nan
Redwood National Park,Algae,Cymbellales,Gomphonemataceae,None,nan
Redwood National Park,Algae,Cymbellales,Gomphonemataceae,None,nan
Redwood National Park,Algae,Cymbellales,Gomphonemataceae,None,nan
Redwood National Park,Algae,Cymbellales,Rhoicospheniaceae,None,nan
Redwood National Park,Algae,Desmarestiales,Desmarestiaceae,None,nan
Redwood National Park,Algae,Desmarestiales,Desmarestiaceae,None,nan
Redwood National Park,Algae,Dictyosiphonales,Punctariaceae,None,nan
Redwood National Park,Algae,Ectocarpales,Chordariaceae,None,nan
Redwood National Park,Algae,Ectocarpales,Chordariaceae,None,nan
Redwood National Park,Algae,Ectocarpales,Chordariaceae,None,nan
Redwood National Park,Algae,Ectocarpales,Corynophlaeaceae,None,nan
Redwood National Park,Algae,Ectocarpales,Corynophlaeaceae,None,nan
Redwood National Park,Algae,Ectocarpales,Corynophlaeaceae,None,nan
Redwood National Park,Algae,Ectocarpales,Ectocarpaceae,None,nan
Redwood National Park,Algae,Ectocarpales,Ectocarpaceae,None,nan
Redwood National Park,Algae,Ectocarpales,Ectocarpaceae,None,nan
Redwood National Park,Algae,Ectocarpales,Ralfsiaceae,None,nan
Redwood National Park,Algae,Ectocarpales,Ralfsiaceae,None,nan
Redwood National Park,Algae,Eunotiales,Eunotiaceae,None,nan
Redwood National Park,Algae,Eunotiales,Eunotiaceae,None,nan
Redwood National Park,Algae,Fragilariales,Fragilariaceae,None,nan
Redwood National Park,Algae,Fragilariales,Fragilariaceae,None,nan
Redwood National Park,Algae,Fragilariales,Fragilariaceae,None,nan
Redwood National Park,Algae,Fragilariales,Fragilariaceae,None,nan
Redwood National Park,Algae,Fragilariales,Fragilariaceae,None,nan
Redwood National Park,Algae,Fragilariales,Fragilariaceae,None,nan
Redwood National Park,Algae,Fragilariales,Fragilariaceae,None,nan
Redwood National Park,Algae,Fragilariales,Fragilariaceae,None,nan
Redwood National Park,Algae,Fragilariales,Fragilariaceae,None,nan
Redwood National Park,Algae,Fragilariales,Fragilariaceae,None,nan
Redwood National Park,Algae,Fragilariales,Fragilariaceae,None,nan
Redwood National Park,Algae,Fucales,Cystoseiraceae,None,nan
Redwood National Park,Algae,Fucales,Fucaceae,None,nan
Redwood National Park,Algae,Fucales,Fucaceae,None,nan
Redwood National Park,Algae,Fucales,Fucaceae,None,nan
Redwood National Park,Algae,Fucales,Fucaceae,None,nan
Redwood National Park,Algae,Fucales,Fucaceae,None,nan
Redwood National Park,Algae,Laminariales,Alariaceae,None,nan
Redwood National Park,Algae,Laminariales,Alariaceae,None,nan
Redwood National Park,Algae,Laminariales,Alariaceae,None,nan
Redwood National Park,Algae,Laminariales,Alariaceae,None,nan
Redwood National Park,Algae,Laminariales,Laminariaceae,None,nan
Redwood National Park,Algae,Laminariales,Laminariaceae,None,nan
Redwood National Park,Algae,Laminariales,Laminariaceae,None,nan
Redwood National Park,Algae,Laminariales,Laminariaceae,None,nan
Redwood National Park,Algae,Laminariales,Laminariaceae,None,nan
Redwood National Park,Algae,Laminariales,Lessoniaceae,None,nan
Redwood National Park,Algae,Laminariales,Lessoniaceae,None,nan
Redwood National Park,Algae,Laminariales,Lessoniaceae,None,nan
Redwood National Park,Algae,Laminariales,Lessoniaceae,None,nan
Redwood National Park,Algae,Laminariales,Lessoniaceae,None,nan
Redwood National Park,Algae,Melosirales,Melosiraceae,None,nan
Redwood National Park,Algae,Melosirales,Melosiraceae,None,nan
Redwood National Park,Algae,Mischococcales,Centratractaceae,None,nan
Redwood National Park,Algae,Mischococcales,Pleurochloridaceae,None,nan
Redwood National Park,Algae,Naviculales,Berkeleyaceae,None,nan
Redwood National Park,Algae,Naviculales,Naviculaceae,None,nan
Redwood National Park,Algae,Naviculales,Naviculaceae,None,nan
Redwood National Park,Algae,Naviculales,Naviculaceae,None,nan
Redwood National Park,Algae,Naviculales,Naviculaceae,None,nan
Redwood National Park,Algae,Naviculales,Naviculaceae,None,nan
Redwood National Park,Algae,Naviculales,Naviculaceae,None,nan
Redwood National Park,Algae,Naviculales,Naviculaceae,None,nan
Redwood National Park,Algae,Naviculales,Pinnulariaceae,None,nan
Redwood National Park,Algae,Naviculales,Sellaphoraceae,None,nan
Redwood National Park,Algae,Naviculales,Stauroneidaceae,None,nan
Redwood National Park,Algae,Peridiniales,Glenodiniaceae,None,nan
Redwood National Park,Algae,Rhizochrysidales,Rhizochrysidaceae,None,nan
Redwood National Park,Algae,Rhopalodiales,Rhopalodiaceae,None,nan
Redwood National Park,Algae,Rhopalodiales,Rhopalodiaceae,None,nan
Redwood National Park,Algae,Rhopalodiales,Rhopalodiaceae,None,nan
Redwood National Park,Algae,Rhopalodiales,Rhopalodiaceae,None,nan
Redwood National Park,Algae,Scytosiphonales,Scytosiphonaceae,None,nan
Redwood National Park,Algae,Scytosiphonales,Scytosiphonaceae,None,nan
Redwood National Park,Algae,Scytosiphonales,Scytosiphonaceae,None,nan
Redwood National Park,Algae,Surirellales,Entomoneidaceae,None,nan
Redwood National Park,Algae,Surirellales,Surirellaceae,None,nan
Redwood National Park,Algae,Surirellales,Surirellaceae,None,nan
Redwood National Park,Algae,Surirellales,Surirellaceae,None,nan
Redwood National Park,Algae,Tabellariales,Tabellariaceae,None,nan
Redwood National Park,Algae,Thalassiosirales,Stephanodiscaceae,None,nan
Redwood National Park,Algae,Tribonematales,Tribonemataceae,None,nan
Redwood National Park,Algae,Vaucheriales,Vaucheriaceae,None,nan
Sequoia and Kings Canyon National Parks,Mammal,Artiodactyla,Bovidae,Domestic Cow,Rare
Sequoia and Kings Canyon National Parks,Mammal,Artiodactyla,Bovidae,Domestic Goat,nan
Sequoia and Kings Canyon National Parks,Mammal,Artiodactyla,Bovidae,"Bighorn Sheep, Bighorn Sheep",Rare
Sequoia and Kings Canyon National Parks,Mammal,Artiodactyla,Cervidae,"Mule Deer, Mule Deer",Common
Sequoia and Kings Canyon National Parks,Mammal,Artiodactyla,Suidae,Domestic Pig,Rare
Sequoia and Kings Canyon National Parks,Mammal,Carnivora,Canidae,Coyote,Uncommon
Sequoia and Kings Canyon National Parks,Mammal,Carnivora,Canidae,"Gray Wolf, Wolf",nan
Sequoia and Kings Canyon National Parks,Mammal,Carnivora,Canidae,"Common Gray Fox, Gray Fox",Uncommon
Sequoia and Kings Canyon National Parks,Mammal,Carnivora,Canidae,Red Fox,nan
Sequoia and Kings Canyon National Parks,Mammal,Carnivora,Felidae,Domestic Cat,nan
Sequoia and Kings Canyon National Parks,Mammal,Carnivora,Felidae,Bobcat,Uncommon
Sequoia and Kings Canyon National Parks,Mammal,Carnivora,Felidae,"Cougar, Mountain Lion, Puma",Uncommon
Sequoia and Kings Canyon National Parks,Mammal,Carnivora,Mephitidae,Striped Skunk,Rare
Sequoia and Kings Canyon National Parks,Mammal,Carnivora,Mephitidae,"Eastern Spotted Skunk, Spotted Skunk",Uncommon
Sequoia and Kings Canyon National Parks,Mammal,Carnivora,Mustelidae,Wolverine,nan
Sequoia and Kings Canyon National Parks,Mammal,Carnivora,Mustelidae,"Common Otter, North American River Otter, Northern River Otter, River Otter",nan
Sequoia and Kings Canyon National Parks,Mammal,Carnivora,Mustelidae,"American Marten, Marten",Uncommon
Sequoia and Kings Canyon National Parks,Mammal,Carnivora,Mustelidae,Fisher,Rare
Sequoia and Kings Canyon National Parks,Mammal,Carnivora,Mustelidae,Ermine,Uncommon
Sequoia and Kings Canyon National Parks,Mammal,Carnivora,Mustelidae,Long-Tailed Weasel,Uncommon
Sequoia and Kings Canyon National Parks,Mammal,Carnivora,Mustelidae,"American Mink, Mink",nan
Sequoia and Kings Canyon National Parks,Mammal,Carnivora,Mustelidae,"American Badger, Badger",Rare
Sequoia and Kings Canyon National Parks,Mammal,Carnivora,Procyonidae,Ringtail,Uncommon
Sequoia and Kings Canyon National Parks,Mammal,Carnivora,Procyonidae,"Common Raccoon, Northern Raccoon, Raccoon",Uncommon
Sequoia and Kings Canyon National Parks,Mammal,Carnivora,Ursidae,"American Black Bear, Black Bear",Common
Sequoia and Kings Canyon National Parks,Mammal,Carnivora,Ursidae,"Brown Bear, Grizzly Bear",nan
Sequoia and Kings Canyon National Parks,Mammal,Chiroptera,Molossidae,Western Mastiff Bat,Uncommon
Sequoia and Kings Canyon National Parks,Mammal,Chiroptera,Molossidae,"Brazilian Free-Tailed Bat, Brazilian Free-Tailed Bat, Mexican Free-Tailed Bat",Abundant
Sequoia and Kings Canyon National Parks,Mammal,Chiroptera,Vespertilionidae,"Pallid Bat, Pallid Bat",Uncommon
Sequoia and Kings Canyon National Parks,Mammal,Chiroptera,Vespertilionidae,"Big Brown Bat, Big Brown Bat",Abundant
Sequoia and Kings Canyon National Parks,Mammal,Chiroptera,Vespertilionidae,"Spotted Bat, Spotted Bat",Uncommon
Sequoia and Kings Canyon National Parks,Mammal,Chiroptera,Vespertilionidae,"Silver-Haired Bat, Silver-Haired Bat",Rare
Sequoia and Kings Canyon National Parks,Mammal,Chiroptera,Vespertilionidae,"Red Bat, Western Red Bat, Western Red Bat",Uncommon
Sequoia and Kings Canyon National Parks,Mammal,Chiroptera,Vespertilionidae,"Hoary Bat, Hoary Bat",Common
Sequoia and Kings Canyon National Parks,Mammal,Chiroptera,Vespertilionidae,California Myotis,Common
Sequoia and Kings Canyon National Parks,Mammal,Chiroptera,Vespertilionidae,Western Small-Footed Myotis,Rare
Sequoia and Kings Canyon National Parks,Mammal,Chiroptera,Vespertilionidae,"Long-Eared Myotis, Long-Eared Myotis",Uncommon
Sequoia and Kings Canyon National Parks,Mammal,Chiroptera,Vespertilionidae,Little Brown Myotis,Uncommon
Sequoia and Kings Canyon National Parks,Mammal,Chiroptera,Vespertilionidae,"Fringed Myotis, Fringed Myotis",Uncommon
Sequoia and Kings Canyon National Parks,Mammal,Chiroptera,Vespertilionidae,"Long-Legged Myotis, Long-Legged Myotis",Uncommon
Sequoia and Kings Canyon National Parks,Mammal,Chiroptera,Vespertilionidae,"Yuma Myotis, Yuma Myotis",Common
Sequoia and Kings Canyon National Parks,Mammal,Chiroptera,Vespertilionidae,Western Pipistrelle,Uncommon
Sequoia and Kings Canyon National Parks,Mammal,Chiroptera,Vespertilionidae,Townsend's Big-Eared Bat,Rare
Sequoia and Kings Canyon National Parks,Mammal,Didelphimorphia,Didelphidae,Virginia Opossum,Rare
Sequoia and Kings Canyon National Parks,Mammal,Lagomorpha,Leporidae,Snowshoe Hare,nan
Sequoia and Kings Canyon National Parks,Mammal,Lagomorpha,Leporidae,Black-Tailed Hare,nan
Sequoia and Kings Canyon National Parks,Mammal,Lagomorpha,Leporidae,White-Tailed Hare,Uncommon
Sequoia and Kings Canyon National Parks,Mammal,Lagomorpha,Leporidae,Desert Cottontail,nan
Sequoia and Kings Canyon National Parks,Mammal,Lagomorpha,Leporidae,Brush Rabbit,Uncommon
Sequoia and Kings Canyon National Parks,Mammal,Lagomorpha,Ochotonidae,"American Pika, Pika",Common
Sequoia and Kings Canyon National Parks,Mammal,Rodentia,Aplodontiidae,"Mountain Beaver, Sewellel",Uncommon
Sequoia and Kings Canyon National Parks,Mammal,Rodentia,Castoridae,American Beaver,Uncommon
Sequoia and Kings Canyon National Parks,Mammal,Rodentia,Cricetidae,"Amargosa Vole, California Vole",Uncommon
Sequoia and Kings Canyon National Parks,Mammal,Rodentia,Cricetidae,"Coronation Island Vole, Long-Tailed Vole",Abundant
Sequoia and Kings Canyon National Parks,Mammal,Rodentia,Cricetidae,Montane Vole,Uncommon
Sequoia and Kings Canyon National Parks,Mammal,Rodentia,Cricetidae,Bushy-Tailed Woodrat,Uncommon
Sequoia and Kings Canyon National Parks,Mammal,Rodentia,Cricetidae,Big-Earde Woodrat,Common
Sequoia and Kings Canyon National Parks,Mammal,Rodentia,Cricetidae,"Common Muskrat, Muskbeaver, Muskrat",nan
Sequoia and Kings Canyon National Parks,Mammal,Rodentia,Cricetidae,"Brush Deermouse, Brush Mouse",Common
Sequoia and Kings Canyon National Parks,Mammal,Rodentia,Cricetidae,"California Deermouse, California Mouse",Uncommon
Sequoia and Kings Canyon National Parks,Mammal,Rodentia,Cricetidae,"Deer Mouse, North American Deermouse",Common
Sequoia and Kings Canyon National Parks,Mammal,Rodentia,Cricetidae,Pinyon Mouse,Uncommon
Sequoia and Kings Canyon National Parks,Mammal,Rodentia,Cricetidae,"Heather Vole, Western Heather Vole",nan
Sequoia and Kings Canyon National Parks,Mammal,Rodentia,Cricetidae,Western Harvest Mouse,Rare
Sequoia and Kings Canyon National Parks,Mammal,Rodentia,Dipodidae,Western Jumping Mouse,Uncommon
Sequoia and Kings Canyon National Parks,Mammal,Rodentia,Erethizontidae,"Common Porcupine, Porcupine",Rare
Sequoia and Kings Canyon National Parks,Mammal,Rodentia,Geomyidae,Botta's Pocket Gopher,Common
Sequoia and Kings Canyon National Parks,Mammal,Rodentia,Geomyidae,Mountain Pocket Gopher,Common
Sequoia and Kings Canyon National Parks,Mammal,Rodentia,Heteromyidae,California Pocket Mouse,Uncommon
Sequoia and Kings Canyon National Parks,Mammal,Rodentia,Heteromyidae,Heermann's Kangaroo Rat,nan
Sequoia and Kings Canyon National Parks,Mammal,Rodentia,Muridae,House Mouse,nan
Sequoia and Kings Canyon National Parks,Mammal,Rodentia,Sciuridae,Northern Flying Squirrel,Uncommon
Sequoia and Kings Canyon National Parks,Mammal,Rodentia,Sciuridae,Yellow-Bellied Marmot,Common
Sequoia and Kings Canyon National Parks,Mammal,Rodentia,Sciuridae,Western Gray Squirrel,Uncommon
Sequoia and Kings Canyon National Parks,Mammal,Rodentia,Sciuridae,California Ground Squirrel,Common
Sequoia and Kings Canyon National Parks,Mammal,Rodentia,Sciuridae,Belding's Ground Squirrel,Uncommon
Sequoia and Kings Canyon National Parks,Mammal,Rodentia,Sciuridae,Golden-Mantled Ground Squirrel,Common
Sequoia and Kings Canyon National Parks,Mammal,Rodentia,Sciuridae,Alpine Chipmunk,Common
Sequoia and Kings Canyon National Parks,Mammal,Rodentia,Sciuridae,Merriam's Chipmunk,Rare
Sequoia and Kings Canyon National Parks,Mammal,Rodentia,Sciuridae,"Allen's Chipmunk, Shadow Chipmunk",nan
Sequoia and Kings Canyon National Parks,Mammal,Rodentia,Sciuridae,Lodgepole Chipmunk,Common
Sequoia and Kings Canyon National Parks,Mammal,Rodentia,Sciuridae,Uinta Chipmunk,nan
Sequoia and Kings Canyon National Parks,Mammal,Rodentia,Sciuridae,Douglas's Squirrel,Common
Sequoia and Kings Canyon National Parks,Mammal,Soricomorpha,Soricidae,"Dusky Shrew, Montane Shrew",Uncommon
Sequoia and Kings Canyon National Parks,Mammal,Soricomorpha,Soricidae,"Ornate Shrew, Suisun Shrew",Uncommon
Sequoia and Kings Canyon National Parks,Mammal,Soricomorpha,Soricidae,"American Water Shrew, Northern Water Shrew, Water Shrew",Uncommon
Sequoia and Kings Canyon National Parks,Mammal,Soricomorpha,Soricidae,Trowbridge's Shrew,Uncommon
Sequoia and Kings Canyon National Parks,Mammal,Soricomorpha,Soricidae,"Vagrant Shrew, Wandering Shrew",nan
Sequoia and Kings Canyon National Parks,Mammal,Soricomorpha,Talpidae,Broad-Footed Mole,Uncommon
Sequoia and Kings Canyon National Parks,Bird,Accipitriformes,Accipitridae,Cooper's Hawk,Uncommon
Sequoia and Kings Canyon National Parks,Bird,Accipitriformes,Accipitridae,Northern Goshawk,Uncommon
Sequoia and Kings Canyon National Parks,Bird,Accipitriformes,Accipitridae,Sharp-Shinned Hawk,Common
Sequoia and Kings Canyon National Parks,Bird,Accipitriformes,Accipitridae,Golden Eagle,Uncommon
Sequoia and Kings Canyon National Parks,Bird,Accipitriformes,Accipitridae,Red-Tailed Hawk,Common
Sequoia and Kings Canyon National Parks,Bird,Accipitriformes,Accipitridae,"Roughleg, Rough-Legged Buzzard, Rough-Legged Hawk",Rare
Sequoia and Kings Canyon National Parks,Bird,Accipitriformes,Accipitridae,Red-Shouldered Hawk,Uncommon
Sequoia and Kings Canyon National Parks,Bird,Accipitriformes,Accipitridae,Broad-Winged Hawk,Rare
Sequoia and Kings Canyon National Parks,Bird,Accipitriformes,Accipitridae,Ferruginous Hawk,nan
Sequoia and Kings Canyon National Parks,Bird,Accipitriformes,Accipitridae,Swainson's Hawk,Occasional
Sequoia and Kings Canyon National Parks,Bird,Accipitriformes,Accipitridae,Northern Harrier,Rare
Sequoia and Kings Canyon National Parks,Bird,Accipitriformes,Accipitridae,White-Tailed Kite,Rare
Sequoia and Kings Canyon National Parks,Bird,Accipitriformes,Accipitridae,Bald Eagle,Rare
Sequoia and Kings Canyon National Parks,Bird,Accipitriformes,Cathartidae,Turkey Vulture,Uncommon
Sequoia and Kings Canyon National Parks,Bird,Accipitriformes,Cathartidae,California Condor,nan
Sequoia and Kings Canyon National Parks,Bird,Accipitriformes,Pandionidae,"Osprey, Western Osprey",Rare
Sequoia and Kings Canyon National Parks,Bird,Anseriformes,Anatidae,Wood Duck,Rare
Sequoia and Kings Canyon National Parks,Bird,Anseriformes,Anatidae,Northern Pintail,Occasional
Sequoia and Kings Canyon National Parks,Bird,Anseriformes,Anatidae,Northern Shoveler,nan
Sequoia and Kings Canyon National Parks,Bird,Anseriformes,Anatidae,"Eurasian Teal, Green-Winged Teal",Rare
Sequoia and Kings Canyon National Parks,Bird,Anseriformes,Anatidae,Mallard,Uncommon
Sequoia and Kings Canyon National Parks,Bird,Anseriformes,Anatidae,Gadwall,Occasional
Sequoia and Kings Canyon National Parks,Bird,Anseriformes,Anatidae,Lesser Scaup,Occasional
Sequoia and Kings Canyon National Parks,Bird,Anseriformes,Anatidae,Canada Goose,Rare
Sequoia and Kings Canyon National Parks,Bird,Anseriformes,Anatidae,Bufflehead,Occasional
Sequoia and Kings Canyon National Parks,Bird,Anseriformes,Anatidae,Black Swan,Rare
Sequoia and Kings Canyon National Parks,Bird,Anseriformes,Anatidae,Tundra Swan,Occasional
Sequoia and Kings Canyon National Parks,Bird,Anseriformes,Anatidae,Harlequin Duck,Rare
Sequoia and Kings Canyon National Parks,Bird,Anseriformes,Anatidae,Surf Scoter,Occasional
Sequoia and Kings Canyon National Parks,Bird,Anseriformes,Anatidae,Common Merganser,Uncommon
Sequoia and Kings Canyon National Parks,Bird,Anseriformes,Anatidae,Ruddy Duck,Occasional
Sequoia and Kings Canyon National Parks,Bird,Apodiformes,Apodidae,White-Throated Swift,Common
Sequoia and Kings Canyon National Parks,Bird,Apodiformes,Apodidae,Vaux's Swift,Rare
Sequoia and Kings Canyon National Parks,Bird,Apodiformes,Apodidae,"American Black Swift, Black Swift",Rare
Sequoia and Kings Canyon National Parks,Bird,Apodiformes,Trochilidae,Black-Chinned Hummingbird,Uncommon
Sequoia and Kings Canyon National Parks,Bird,Apodiformes,Trochilidae,Anna's Hummingbird,Common
Sequoia and Kings Canyon National Parks,Bird,Apodiformes,Trochilidae,Rufous Hummingbird,Uncommon
Sequoia and Kings Canyon National Parks,Bird,Apodiformes,Trochilidae,Allen's Hummingbird,Rare
Sequoia and Kings Canyon National Parks,Bird,Apodiformes,Trochilidae,Calliope Hummingbird,Uncommon
Sequoia and Kings Canyon National Parks,Bird,Caprimulgiformes,Caprimulgidae,Common Nighthawk,Rare
Sequoia and Kings Canyon National Parks,Bird,Caprimulgiformes,Caprimulgidae,Common Poorwill,Rare
Sequoia and Kings Canyon National Parks,Bird,Charadriiformes,Charadriidae,Killdeer,Rare
Sequoia and Kings Canyon National Parks,Bird,Charadriiformes,Laridae,California Gull,Rare
Sequoia and Kings Canyon National Parks,Bird,Charadriiformes,Laridae,Caspian Tern,Occasional
Sequoia and Kings Canyon National Parks,Bird,Charadriiformes,Recurvirostridae,American Avocet,Occasional
Sequoia and Kings Canyon National Parks,Bird,Charadriiformes,Scolopacidae,Spotted Sandpiper,Uncommon
Sequoia and Kings Canyon National Parks,Bird,Charadriiformes,Scolopacidae,Common Snipe,Rare
Sequoia and Kings Canyon National Parks,Bird,Charadriiformes,Scolopacidae,Red-Necked Phalarope,Occasional
Sequoia and Kings Canyon National Parks,Bird,Charadriiformes,Scolopacidae,Solitary Sandpiper,nan
Sequoia and Kings Canyon National Parks,Bird,Columbiformes,Columbidae,"Common Pigeon, Rock Dove, Rock Pigeon",Rare
Sequoia and Kings Canyon National Parks,Bird,Columbiformes,Columbidae,Band-Tailed Pigeon,Common
Sequoia and Kings Canyon National Parks,Bird,Columbiformes,Columbidae,Mourning Dove,Uncommon
Sequoia and Kings Canyon National Parks,Bird,Coraciiformes,Alcedinidae,Belted Kingfisher,Uncommon
Sequoia and Kings Canyon National Parks,Bird,Cuculiformes,Cuculidae,Greater Roadrunner,Rare
Sequoia and Kings Canyon National Parks,Bird,Falconiformes,Falconidae,Merlin,Rare
Sequoia and Kings Canyon National Parks,Bird,Falconiformes,Falconidae,Prairie Falcon,Rare
Sequoia and Kings Canyon National Parks,Bird,Falconiformes,Falconidae,Peregrine Falcon,Rare
Sequoia and Kings Canyon National Parks,Bird,Falconiformes,Falconidae,Gyrfalcon,Rare
Sequoia and Kings Canyon National Parks,Bird,Falconiformes,Falconidae,American Kestrel,Common
Sequoia and Kings Canyon National Parks,Bird,Galliformes,Numididae,Helmeted Guineafowl,nan
Sequoia and Kings Canyon National Parks,Bird,Galliformes,Odontophoridae,"California Quail, Californian Quail",Uncommon
Sequoia and Kings Canyon National Parks,Bird,Galliformes,Odontophoridae,Mountain Quail,Uncommon
Sequoia and Kings Canyon National Parks,Bird,Galliformes,Phasianidae,"Chukar, Chukar Partridge",Rare
Sequoia and Kings Canyon National Parks,Bird,Galliformes,Phasianidae,Blue Grouse,Uncommon
Sequoia and Kings Canyon National Parks,Bird,Galliformes,Phasianidae,White-Tailed Ptarmigan,Rare
Sequoia and Kings Canyon National Parks,Bird,Galliformes,Phasianidae,Wild Turkey,Rare
Sequoia and Kings Canyon National Parks,Bird,Galliformes,Phasianidae,"Common Peafowl, Indian Peafowl",Rare
Sequoia and Kings Canyon National Parks,Bird,Gaviiformes,Gaviidae,"Common Loon, Great Northern Diver, Great Northern Loon",Occasional
Sequoia and Kings Canyon National Parks,Bird,Gruiformes,Rallidae,American Coot,Rare
Sequoia and Kings Canyon National Parks,Bird,Gruiformes,Rallidae,Sora,nan
Sequoia and Kings Canyon National Parks,Bird,Gruiformes,Rallidae,Virginia Rail,nan
Sequoia and Kings Canyon National Parks,Bird,Passeriformes,Aegithalidae,"American Bushtit, Bushtit",Uncommon
Sequoia and Kings Canyon National Parks,Bird,Passeriformes,Alaudidae,Horned Lark,Rare
Sequoia and Kings Canyon National Parks,Bird,Passeriformes,Bombycillidae,Cedar Waxwing,Uncommon
Sequoia and Kings Canyon National Parks,Bird,Passeriformes,Bombycillidae,Bohemian Waxwing,Occasional
Sequoia and Kings Canyon National Parks,Bird,Passeriformes,Cardinalidae,Blue Grosbeak,Rare
Sequoia and Kings Canyon National Parks,Bird,Passeriformes,Cardinalidae,Lazuli Bunting,Uncommon
Sequoia and Kings Canyon National Parks,Bird,Passeriformes,Cardinalidae,Rose-Breasted Grosbeak,Occasional
Sequoia and Kings Canyon National Parks,Bird,Passeriformes,Cardinalidae,Black-Headed Grosbeak,Common
Sequoia and Kings Canyon National Parks,Bird,Passeriformes,Cardinalidae,Western Tanager,Common
Sequoia and Kings Canyon National Parks,Bird,Passeriformes,Cardinalidae,Summer Tanager,Rare
Sequoia and Kings Canyon National Parks,Bird,Passeriformes,Certhiidae,Brown Creeper,Uncommon
Sequoia and Kings Canyon National Parks,Bird,Passeriformes,Cinclidae,American Dipper,Uncommon
Sequoia and Kings Canyon National Parks,Bird,Passeriformes,Corvidae,Western Scrub-Jay,Uncommon
Sequoia and Kings Canyon National Parks,Bird,Passeriformes,Corvidae,American Crow,Rare
Sequoia and Kings Canyon National Parks,Bird,Passeriformes,Corvidae,"Common Raven, Northern Raven",Common
Sequoia and Kings Canyon National Parks,Bird,Passeriformes,Corvidae,Steller's Jay,Common
Sequoia and Kings Canyon National Parks,Bird,Passeriformes,Corvidae,Pinyon Jay,Occasional
Sequoia and Kings Canyon National Parks,Bird,Passeriformes,Corvidae,Clark's Nutcracker,Uncommon
Sequoia and Kings Canyon National Parks,Bird,Passeriformes,Emberizidae,Rufous-Crowned Sparrow,Rare
Sequoia and Kings Canyon National Parks,Bird,Passeriformes,Emberizidae,Sage Sparrow,Rare
Sequoia and Kings Canyon National Parks,Bird,Passeriformes,Emberizidae,Black-Throated Sparrow,Occasional
Sequoia and Kings Canyon National Parks,Bird,Passeriformes,Emberizidae,Lark Sparrow,Uncommon
Sequoia and Kings Canyon National Parks,Bird,Passeriformes,Emberizidae,Dark-Eyed Junco,Abundant
Sequoia and Kings Canyon National Parks,Bird,Passeriformes,Emberizidae,Lincoln's Sparrow,Uncommon
Sequoia and Kings Canyon National Parks,Bird,Passeriformes,Emberizidae,Song Sparrow,Uncommon
Sequoia and Kings Canyon National Parks,Bird,Passeriformes,Emberizidae,Savannah Sparrow,Rare
Sequoia and Kings Canyon National Parks,Bird,Passeriformes,Emberizidae,"Fox Sparrow, Red Fox Sparrow",Common
Sequoia and Kings Canyon National Parks,Bird,Passeriformes,Emberizidae,Green-Tailed Towhee,Uncommon
Sequoia and Kings Canyon National Parks,Bird,Passeriformes,Emberizidae,California Towhee,Common
Sequoia and Kings Canyon National Parks,Bird,Passeriformes,Emberizidae,Spotted Towhee,Uncommon
Sequoia and Kings Canyon National Parks,Bird,Passeriformes,Emberizidae,Vesper Sparrow,Occasional
Sequoia and Kings Canyon National Parks,Bird,Passeriformes,Emberizidae,Black-Chinned Sparrow,Rare
Sequoia and Kings Canyon National Parks,Bird,Passeriformes,Emberizidae,Brewer's Sparrow,Occasional
Sequoia and Kings Canyon National Parks,Bird,Passeriformes,Emberizidae,Chipping Sparrow,Uncommon
Sequoia and Kings Canyon National Parks,Bird,Passeriformes,Emberizidae,Golden-Crowned Sparrow,Common
Sequoia and Kings Canyon National Parks,Bird,Passeriformes,Emberizidae,White-Crowned Sparrow,Common
Sequoia and Kings Canyon National Parks,Bird,Passeriformes,Fringillidae,Lawrence's Goldfinch,Rare
Sequoia and Kings Canyon National Parks,Bird,Passeriformes,Fringillidae,Pine Siskin,Uncommon
Sequoia and Kings Canyon National Parks,Bird,Passeriformes,Fringillidae,Lesser Goldfinch,Common
Sequoia and Kings Canyon National Parks,Bird,Passeriformes,Fringillidae,American Goldfinch,Rare
Sequoia and Kings Canyon National Parks,Bird,Passeriformes,Fringillidae,Cassin's Finch,Uncommon
Sequoia and Kings Canyon National Parks,Bird,Passeriformes,Fringillidae,House Finch,Uncommon
Sequoia and Kings Canyon National Parks,Bird,Passeriformes,Fringillidae,Purple Finch,Uncommon
Sequoia and Kings Canyon National Parks,Bird,Passeriformes,Fringillidae,Evening Grosbeak,Uncommon
Sequoia and Kings Canyon National Parks,Bird,Passeriformes,Fringillidae,Gray-Crowned Rosy Finch,Uncommon
Sequoia and Kings Canyon National Parks,Bird,Passeriformes,Fringillidae,Red Crossbill,Rare
Sequoia and Kings Canyon National Parks,Bird,Passeriformes,Fringillidae,Pine Grosbeak,Rare
Sequoia and Kings Canyon National Parks,Bird,Passeriformes,Hirundinidae,Barn Swallow,Rare
Sequoia and Kings Canyon National Parks,Bird,Passeriformes,Hirundinidae,Cliff Swallow,Uncommon
Sequoia and Kings Canyon National Parks,Bird,Passeriformes,Hirundinidae,Purple Martin,Occasional
Sequoia and Kings Canyon National Parks,Bird,Passeriformes,Hirundinidae,Northern Rough-Winged Swallow,Rare
Sequoia and Kings Canyon National Parks,Bird,Passeriformes,Hirundinidae,Tree Swallow,Rare
Sequoia and Kings Canyon National Parks,Bird,Passeriformes,Hirundinidae,Violet-Green Swallow,Common
Sequoia and Kings Canyon National Parks,Bird,Passeriformes,Icteridae,Red-Winged Blackbird,Uncommon
Sequoia and Kings Canyon National Parks,Bird,Passeriformes,Icteridae,Brewer's Blackbird,Uncommon
Sequoia and Kings Canyon National Parks,Bird,Passeriformes,Icteridae,Bullock's Oriole,Uncommon
Sequoia and Kings Canyon National Parks,Bird,Passeriformes,Icteridae,Hooded Oriole,Rare
Sequoia and Kings Canyon National Parks,Bird,Passeriformes,Icteridae,"Baltimore Oriole, Northern Oriole",nan
Sequoia and Kings Canyon National Parks,Bird,Passeriformes,Icteridae,Brown-Headed Cowbird,Uncommon
Sequoia and Kings Canyon National Parks,Bird,Passeriformes,Icteridae,Great-Tailed Grackle,Occasional
Sequoia and Kings Canyon National Parks,Bird,Passeriformes,Icteridae,Western Meadowlark,Rare
Sequoia and Kings Canyon National Parks,Bird,Passeriformes,Laniidae,"Great Grey Shrike, Northern Shrike",Occasional
Sequoia and Kings Canyon National Parks,Bird,Passeriformes,Laniidae,Loggerhead Shrike,Rare
Sequoia and Kings Canyon National Parks,Bird,Passeriformes,Mimidae,"Gray Catbird, Grey Catbird",Occasional
Sequoia and Kings Canyon National Parks,Bird,Passeriformes,Mimidae,Northern Mockingbird,Rare
Sequoia and Kings Canyon National Parks,Bird,Passeriformes,Mimidae,California Thrasher,Rare
Sequoia and Kings Canyon National Parks,Bird,Passeriformes,Motacillidae,American Pipit,Uncommon
Sequoia and Kings Canyon National Parks,Bird,Passeriformes,Paridae,Oak Titmouse,Common
Sequoia and Kings Canyon National Parks,Bird,Passeriformes,Paridae,Mountain Chickadee,Common
Sequoia and Kings Canyon National Parks,Bird,Passeriformes,Parulidae,Yellow-Rumped Warbler,Common
Sequoia and Kings Canyon National Parks,Bird,Passeriformes,Parulidae,"Black-Throated Gray Warbler, Black-Throated Grey Warbler",Uncommon
Sequoia and Kings Canyon National Parks,Bird,Passeriformes,Parulidae,Hermit Warbler,Uncommon
Sequoia and Kings Canyon National Parks,Bird,Passeriformes,Parulidae,Chestnut-Sided Warbler,Rare
Sequoia and Kings Canyon National Parks,Bird,Passeriformes,Parulidae,"American Yellow Warbler, Yellow Warbler",Uncommon
Sequoia and Kings Canyon National Parks,Bird,Passeriformes,Parulidae,Townsend's Warbler,Rare
Sequoia and Kings Canyon National Parks,Bird,Passeriformes,Parulidae,Common Yellowthroat,Rare
Sequoia and Kings Canyon National Parks,Bird,Passeriformes,Parulidae,Macgillivray's Warbler,Uncommon
Sequoia and Kings Canyon National Parks,Bird,Passeriformes,Parulidae,Orange-Crowned Warbler,Uncommon
Sequoia and Kings Canyon National Parks,Bird,Passeriformes,Parulidae,Lucy's Warbler,Occasional
Sequoia and Kings Canyon National Parks,Bird,Passeriformes,Parulidae,Nashville Warbler,Common
Sequoia and Kings Canyon National Parks,Bird,Passeriformes,Parulidae,Wilson's Warbler,Uncommon
Sequoia and Kings Canyon National Parks,Bird,Passeriformes,Passeridae,House Sparrow,Rare
Sequoia and Kings Canyon National Parks,Bird,Passeriformes,Polioptilidae,"Blue-Gray Gnatcatcher, Blue-Grey Gnatcatcher",Rare
Sequoia and Kings Canyon National Parks,Bird,Passeriformes,Ptilogonatidae,Phainopepla,Rare
Sequoia and Kings Canyon National Parks,Bird,Passeriformes,Regulidae,Ruby-Crowned Kinglet,Common
Sequoia and Kings Canyon National Parks,Bird,Passeriformes,Regulidae,Golden-Crowned Kinglet,Common
Sequoia and Kings Canyon National Parks,Bird,Passeriformes,Sittidae,Red-Breasted Nuthatch,Uncommon
Sequoia and Kings Canyon National Parks,Bird,Passeriformes,Sittidae,White-Breasted Nuthatch,Uncommon
Sequoia and Kings Canyon National Parks,Bird,Passeriformes,Sittidae,Pygmy Nuthatch,Rare
Sequoia and Kings Canyon National Parks,Bird,Passeriformes,Sturnidae,"Common Starling, European Starling",Rare
Sequoia and Kings Canyon National Parks,Bird,Passeriformes,Sylviidae,Wrentit,Common
Sequoia and Kings Canyon National Parks,Bird,Passeriformes,Troglodytidae,Canyon Wren,Uncommon
Sequoia and Kings Canyon National Parks,Bird,Passeriformes,Troglodytidae,Rock Wren,Uncommon
Sequoia and Kings Canyon National Parks,Bird,Passeriformes,Troglodytidae,Bewick's Wren,Uncommon
Sequoia and Kings Canyon National Parks,Bird,Passeriformes,Troglodytidae,House Wren,Common
Sequoia and Kings Canyon National Parks,Bird,Passeriformes,Troglodytidae,Winter Wren,Uncommon
Sequoia and Kings Canyon National Parks,Bird,Passeriformes,Turdidae,Hermit Thrush,Uncommon
Sequoia and Kings Canyon National Parks,Bird,Passeriformes,Turdidae,Swainson's Thrush,Rare
Sequoia and Kings Canyon National Parks,Bird,Passeriformes,Turdidae,Varied Thrush,Uncommon
Sequoia and Kings Canyon National Parks,Bird,Passeriformes,Turdidae,Townsend's Solitaire,Uncommon
Sequoia and Kings Canyon National Parks,Bird,Passeriformes,Turdidae,Mountain Bluebird,Uncommon
Sequoia and Kings Canyon National Parks,Bird,Passeriformes,Turdidae,Western Bluebird,Common
Sequoia and Kings Canyon National Parks,Bird,Passeriformes,Turdidae,American Robin,Abundant
Sequoia and Kings Canyon National Parks,Bird,Passeriformes,Tyrannidae,Olive-Sided Flycatcher,Uncommon
Sequoia and Kings Canyon National Parks,Bird,Passeriformes,Tyrannidae,"Western Wood Pewee, Western Wood-Pewee",Uncommon
Sequoia and Kings Canyon National Parks,Bird,Passeriformes,Tyrannidae,Pacific Slope Flycatcher,Uncommon
Sequoia and Kings Canyon National Parks,Bird,Passeriformes,Tyrannidae,Hammond's Flycatcher,Uncommon
Sequoia and Kings Canyon National Parks,Bird,Passeriformes,Tyrannidae,Dusky Flycatcher,Uncommon
Sequoia and Kings Canyon National Parks,Bird,Passeriformes,Tyrannidae,Willow Flycatcher,Rare
Sequoia and Kings Canyon National Parks,Bird,Passeriformes,Tyrannidae,"Gray Flycatcher, Grey Flycatcher",Occasional
Sequoia and Kings Canyon National Parks,Bird,Passeriformes,Tyrannidae,Ash-Throated Flycatcher,Uncommon
Sequoia and Kings Canyon National Parks,Bird,Passeriformes,Tyrannidae,Black Phoebe,Uncommon
Sequoia and Kings Canyon National Parks,Bird,Passeriformes,Tyrannidae,Say's Phoebe,Rare
Sequoia and Kings Canyon National Parks,Bird,Passeriformes,Tyrannidae,Eastern Kingbird,Occasional
Sequoia and Kings Canyon National Parks,Bird,Passeriformes,Tyrannidae,Western Kingbird,Uncommon
Sequoia and Kings Canyon National Parks,Bird,Passeriformes,Vireonidae,Cassin's Vireo,Uncommon
Sequoia and Kings Canyon National Parks,Bird,Passeriformes,Vireonidae,Warbling Vireo,Uncommon
Sequoia and Kings Canyon National Parks,Bird,Passeriformes,Vireonidae,Hutton's Vireo,Rare
Sequoia and Kings Canyon National Parks,Bird,Pelecaniformes,Ardeidae,Great Blue Heron,Uncommon
Sequoia and Kings Canyon National Parks,Bird,Pelecaniformes,Pelecanidae,American White Pelican,Occasional
Sequoia and Kings Canyon National Parks,Bird,Piciformes,Picidae,Northern Flicker,Uncommon
Sequoia and Kings Canyon National Parks,Bird,Piciformes,Picidae,Pileated Woodpecker,Uncommon
Sequoia and Kings Canyon National Parks,Bird,Piciformes,Picidae,Acorn Woodpecker,Uncommon
Sequoia and Kings Canyon National Parks,Bird,Piciformes,Picidae,"Lewis' Woodpecker, Lewis's Woodpecker",Rare
Sequoia and Kings Canyon National Parks,Bird,Piciformes,Picidae,White-Headed Woodpecker,Uncommon
Sequoia and Kings Canyon National Parks,Bird,Piciformes,Picidae,Black-Backed Woodpecker,Rare
Sequoia and Kings Canyon National Parks,Bird,Piciformes,Picidae,Nuttall's Woodpecker,Uncommon
Sequoia and Kings Canyon National Parks,Bird,Piciformes,Picidae,Downy Woodpecker,Uncommon
Sequoia and Kings Canyon National Parks,Bird,Piciformes,Picidae,Ladder-Backed Woodpecker,Occasional
Sequoia and Kings Canyon National Parks,Bird,Piciformes,Picidae,Hairy Woodpecker,Uncommon
Sequoia and Kings Canyon National Parks,Bird,Piciformes,Picidae,Red-Naped Sapsucker,Rare
Sequoia and Kings Canyon National Parks,Bird,Piciformes,Picidae,Red-Breasted Sapsucker,Uncommon
Sequoia and Kings Canyon National Parks,Bird,Piciformes,Picidae,Williamson's Sapsucker,Uncommon
Sequoia and Kings Canyon National Parks,Bird,Podicipediformes,Podicipedidae,Horned Grebe,Occasional
Sequoia and Kings Canyon National Parks,Bird,Podicipediformes,Podicipedidae,"Black-Necked Grebe, Eared Grebe",Occasional
Sequoia and Kings Canyon National Parks,Bird,Podicipediformes,Podicipedidae,Pied-Billed Grebe,Occasional
Sequoia and Kings Canyon National Parks,Bird,Procellariiformes,Hydrobatidae,"Black Storm Petrel, Black Storm-Petrel",Occasional
Sequoia and Kings Canyon National Parks,Bird,Strigiformes,Strigidae,Northern Saw-Whet Owl,Rare
Sequoia and Kings Canyon National Parks,Bird,Strigiformes,Strigidae,Short-Eared Owl,Rare
Sequoia and Kings Canyon National Parks,Bird,Strigiformes,Strigidae,Long-Eared Owl,Rare
Sequoia and Kings Canyon National Parks,Bird,Strigiformes,Strigidae,Great Horned Owl,Uncommon
Sequoia and Kings Canyon National Parks,Bird,Strigiformes,Strigidae,"Mountain Pygmy Owl, Northern Pygmy-Owl",Uncommon
Sequoia and Kings Canyon National Parks,Bird,Strigiformes,Strigidae,"Tecolote Occidental, Western Screech Owl, Western Screech-Owl",Common
Sequoia and Kings Canyon National Parks,Bird,Strigiformes,Strigidae,Flammulated Owl,Rare
Sequoia and Kings Canyon National Parks,Bird,Strigiformes,Strigidae,"Great Gray Owl, Great Grey Owl",Rare
Sequoia and Kings Canyon National Parks,Bird,Strigiformes,Strigidae,Spotted Owl,Uncommon
Sequoia and Kings Canyon National Parks,Bird,Strigiformes,Strigidae,Barred Owl,Rare
Sequoia and Kings Canyon National Parks,Bird,Strigiformes,Tytonidae,"Barn Owl, Common Barn-Owl",Rare
Sequoia and Kings Canyon National Parks,Bird,Suliformes,Phalacrocoracidae,Double-Crested Cormorant,Occasional
Sequoia and Kings Canyon National Parks,Reptile,Squamata,Anguidae,Northern Alligator Lizard,Common
Sequoia and Kings Canyon National Parks,Reptile,Squamata,Anguidae,Southern Alligator Lizard,Common
Sequoia and Kings Canyon National Parks,Reptile,Squamata,Anniellidae,"California Legless Lizard, Silvery Legless Lizard",nan
Sequoia and Kings Canyon National Parks,Reptile,Squamata,Charinidae,Rubber Boa,Common
Sequoia and Kings Canyon National Parks,Reptile,Squamata,Colubridae,Racer,Rare
Sequoia and Kings Canyon National Parks,Reptile,Squamata,Colubridae,Sharp-Tailed Snake,Uncommon
Sequoia and Kings Canyon National Parks,Reptile,Squamata,Colubridae,"Ringneck Snake, Ring-Necked Snake",Uncommon
Sequoia and Kings Canyon National Parks,Reptile,Squamata,Colubridae,"Night Snake, Nightsnake",Rare
Sequoia and Kings Canyon National Parks,Reptile,Squamata,Colubridae,Common Kingsnake,Common
Sequoia and Kings Canyon National Parks,Reptile,Squamata,Colubridae,California Mountain Kingsnake,Uncommon
Sequoia and Kings Canyon National Parks,Reptile,Squamata,Colubridae,Striped Racer,Common
Sequoia and Kings Canyon National Parks,Reptile,Squamata,Colubridae,"Bullsnake, Gopher Snake",Common
Sequoia and Kings Canyon National Parks,Reptile,Squamata,Colubridae,Long-Nosed Snake,Rare
Sequoia and Kings Canyon National Parks,Reptile,Squamata,Colubridae,Southwestern Black-Headed Snake,Rare
Sequoia and Kings Canyon National Parks,Reptile,Squamata,Colubridae,Western Aquatic Garter Snake,Common
Sequoia and Kings Canyon National Parks,Reptile,Squamata,Colubridae,Western Terrestrial Garter Snake,Common
Sequoia and Kings Canyon National Parks,Reptile,Squamata,Colubridae,Common Garter Snake,nan
Sequoia and Kings Canyon National Parks,Reptile,Squamata,Iguanidae,Sagebrush Lizard,Uncommon
Sequoia and Kings Canyon National Parks,Reptile,Squamata,Iguanidae,Western Fence Lizard,Abundant
Sequoia and Kings Canyon National Parks,Reptile,Squamata,Scincidae,Gilbert's Skink,Common
Sequoia and Kings Canyon National Parks,Reptile,Squamata,Scincidae,Western Skink,nan
Sequoia and Kings Canyon National Parks,Reptile,Squamata,Teiidae,Western Whiptail,Common
Sequoia and Kings Canyon National Parks,Reptile,Squamata,Viperidae,Western Rattlesnake,Common
Sequoia and Kings Canyon National Parks,Reptile,Testudines,Emydidae,"Northern Western Pond Turtle, Pacific Pond Turtle, Western Pond Turtle",Uncommon
Sequoia and Kings Canyon National Parks,Amphibian,Anura,Bufonidae,Western Toad,Rare
Sequoia and Kings Canyon National Parks,Amphibian,Anura,Bufonidae,Yosemite Toad,Rare
Sequoia and Kings Canyon National Parks,Amphibian,Anura,Hylidae,"Northern Pacific Treefrog, Pacific Chorus Frog, Pacific Treefrog",Abundant
Sequoia and Kings Canyon National Parks,Amphibian,Anura,Ranidae,Foothill Yellow-Legged Frog,nan
Sequoia and Kings Canyon National Parks,Amphibian,Anura,Ranidae,"American Bullfrog, Bullfrog",Uncommon
Sequoia and Kings Canyon National Parks,Amphibian,Anura,Ranidae,"Mountain Yellow-Legged Frog, Southern Mountain Yellow-Legged Frog",Uncommon
Sequoia and Kings Canyon National Parks,Amphibian,Anura,Ranidae,Sierra Nevada Mountain Yellow-Legged Frog,Uncommon
Sequoia and Kings Canyon National Parks,Amphibian,Caudata,Plethodontidae,Gregarious Slender Salamander,Uncommon
Sequoia and Kings Canyon National Parks,Amphibian,Caudata,Plethodontidae,Sequoia Slender Salamander,Uncommon
Sequoia and Kings Canyon National Parks,Amphibian,Caudata,Plethodontidae,Kings River Slender Salamander,Uncommon
Sequoia and Kings Canyon National Parks,Amphibian,Caudata,Plethodontidae,Ensatina,Common
Sequoia and Kings Canyon National Parks,Amphibian,Caudata,Plethodontidae,Mount Lyell Salamander,Uncommon
Sequoia and Kings Canyon National Parks,Amphibian,Caudata,Salamandridae,California Newt,Common
Sequoia and Kings Canyon National Parks,Fish,Cypriniformes,Catostomidae,Sacramento Sucker,Uncommon
Sequoia and Kings Canyon National Parks,Fish,Cypriniformes,Cyprinidae,Goldfish,nan
Sequoia and Kings Canyon National Parks,Fish,Cypriniformes,Cyprinidae,"Common Carp, European Carp",nan
Sequoia and Kings Canyon National Parks,Fish,Cypriniformes,Cyprinidae,California Roach,Rare
Sequoia and Kings Canyon National Parks,Fish,Cypriniformes,Cyprinidae,Hardhead,nan
Sequoia and Kings Canyon National Parks,Fish,Cypriniformes,Cyprinidae,Golden Shiner,Rare
Sequoia and Kings Canyon National Parks,Fish,Cypriniformes,Cyprinidae,"Sacramento Pikeminnow, Sacramento Squawfish",nan
Sequoia and Kings Canyon National Parks,Fish,Perciformes,Centrarchidae,Green Sunfish,Rare
Sequoia and Kings Canyon National Parks,Fish,Perciformes,Centrarchidae,Smallmouth Bass,nan
Sequoia and Kings Canyon National Parks,Fish,Salmoniformes,Salmonidae,Rainbow Trout,Abundant
Sequoia and Kings Canyon National Parks,Fish,Salmoniformes,Salmonidae,California Golden Trout,Common
Sequoia and Kings Canyon National Parks,Fish,Salmoniformes,Salmonidae,Kern River Rainbow Trout,Uncommon
Sequoia and Kings Canyon National Parks,Fish,Salmoniformes,Salmonidae,Little Kern Golden Trout,Uncommon
Sequoia and Kings Canyon National Parks,Fish,Salmoniformes,Salmonidae,Brown Trout,Uncommon
Sequoia and Kings Canyon National Parks,Fish,Salmoniformes,Salmonidae,Brook Trout Charr Salter,Common
Sequoia and Kings Canyon National Parks,Fish,Scorpaeniformes,Cottidae,Prickly Sculpin,nan
Sequoia and Kings Canyon National Parks,Fish,Scorpaeniformes,Cottidae,Riffle Sculpin,nan
Sequoia and Kings Canyon National Parks,Fish,Siluriformes,Ictaluridae,Black Bullhead,nan
Sequoia and Kings Canyon National Parks,Fish,Siluriformes,Ictaluridae,Brown Bullhead,nan
Sequoia and Kings Canyon National Parks,Vascular Plant,nan,nan,Pussy Paws,Rare
Sequoia and Kings Canyon National Parks,Vascular Plant,nan,nan,Spanish Clover,Uncommon
Sequoia and Kings Canyon National Parks,Vascular Plant,nan,nan,Chick Lupine,Rare
Sequoia and Kings Canyon National Parks,Vascular Plant,nan,nan,None,Rare
Sequoia and Kings Canyon National Parks,Vascular Plant,nan,nan,Hoary Coffeeberry,Uncommon
Sequoia and Kings Canyon National Parks,Vascular Plant,nan,nan,Rosy Stonecrop,Uncommon
Sequoia and Kings Canyon National Parks,Vascular Plant,nan,nan,False Asphodel,Uncommon
Sequoia and Kings Canyon National Parks,Vascular Plant,Alismatales,Alismataceae,Arumleaf Arrowhead,Rare
Sequoia and Kings Canyon National Parks,Vascular Plant,Alismatales,Araceae,Common Duckweed,Rare
Sequoia and Kings Canyon National Parks,Vascular Plant,Alismatales,Araceae,Star Duckweed,Rare
Sequoia and Kings Canyon National Parks,Vascular Plant,Alismatales,Juncaginaceae,Marsh Arrow-Grass,Uncommon
Sequoia and Kings Canyon National Parks,Vascular Plant,Alismatales,Potamogetonaceae,Grass-Leaved Pondweed,Rare
Sequoia and Kings Canyon National Parks,Vascular Plant,Alismatales,Potamogetonaceae,Floating Leaved Pondweed,Rare
Sequoia and Kings Canyon National Parks,Vascular Plant,Apiales,Apiaceae,Brewer's Angelica,Rare
Sequoia and Kings Canyon National Parks,Vascular Plant,Apiales,Apiaceae,Call's Angelica,Rare
Sequoia and Kings Canyon National Parks,Vascular Plant,Apiales,Apiaceae,Sierra Angelica,Uncommon
Sequoia and Kings Canyon National Parks,Vascular Plant,Apiales,Apiaceae,Bur-Chervil,Rare
Sequoia and Kings Canyon National Parks,Vascular Plant,Apiales,Apiaceae,Cutleaf Water-Parsnip,Rare
Sequoia and Kings Canyon National Parks,Vascular Plant,Apiales,Apiaceae,Hoary Bowlesia,Uncommon
Sequoia and Kings Canyon National Parks,Vascular Plant,Apiales,Apiaceae,Water Hemlock,Rare
Sequoia and Kings Canyon National Parks,Vascular Plant,Apiales,Apiaceae,None,Unknown
Sequoia and Kings Canyon National Parks,Vascular Plant,Apiales,Apiaceae,None,Unknown
Sequoia and Kings Canyon National Parks,Vascular Plant,Apiales,Apiaceae,Rattlesnake Weed,Common
Sequoia and Kings Canyon National Parks,Vascular Plant,Apiales,Apiaceae,Spiny-Sepaled Button-Celery,Rare
Sequoia and Kings Canyon National Parks,Vascular Plant,Apiales,Apiaceae,Cow Parsnip,Uncommon
Sequoia and Kings Canyon National Parks,Vascular Plant,Apiales,Apiaceae,Gray's Lovage,Uncommon
Sequoia and Kings Canyon National Parks,Vascular Plant,Apiales,Apiaceae,Caraway-Leaved Lomatium,nan
Sequoia and Kings Canyon National Parks,Vascular Plant,Apiales,Apiaceae,Fern-Leaved Lomatium,Rare
Sequoia and Kings Canyon National Parks,Vascular Plant,Apiales,Apiaceae,Nevada Lomatium,nan
Sequoia and Kings Canyon National Parks,Vascular Plant,Apiales,Apiaceae,Nevada Lomatium,Rare
Sequoia and Kings Canyon National Parks,Vascular Plant,Apiales,Apiaceae,Torrey's Lomatium,Uncommon
Sequoia and Kings Canyon National Parks,Vascular Plant,Apiales,Apiaceae,Common Lomatium,Uncommon
Sequoia and Kings Canyon National Parks,Vascular Plant,Apiales,Apiaceae,Clement's Mountain Parsley,Common
Sequoia and Kings Canyon National Parks,Vascular Plant,Apiales,Apiaceae,Purple Mountain-Parsley,Rare
Sequoia and Kings Canyon National Parks,Vascular Plant,Apiales,Apiaceae,California Sweet-Sicily,Common
Sequoia and Kings Canyon National Parks,Vascular Plant,Apiales,Apiaceae,Mountain Sweet-Sicily,Common
Sequoia and Kings Canyon National Parks,Vascular Plant,Apiales,Apiaceae,"Sweetanise, Western Sweetroot",nan
Sequoia and Kings Canyon National Parks,Vascular Plant,Apiales,Apiaceae,Cow Bane,Rare
Sequoia and Kings Canyon National Parks,Vascular Plant,Apiales,Apiaceae,Bolander's Yampah,Rare
Sequoia and Kings Canyon National Parks,Vascular Plant,Apiales,Apiaceae,Parish's Yampah,Unknown
Sequoia and Kings Canyon National Parks,Vascular Plant,Apiales,Apiaceae,Poison Sanicle,Uncommon
Sequoia and Kings Canyon National Parks,Vascular Plant,Apiales,Apiaceae,Pacific Sanicle,Uncommon
Sequoia and Kings Canyon National Parks,Vascular Plant,Apiales,Apiaceae,Sierra Sanicle,Uncommon
Sequoia and Kings Canyon National Parks,Vascular Plant,Apiales,Apiaceae,Turkey Pea,Uncommon
Sequoia and Kings Canyon National Parks,Vascular Plant,Apiales,Apiaceae,Ranger's Buttons,Common
Sequoia and Kings Canyon National Parks,Vascular Plant,Apiales,Apiaceae,Hartweg's Tauschia,Uncommon
Sequoia and Kings Canyon National Parks,Vascular Plant,Apiales,Apiaceae,Spreading Hedgeparsley,Uncommon
Sequoia and Kings Canyon National Parks,Vascular Plant,Apiales,Apiaceae,Knotted Hedge-Parsley,Uncommon
Sequoia and Kings Canyon National Parks,Vascular Plant,Apiales,Apiaceae,California Hedge Parsley,Uncommon
Sequoia and Kings Canyon National Parks,Vascular Plant,Apiales,Araliaceae,English Ivy,Rare
Sequoia and Kings Canyon National Parks,Vascular Plant,Asparagales,Amaryllidaceae,Abrams' Allium,Rare
Sequoia and Kings Canyon National Parks,Vascular Plant,Asparagales,Amaryllidaceae,Twincrest Onion,Rare
Sequoia and Kings Canyon National Parks,Vascular Plant,Asparagales,Amaryllidaceae,Sierra Onion,Uncommon
Sequoia and Kings Canyon National Parks,Vascular Plant,Asparagales,Amaryllidaceae,Paper-Flowered Onion,Rare
Sequoia and Kings Canyon National Parks,Vascular Plant,Asparagales,Amaryllidaceae,Papery Onion,Rare
Sequoia and Kings Canyon National Parks,Vascular Plant,Asparagales,Amaryllidaceae,Red Sierra Onion,Rare
Sequoia and Kings Canyon National Parks,Vascular Plant,Asparagales,Amaryllidaceae,Dwarf Onion,Rare
Sequoia and Kings Canyon National Parks,Vascular Plant,Asparagales,Amaryllidaceae,Three-Bracted Onion,Uncommon
Sequoia and Kings Canyon National Parks,Vascular Plant,Asparagales,Amaryllidaceae,Swamp Onion,Common
Sequoia and Kings Canyon National Parks,Vascular Plant,Asparagales,Amaryllidaceae,Summer Snowflake,nan
Sequoia and Kings Canyon National Parks,Vascular Plant,Asparagales,Asparagaceae,Crown Brodiaea,nan
Sequoia and Kings Canyon National Parks,Vascular Plant,Asparagales,Asparagaceae,Harvest Brodiaea,Uncommon
Sequoia and Kings Canyon National Parks,Vascular Plant,Asparagales,Asparagaceae,Common Camas,Rare
Sequoia and Kings Canyon National Parks,Vascular Plant,Asparagales,Asparagaceae,Soap Plant,Uncommon
Sequoia and Kings Canyon National Parks,Vascular Plant,Asparagales,Asparagaceae,Blue Dicks,Common
Sequoia and Kings Canyon National Parks,Vascular Plant,Asparagales,Asparagaceae,Snake Lily,Common
Sequoia and Kings Canyon National Parks,Vascular Plant,Asparagales,Asparagaceae,Western Solomon's Seal,Uncommon
Sequoia and Kings Canyon National Parks,Vascular Plant,Asparagales,Asparagaceae,None,Uncommon
Sequoia and Kings Canyon National Parks,Vascular Plant,Asparagales,Asparagaceae,Pretty Face,Uncommon
Sequoia and Kings Canyon National Parks,Vascular Plant,Asparagales,Asparagaceae,Golden Brodiaea,Rare
Sequoia and Kings Canyon National Parks,Vascular Plant,Asparagales,Asparagaceae,Ithuriel's Spear,Common
Sequoia and Kings Canyon National Parks,Vascular Plant,Asparagales,Asparagaceae,Our Lord's Candle,Uncommon
Sequoia and Kings Canyon National Parks,Vascular Plant,Asparagales,Iridaceae,Hartweg's Iris,Uncommon
Sequoia and Kings Canyon National Parks,Vascular Plant,Asparagales,Iridaceae,Munz's Iris,Rare
Sequoia and Kings Canyon National Parks,Vascular Plant,Asparagales,Iridaceae,Elmer's Blue-Eyed Grass,Rare
Sequoia and Kings Canyon National Parks,Vascular Plant,Asparagales,Iridaceae,Idaho Blue-Eyed Grass,Rare
Sequoia and Kings Canyon National Parks,Vascular Plant,Asparagales,Orchidaceae,Phantom Orchid,Rare
Sequoia and Kings Canyon National Parks,Vascular Plant,Asparagales,Orchidaceae,Spotted Corralroot,Uncommon
Sequoia and Kings Canyon National Parks,Vascular Plant,Asparagales,Orchidaceae,Stream Orchid,Rare
Sequoia and Kings Canyon National Parks,Vascular Plant,Asparagales,Orchidaceae,Rattlesnake Plantain,Uncommon
Sequoia and Kings Canyon National Parks,Vascular Plant,Asparagales,Orchidaceae,Broad-Leaved Twayblade,Uncommon
Sequoia and Kings Canyon National Parks,Vascular Plant,Asparagales,Orchidaceae,Elegant Piperia,Uncommon
Sequoia and Kings Canyon National Parks,Vascular Plant,Asparagales,Orchidaceae,Piperia,Rare
Sequoia and Kings Canyon National Parks,Vascular Plant,Asparagales,Orchidaceae,Slender-Spire Orchid,Uncommon
Sequoia and Kings Canyon National Parks,Vascular Plant,Asparagales,Orchidaceae,Green-Flowered Bog-Orchid,Rare
Sequoia and Kings Canyon National Parks,Vascular Plant,Asparagales,Orchidaceae,White-Flowered Bog-Orchid,Uncommon
Sequoia and Kings Canyon National Parks,Vascular Plant,Asparagales,Orchidaceae,Sparse-Flowered Bog-Orchid,Uncommon
Sequoia and Kings Canyon National Parks,Vascular Plant,Asparagales,Orchidaceae,"Modoc Bog Orchid, Slender Bog Orchid",nan
Sequoia and Kings Canyon National Parks,Vascular Plant,Asparagales,Orchidaceae,Western Ladies Tresses,Rare
Sequoia and Kings Canyon National Parks,Vascular Plant,Asparagales,Orchidaceae,Hooded Ladies Tresses,Uncommon
Sequoia and Kings Canyon National Parks,Vascular Plant,Asterales,Asteraceae,Yarrow,Common
Sequoia and Kings Canyon National Parks,Vascular Plant,Asterales,Asteraceae,Trail Plant,Uncommon
Sequoia and Kings Canyon National Parks,Vascular Plant,Asterales,Asteraceae,Western Snakeroot,Uncommon
Sequoia and Kings Canyon National Parks,Vascular Plant,Asterales,Asteraceae,Orange Agoseris,Uncommon
Sequoia and Kings Canyon National Parks,Vascular Plant,Asterales,Asteraceae,Tall Agoseris,Uncommon
Sequoia and Kings Canyon National Parks,Vascular Plant,Asterales,Asteraceae,Short-Beaked Agoseris,Uncommon
Sequoia and Kings Canyon National Parks,Vascular Plant,Asterales,Asteraceae,Large-Flowered Agoseris,Rare
Sequoia and Kings Canyon National Parks,Vascular Plant,Asterales,Asteraceae,Annual Agoseris,Uncommon
Sequoia and Kings Canyon National Parks,Vascular Plant,Asterales,Asteraceae,Spear-Leaved Agoseris,Common
Sequoia and Kings Canyon National Parks,Vascular Plant,Asterales,Asteraceae,Annual Bur-Sage,Rare
Sequoia and Kings Canyon National Parks,Vascular Plant,Asterales,Asteraceae,Pearly Everlasting,Uncommon
Sequoia and Kings Canyon National Parks,Vascular Plant,Asterales,Asteraceae,Silver Pussytoes,nan
Sequoia and Kings Canyon National Parks,Vascular Plant,Asterales,Asteraceae,Meadow Everlasting,Uncommon
Sequoia and Kings Canyon National Parks,Vascular Plant,Asterales,Asteraceae,Low Everlasting,Uncommon
Sequoia and Kings Canyon National Parks,Vascular Plant,Asterales,Asteraceae,Alpine Everlasting,Common
Sequoia and Kings Canyon National Parks,Vascular Plant,Asterales,Asteraceae,Beautiful Pussy-Toes,Rare
Sequoia and Kings Canyon National Parks,Vascular Plant,Asterales,Asteraceae,Rosy Everlasting,Rare
Sequoia and Kings Canyon National Parks,Vascular Plant,Asterales,Asteraceae,Rosy Pussytoes,nan
Sequoia and Kings Canyon National Parks,Vascular Plant,Asterales,Asteraceae,Umber Pussytoes,Uncommon
Sequoia and Kings Canyon National Parks,Vascular Plant,Asterales,Asteraceae,Stinkweed,Rare
Sequoia and Kings Canyon National Parks,Vascular Plant,Asterales,Asteraceae,Streambank Arnica,Rare
Sequoia and Kings Canyon National Parks,Vascular Plant,Asterales,Asteraceae,Meadow Arnica,Rare
Sequoia and Kings Canyon National Parks,Vascular Plant,Asterales,Asteraceae,Heart-Leaved Arnica,Rare
Sequoia and Kings Canyon National Parks,Vascular Plant,Asterales,Asteraceae,Mountain Arnica,nan
Sequoia and Kings Canyon National Parks,Vascular Plant,Asterales,Asteraceae,Seep-Spring Arnica,Rare
Sequoia and Kings Canyon National Parks,Vascular Plant,Asterales,Asteraceae,Cordilleran Arnica,Uncommon
Sequoia and Kings Canyon National Parks,Vascular Plant,Asterales,Asteraceae,Nevada Arnica,Rare
Sequoia and Kings Canyon National Parks,Vascular Plant,Asterales,Asteraceae,Parry's Arnica,Rare
Sequoia and Kings Canyon National Parks,Vascular Plant,Asterales,Asteraceae,Mugwort,Uncommon
Sequoia and Kings Canyon National Parks,Vascular Plant,Asterales,Asteraceae,Tarragon,Uncommon
Sequoia and Kings Canyon National Parks,Vascular Plant,Asterales,Asteraceae,Silver Wormwood,Rare
Sequoia and Kings Canyon National Parks,Vascular Plant,Asterales,Asteraceae,Silver Wormwood,Uncommon
Sequoia and Kings Canyon National Parks,Vascular Plant,Asterales,Asteraceae,Boreal Sagewort,Common
Sequoia and Kings Canyon National Parks,Vascular Plant,Asterales,Asteraceae,Rothrock Sagebrush,Uncommon
Sequoia and Kings Canyon National Parks,Vascular Plant,Asterales,Asteraceae,Mountain Sagebrush,Common
Sequoia and Kings Canyon National Parks,Vascular Plant,Asterales,Asteraceae,Alpine Aster,Uncommon
Sequoia and Kings Canyon National Parks,Vascular Plant,Asterales,Asteraceae,Long-Leaved Aster,Rare
Sequoia and Kings Canyon National Parks,Vascular Plant,Asterales,Asteraceae,Brewer's Golden-Aster,Uncommon
Sequoia and Kings Canyon National Parks,Vascular Plant,Asterales,Asteraceae,Eaton's Aster,Rare
Sequoia and Kings Canyon National Parks,Vascular Plant,Asterales,Asteraceae,Parry's Aster,nan
Sequoia and Kings Canyon National Parks,Vascular Plant,Asterales,Asteraceae,Thickstem Aster,Uncommon
Sequoia and Kings Canyon National Parks,Vascular Plant,Asterales,Asteraceae,Western Mountain Aster,Uncommon
Sequoia and Kings Canyon National Parks,Vascular Plant,Asterales,Asteraceae,Western Bog Aster,Rare
Sequoia and Kings Canyon National Parks,Vascular Plant,Asterales,Asteraceae,Peirson's Aster,Uncommon
Sequoia and Kings Canyon National Parks,Vascular Plant,Asterales,Asteraceae,Marsh Baccharis,Uncommon
Sequoia and Kings Canyon National Parks,Vascular Plant,Asterales,Asteraceae,Water-Wally,Rare
Sequoia and Kings Canyon National Parks,Vascular Plant,Asterales,Asteraceae,Deltoid Balsam Root,Uncommon
Sequoia and Kings Canyon National Parks,Vascular Plant,Asterales,Asteraceae,Arrow-Leaved Balsam,Rare
Sequoia and Kings Canyon National Parks,Vascular Plant,Asterales,Asteraceae,English Daisy,nan
Sequoia and Kings Canyon National Parks,Vascular Plant,Asterales,Asteraceae,California Brickellbush,Rare
Sequoia and Kings Canyon National Parks,Vascular Plant,Asterales,Asteraceae,Large-Flowered Brickellia,Uncommon
Sequoia and Kings Canyon National Parks,Vascular Plant,Asterales,Asteraceae,Italian Thistle,Uncommon
Sequoia and Kings Canyon National Parks,Vascular Plant,Asterales,Asteraceae,Safflower,nan
Sequoia and Kings Canyon National Parks,Vascular Plant,Asterales,Asteraceae,Tocolote,Common
Sequoia and Kings Canyon National Parks,Vascular Plant,Asterales,Asteraceae,Yellow Star-Thistle,nan
Sequoia and Kings Canyon National Parks,Vascular Plant,Asterales,Asteraceae,Southern Sierra Chaenactis,Uncommon
Sequoia and Kings Canyon National Parks,Vascular Plant,Asterales,Asteraceae,Dusty Maidens,Uncommon
Sequoia and Kings Canyon National Parks,Vascular Plant,Asterales,Asteraceae,Yellow Pincushion,Rare
Sequoia and Kings Canyon National Parks,Vascular Plant,Asterales,Asteraceae,Pineapple Weed,Uncommon
Sequoia and Kings Canyon National Parks,Vascular Plant,Asterales,Asteraceae,Rubber Rabbitbrush,Uncommon
Sequoia and Kings Canyon National Parks,Vascular Plant,Asterales,Asteraceae,Parry's Rabbitbrush,Uncommon
Sequoia and Kings Canyon National Parks,Vascular Plant,Asterales,Asteraceae,Yellow Rabbitbrush,Uncommon
Sequoia and Kings Canyon National Parks,Vascular Plant,Asterales,Asteraceae,Anderson's Thistle,Uncommon
Sequoia and Kings Canyon National Parks,Vascular Plant,Asterales,Asteraceae,Arizona Thistle,Rare
Sequoia and Kings Canyon National Parks,Vascular Plant,Asterales,Asteraceae,Arizona Thistle,Rare
Sequoia and Kings Canyon National Parks,Vascular Plant,Asterales,Asteraceae,California Thistle,Uncommon
Sequoia and Kings Canyon National Parks,Vascular Plant,Asterales,Asteraceae,Venus Thistle,Uncommon
Sequoia and Kings Canyon National Parks,Vascular Plant,Asterales,Asteraceae,Elk Thistle,Uncommon
Sequoia and Kings Canyon National Parks,Vascular Plant,Asterales,Asteraceae,Bull Thistle,Rare
Sequoia and Kings Canyon National Parks,Vascular Plant,Asterales,Asteraceae,Horseweed,Rare
Sequoia and Kings Canyon National Parks,Vascular Plant,Asterales,Asteraceae,Bigelow's Tickseed,nan
Sequoia and Kings Canyon National Parks,Vascular Plant,Asterales,Asteraceae,Stillman's Tickseed,Rare
Sequoia and Kings Canyon National Parks,Vascular Plant,Asterales,Asteraceae,Brass Buttons,Rare
Sequoia and Kings Canyon National Parks,Vascular Plant,Asterales,Asteraceae,Long-Leaved Hawksbeard,Rare
Sequoia and Kings Canyon National Parks,Vascular Plant,Asterales,Asteraceae,Intermediate Hawksbeard,Rare
Sequoia and Kings Canyon National Parks,Vascular Plant,Asterales,Asteraceae,Dwarf Hawksbeard,Uncommon
Sequoia and Kings Canyon National Parks,Vascular Plant,Asterales,Asteraceae,None,Uncommon
Sequoia and Kings Canyon National Parks,Vascular Plant,Asterales,Asteraceae,Golden-Fleece,Uncommon
Sequoia and Kings Canyon National Parks,Vascular Plant,Asterales,Asteraceae,Bloomer's Goldenbush,Uncommon
Sequoia and Kings Canyon National Parks,Vascular Plant,Asterales,Asteraceae,Wedgeleaf Goldenbush,Uncommon
Sequoia and Kings Canyon National Parks,Vascular Plant,Asterales,Asteraceae,Cliff Goldenbush,nan
Sequoia and Kings Canyon National Parks,Vascular Plant,Asterales,Asteraceae,Whitestem Goldenbush,Uncommon
Sequoia and Kings Canyon National Parks,Vascular Plant,Asterales,Asteraceae,Singlehead Goldenbush,Uncommon
Sequoia and Kings Canyon National Parks,Vascular Plant,Asterales,Asteraceae,Hall's Daisy,Rare
Sequoia and Kings Canyon National Parks,Vascular Plant,Asterales,Asteraceae,Stalked Fleabane,Common
Sequoia and Kings Canyon National Parks,Vascular Plant,Asterales,Asteraceae,Shining Fleabane,nan
Sequoia and Kings Canyon National Parks,Vascular Plant,Asterales,Asteraceae,Brewer's Fleabane,Uncommon
Sequoia and Kings Canyon National Parks,Vascular Plant,Asterales,Asteraceae,Brewer's Daisy,Rare
Sequoia and Kings Canyon National Parks,Vascular Plant,Asterales,Asteraceae,Clokey's Daisy,Rare
Sequoia and Kings Canyon National Parks,Vascular Plant,Asterales,Asteraceae,"Cushion Daisy, Fernleaf Fleabane, Fern-Leaf Fleabane",nan
Sequoia and Kings Canyon National Parks,Vascular Plant,Asterales,Asteraceae,Cut-Leaved Daisy,Uncommon
Sequoia and Kings Canyon National Parks,Vascular Plant,Asterales,Asteraceae,Coulter's Daisy,Uncommon
Sequoia and Kings Canyon National Parks,Vascular Plant,Asterales,Asteraceae,Diffuse Daisy,Uncommon
Sequoia and Kings Canyon National Parks,Vascular Plant,Asterales,Asteraceae,Elmer's Daisy,Uncommon
Sequoia and Kings Canyon National Parks,Vascular Plant,Asterales,Asteraceae,Leafy Daisy,Uncommon
Sequoia and Kings Canyon National Parks,Vascular Plant,Asterales,Asteraceae,"California Rayless Daisy, California Rayless Fleabane",nan
Sequoia and Kings Canyon National Parks,Vascular Plant,Asterales,Asteraceae,Keil's Erigeron,Rare
Sequoia and Kings Canyon National Parks,Vascular Plant,Asterales,Asteraceae,Kern River Daisy,Rare
Sequoia and Kings Canyon National Parks,Vascular Plant,Asterales,Asteraceae,Wandering Daisy,Unknown
Sequoia and Kings Canyon National Parks,Vascular Plant,Asterales,Asteraceae,Wandering Daisy,Unknown
Sequoia and Kings Canyon National Parks,Vascular Plant,Asterales,Asteraceae,Dwarf Daisy,Uncommon
Sequoia and Kings Canyon National Parks,Vascular Plant,Asterales,Asteraceae,"Daisy Fleabane, Prairie Fleabane, Rough Fleabane",nan
Sequoia and Kings Canyon National Parks,Vascular Plant,Asterales,Asteraceae,Loose Daisy,Uncommon
Sequoia and Kings Canyon National Parks,Vascular Plant,Asterales,Asteraceae,Golden Yarrow,Uncommon
Sequoia and Kings Canyon National Parks,Vascular Plant,Asterales,Asteraceae,Common Woolly Sunflower,Unknown
Sequoia and Kings Canyon National Parks,Vascular Plant,Asterales,Asteraceae,Oregon Sunshine,Unknown
Sequoia and Kings Canyon National Parks,Vascular Plant,Asterales,Asteraceae,Woolly Sunflower,Unknown
Sequoia and Kings Canyon National Parks,Vascular Plant,Asterales,Asteraceae,Western Goldenrod,Rare
Sequoia and Kings Canyon National Parks,Vascular Plant,Asterales,Asteraceae,California Cottonrose,Common
Sequoia and Kings Canyon National Parks,Vascular Plant,Asterales,Asteraceae,Narrowleaf Cottonrose,Uncommon
Sequoia and Kings Canyon National Parks,Vascular Plant,Asterales,Asteraceae,Bioletti's Cudweed,Uncommon
Sequoia and Kings Canyon National Parks,Vascular Plant,Asterales,Asteraceae,Ladies' Cottonrose,Uncommon
Sequoia and Kings Canyon National Parks,Vascular Plant,Asterales,Asteraceae,None,Unknown
Sequoia and Kings Canyon National Parks,Vascular Plant,Asterales,Asteraceae,None,Unknown
Sequoia and Kings Canyon National Parks,Vascular Plant,Asterales,Asteraceae,None,nan
Sequoia and Kings Canyon National Parks,Vascular Plant,Asterales,Asteraceae,"Cudweed, Everlasting",Rare
Sequoia and Kings Canyon National Parks,Vascular Plant,Asterales,Asteraceae,Lowland Cudweed,Rare
Sequoia and Kings Canyon National Parks,Vascular Plant,Asterales,Asteraceae,Cotton-Batting Plant,Uncommon
Sequoia and Kings Canyon National Parks,Vascular Plant,Asterales,Asteraceae,Whitney's Bristleweed,Uncommon
Sequoia and Kings Canyon National Parks,Vascular Plant,Asterales,Asteraceae,Crete Weed,Rare
Sequoia and Kings Canyon National Parks,Vascular Plant,Asterales,Asteraceae,Bigelow's Sneezeweed,Uncommon
Sequoia and Kings Canyon National Parks,Vascular Plant,Asterales,Asteraceae,Common Sunflower,Rare
Sequoia and Kings Canyon National Parks,Vascular Plant,Asterales,Asteraceae,Kellogg's Tarweed,Rare
Sequoia and Kings Canyon National Parks,Vascular Plant,Asterales,Asteraceae,Common Spikeweed,nan
Sequoia and Kings Canyon National Parks,Vascular Plant,Asterales,Asteraceae,Dwarf Hesperevax,Uncommon
Sequoia and Kings Canyon National Parks,Vascular Plant,Asterales,Asteraceae,Telegraph Weed,Rare
Sequoia and Kings Canyon National Parks,Vascular Plant,Asterales,Asteraceae,White-Flowered Hawkweed,Common
Sequoia and Kings Canyon National Parks,Vascular Plant,Asterales,Asteraceae,Alpine Hawkweed,Rare
Sequoia and Kings Canyon National Parks,Vascular Plant,Asterales,Asteraceae,Alpine Hawkweed,nan
Sequoia and Kings Canyon National Parks,Vascular Plant,Asterales,Asteraceae,Shaggy Hawkweed,Common
Sequoia and Kings Canyon National Parks,Vascular Plant,Asterales,Asteraceae,Scouler's Hawkweed,Rare
Sequoia and Kings Canyon National Parks,Vascular Plant,Asterales,Asteraceae,Heerman's Tarweed,Uncommon
Sequoia and Kings Canyon National Parks,Vascular Plant,Asterales,Asteraceae,Alpine Hulsea,Uncommon
Sequoia and Kings Canyon National Parks,Vascular Plant,Asterales,Asteraceae,Short-Leaved Hulsea,Rare
Sequoia and Kings Canyon National Parks,Vascular Plant,Asterales,Asteraceae,Red-Rayed Hulsea,Rare
Sequoia and Kings Canyon National Parks,Vascular Plant,Asterales,Asteraceae,Pumice Hulsea,nan
Sequoia and Kings Canyon National Parks,Vascular Plant,Asterales,Asteraceae,Pumice Hulsea,Uncommon
Sequoia and Kings Canyon National Parks,Vascular Plant,Asterales,Asteraceae,Smooth Cat's Ear,Common
Sequoia and Kings Canyon National Parks,Vascular Plant,Asterales,Asteraceae,Prickly Lettuce,Uncommon
Sequoia and Kings Canyon National Parks,Vascular Plant,Asterales,Asteraceae,California Goldfields,Uncommon
Sequoia and Kings Canyon National Parks,Vascular Plant,Asterales,Asteraceae,White Layia,nan
Sequoia and Kings Canyon National Parks,Vascular Plant,Asterales,Asteraceae,Sierra Layia,Uncommon
Sequoia and Kings Canyon National Parks,Vascular Plant,Asterales,Asteraceae,California-Aster,Uncommon
Sequoia and Kings Canyon National Parks,Vascular Plant,Asterales,Asteraceae,Sierra Lessingia,Rare
Sequoia and Kings Canyon National Parks,Vascular Plant,Asterales,Asteraceae,Hoary Tansyaster,nan
Sequoia and Kings Canyon National Parks,Vascular Plant,Asterales,Asteraceae,Bolander's Madia,Uncommon
Sequoia and Kings Canyon National Parks,Vascular Plant,Asterales,Asteraceae,Common Madia,Common
Sequoia and Kings Canyon National Parks,Vascular Plant,Asterales,Asteraceae,Common Madia,Uncommon
Sequoia and Kings Canyon National Parks,Vascular Plant,Asterales,Asteraceae,Common Madia,Rare
Sequoia and Kings Canyon National Parks,Vascular Plant,Asterales,Asteraceae,Threadstem Madia,Uncommon
Sequoia and Kings Canyon National Parks,Vascular Plant,Asterales,Asteraceae,Mountain Tarweed,Rare
Sequoia and Kings Canyon National Parks,Vascular Plant,Asterales,Asteraceae,Slender Tarweed,Rare
Sequoia and Kings Canyon National Parks,Vascular Plant,Asterales,Asteraceae,Oppositeleaved Tarweed,Common
Sequoia and Kings Canyon National Parks,Vascular Plant,Asterales,Asteraceae,Yosemite Tarweed,Rare
Sequoia and Kings Canyon National Parks,Vascular Plant,Asterales,Asteraceae,Cleveland's Desertdandelion,Uncommon
Sequoia and Kings Canyon National Parks,Vascular Plant,Asterales,Asteraceae,Slender Cottonweed,Uncommon
Sequoia and Kings Canyon National Parks,Vascular Plant,Asterales,Asteraceae,Q-Tips,nan
Sequoia and Kings Canyon National Parks,Vascular Plant,Asterales,Asteraceae,Nodding Microseris,Uncommon
Sequoia and Kings Canyon National Parks,Vascular Plant,Asterales,Asteraceae,Alpine Lake Prairie-Dandelion,Common
Sequoia and Kings Canyon National Parks,Vascular Plant,Asterales,Asteraceae,California Mountainpincushion,Uncommon
Sequoia and Kings Canyon National Parks,Vascular Plant,Asterales,Asteraceae,"Mountain Leaftail, Mountain Tail-Leaf, Mountain Taper Leaf",nan
Sequoia and Kings Canyon National Parks,Vascular Plant,Asterales,Asteraceae,"Grassy Rock Goldenrod, Grassy Rockgoldenrod",nan
Sequoia and Kings Canyon National Parks,Vascular Plant,Asterales,Asteraceae,Bolander's Dandelion,Rare
Sequoia and Kings Canyon National Parks,Vascular Plant,Asterales,Asteraceae,Heerman's Sunburst,Common
Sequoia and Kings Canyon National Parks,Vascular Plant,Asterales,Asteraceae,Dwarf Wooly-Heads,Rare
Sequoia and Kings Canyon National Parks,Vascular Plant,Asterales,Asteraceae,Alpine Pyrrocoma,Uncommon
Sequoia and Kings Canyon National Parks,Vascular Plant,Asterales,Asteraceae,California Chickory,Uncommon
Sequoia and Kings Canyon National Parks,Vascular Plant,Asterales,Asteraceae,Silky Raillardella,Common
Sequoia and Kings Canyon National Parks,Vascular Plant,Asterales,Asteraceae,Green-Leaved Raillardella,Uncommon
Sequoia and Kings Canyon National Parks,Vascular Plant,Asterales,Asteraceae,Muir's Raillardella,Uncommon
Sequoia and Kings Canyon National Parks,Vascular Plant,Asterales,Asteraceae,Wireweed,Rare
Sequoia and Kings Canyon National Parks,Vascular Plant,Asterales,Asteraceae,California Cone-Flower,Rare
Sequoia and Kings Canyon National Parks,Vascular Plant,Asterales,Asteraceae,California Butterweed,Uncommon
Sequoia and Kings Canyon National Parks,Vascular Plant,Asterales,Asteraceae,Wooly Butterweed,Uncommon
Sequoia and Kings Canyon National Parks,Vascular Plant,Asterales,Asteraceae,Clark's Ragwort,Uncommon
Sequoia and Kings Canyon National Parks,Vascular Plant,Asterales,Asteraceae,Shrubby Butterweed,Rare
Sequoia and Kings Canyon National Parks,Vascular Plant,Asterales,Asteraceae,Dwarf Mountain Ragwort,Uncommon
Sequoia and Kings Canyon National Parks,Vascular Plant,Asterales,Asteraceae,Dwarf Mountain Ragwort,Uncommon
Sequoia and Kings Canyon National Parks,Vascular Plant,Asterales,Asteraceae,Rayless Mountain Butterweed,Uncommon
Sequoia and Kings Canyon National Parks,Vascular Plant,Asterales,Asteraceae,Single-Stemmed Butterweed,Uncommon
Sequoia and Kings Canyon National Parks,Vascular Plant,Asterales,Asteraceae,Single-Stemmed Butterweed,Uncommon
Sequoia and Kings Canyon National Parks,Vascular Plant,Asterales,Asteraceae,Rayless Alpine Butterweed,Uncommon
Sequoia and Kings Canyon National Parks,Vascular Plant,Asterales,Asteraceae,Streambank Butterweed,Rare
Sequoia and Kings Canyon National Parks,Vascular Plant,Asterales,Asteraceae,Sierra Butterweed,Uncommon
Sequoia and Kings Canyon National Parks,Vascular Plant,Asterales,Asteraceae,Tall Butterweed,Uncommon
Sequoia and Kings Canyon National Parks,Vascular Plant,Asterales,Asteraceae,Cleftleaf Groundsel,Rare
Sequoia and Kings Canyon National Parks,Vascular Plant,Asterales,Asteraceae,Arrowhead Butterweed,Common
Sequoia and Kings Canyon National Parks,Vascular Plant,Asterales,Asteraceae,Old-Man-In-The-Spring,Uncommon
Sequoia and Kings Canyon National Parks,Vascular Plant,Asterales,Asteraceae,Hoary Groundsel,Uncommon
Sequoia and Kings Canyon National Parks,Vascular Plant,Asterales,Asteraceae,Milk Thistle,Rare
Sequoia and Kings Canyon National Parks,Vascular Plant,Asterales,Asteraceae,California Goldenrod,Uncommon
Sequoia and Kings Canyon National Parks,Vascular Plant,Asterales,Asteraceae,Canada Goldenrod,Uncommon
Sequoia and Kings Canyon National Parks,Vascular Plant,Asterales,Asteraceae,Northern Goldenrod,Common
Sequoia and Kings Canyon National Parks,Vascular Plant,Asterales,Asteraceae,Nevada Goldenrod,nan
Sequoia and Kings Canyon National Parks,Vascular Plant,Asterales,Asteraceae,Field Burrweed,Rare
Sequoia and Kings Canyon National Parks,Vascular Plant,Asterales,Asteraceae,Prickly Sow Thistle,Rare
Sequoia and Kings Canyon National Parks,Vascular Plant,Asterales,Asteraceae,Common Sow Thistle,Uncommon
Sequoia and Kings Canyon National Parks,Vascular Plant,Asterales,Asteraceae,Slender Sow Thistle,Uncommon
Sequoia and Kings Canyon National Parks,Vascular Plant,Asterales,Asteraceae,Grey Tansy,Uncommon
Sequoia and Kings Canyon National Parks,Vascular Plant,Asterales,Asteraceae,Wire Lettuce,Uncommon
Sequoia and Kings Canyon National Parks,Vascular Plant,Asterales,Asteraceae,Wand Wirelettuce,Rare
Sequoia and Kings Canyon National Parks,Vascular Plant,Asterales,Asteraceae,Everlasting Nest Straw,Rare
Sequoia and Kings Canyon National Parks,Vascular Plant,Asterales,Asteraceae,Feverfew,nan
Sequoia and Kings Canyon National Parks,Vascular Plant,Asterales,Asteraceae,Dandelion,Uncommon
Sequoia and Kings Canyon National Parks,Vascular Plant,Asterales,Asteraceae,Spineless Horsebrush,Common
Sequoia and Kings Canyon National Parks,Vascular Plant,Asterales,Asteraceae,Peirson's Serpentweed,Rare
Sequoia and Kings Canyon National Parks,Vascular Plant,Asterales,Asteraceae,Yellow Salsify,Uncommon
Sequoia and Kings Canyon National Parks,Vascular Plant,Asterales,Asteraceae,Short-Rayed Daisy,Uncommon
Sequoia and Kings Canyon National Parks,Vascular Plant,Asterales,Asteraceae,Silver Puffs,Uncommon
Sequoia and Kings Canyon National Parks,Vascular Plant,Asterales,Asteraceae,Narrow-Leaved Mule's Ears,nan
Sequoia and Kings Canyon National Parks,Vascular Plant,Asterales,Asteraceae,Mule-Ears,Uncommon
Sequoia and Kings Canyon National Parks,Vascular Plant,Asterales,Asteraceae,Cocklebur,Rare
Sequoia and Kings Canyon National Parks,Vascular Plant,Asterales,Campanulaceae,California Harebell,Uncommon
Sequoia and Kings Canyon National Parks,Vascular Plant,Asterales,Campanulaceae,Common Bluecup,Uncommon
Sequoia and Kings Canyon National Parks,Vascular Plant,Asterales,Campanulaceae,Rareflower Heterocodon,Uncommon
Sequoia and Kings Canyon National Parks,Vascular Plant,Asterales,Campanulaceae,Common Nemacladus,Rare
Sequoia and Kings Canyon National Parks,Vascular Plant,Asterales,Campanulaceae,Sierra Nemacladus,Rare
Sequoia and Kings Canyon National Parks,Vascular Plant,Asterales,Campanulaceae,Fleshy Porterella,Rare
Sequoia and Kings Canyon National Parks,Vascular Plant,Asterales,Campanulaceae,Venus' Looking Glass,Rare
Sequoia and Kings Canyon National Parks,Vascular Plant,Asterales,Menyanthaceae,"Bog-Bean, Buckbean, Buck-Bean, Common Bogbean",Rare
Sequoia and Kings Canyon National Parks,Vascular Plant,Boraginales,Boraginaceae,Eastwood's Fiddleneck,Rare
Sequoia and Kings Canyon National Parks,Vascular Plant,Boraginales,Boraginaceae,Rancher's Fire Weed,Common
Sequoia and Kings Canyon National Parks,Vascular Plant,Boraginales,Boraginaceae,Rancher's Fire Weed,nan
Sequoia and Kings Canyon National Parks,Vascular Plant,Boraginales,Boraginaceae,Common Cryptantha,Uncommon
Sequoia and Kings Canyon National Parks,Vascular Plant,Boraginales,Boraginaceae,Wilkes' Cryptantha,Rare
Sequoia and Kings Canyon National Parks,Vascular Plant,Boraginales,Boraginaceae,Cushion Cryptantha,nan
Sequoia and Kings Canyon National Parks,Vascular Plant,Boraginales,Boraginaceae,Prickly Cryptantha,Uncommon
Sequoia and Kings Canyon National Parks,Vascular Plant,Boraginales,Boraginaceae,Flaccid Cryptantha,Uncommon
Sequoia and Kings Canyon National Parks,Vascular Plant,Boraginales,Boraginaceae,Truckee Cryptantha,Rare
Sequoia and Kings Canyon National Parks,Vascular Plant,Boraginales,Boraginaceae,Roundspike Cryptantha,Rare
Sequoia and Kings Canyon National Parks,Vascular Plant,Boraginales,Boraginaceae,Clearwater Cryptantha,Common
Sequoia and Kings Canyon National Parks,Vascular Plant,Boraginales,Boraginaceae,Minute-Flowered Cryptantha,Uncommon
Sequoia and Kings Canyon National Parks,Vascular Plant,Boraginales,Boraginaceae,Pointed Cryptantha,Uncommon
Sequoia and Kings Canyon National Parks,Vascular Plant,Boraginales,Boraginaceae,Sierra Cryptantha,Uncommon
Sequoia and Kings Canyon National Parks,Vascular Plant,Boraginales,Boraginaceae,Pine Cryptantha,Uncommon
Sequoia and Kings Canyon National Parks,Vascular Plant,Boraginales,Boraginaceae,Torrey's Cryptantha,Uncommon
Sequoia and Kings Canyon National Parks,Vascular Plant,Boraginales,Boraginaceae,Pacific Hound's Tongue,Uncommon
Sequoia and Kings Canyon National Parks,Vascular Plant,Boraginales,Boraginaceae,Western Hound's Tongue,Uncommon
Sequoia and Kings Canyon National Parks,Vascular Plant,Boraginales,Boraginaceae,Yerba Santa,Common
Sequoia and Kings Canyon National Parks,Vascular Plant,Boraginales,Boraginaceae,Many-Flowered Stickseed,Rare
Sequoia and Kings Canyon National Parks,Vascular Plant,Boraginales,Boraginaceae,Jessica Sticktight,Uncommon
Sequoia and Kings Canyon National Parks,Vascular Plant,Boraginales,Boraginaceae,Pink Stickseed,Common
Sequoia and Kings Canyon National Parks,Vascular Plant,Boraginales,Boraginaceae,Sharsmith's Stickseed,Uncommon
Sequoia and Kings Canyon National Parks,Vascular Plant,Boraginales,Boraginaceae,Velvety Stickseed,Common
Sequoia and Kings Canyon National Parks,Vascular Plant,Boraginales,Boraginaceae,Streamside Bluebells,Common
Sequoia and Kings Canyon National Parks,Vascular Plant,Boraginales,Boraginaceae,Rothrock's Nama,Rare
Sequoia and Kings Canyon National Parks,Vascular Plant,Boraginales,Boraginaceae,Winged Pectocarya,Rare
Sequoia and Kings Canyon National Parks,Vascular Plant,Boraginales,Boraginaceae,Little Pectocarya,Uncommon
Sequoia and Kings Canyon National Parks,Vascular Plant,Boraginales,Boraginaceae,Adobe Allocarya,Rare
Sequoia and Kings Canyon National Parks,Vascular Plant,Boraginales,Boraginaceae,Harsh Popcornflower,Uncommon
Sequoia and Kings Canyon National Parks,Vascular Plant,Boraginales,Boraginaceae,Popcornflower,Common
Sequoia and Kings Canyon National Parks,Vascular Plant,Boraginales,Boraginaceae,"Slender Popcornflower, Stalked Popcornflower",nan
Sequoia and Kings Canyon National Parks,Vascular Plant,Boraginales,Boraginaceae,Slender Popcornflower,Uncommon
Sequoia and Kings Canyon National Parks,Vascular Plant,Boraginales,Boraginaceae,Torrey's Popcornflower,Rare
Sequoia and Kings Canyon National Parks,Vascular Plant,Boraginales,Boraginaceae,Torrey's Popcornflower,Rare
Sequoia and Kings Canyon National Parks,Vascular Plant,Boraginales,Boraginaceae,Roughfruit Popcornflower,Rare
Sequoia and Kings Canyon National Parks,Vascular Plant,Boraginales,Boraginaceae,Poodle-Dog Bush,Rare
Sequoia and Kings Canyon National Parks,Vascular Plant,Boraginales,Heliotropiaceae,Heliotrope,Rare
Sequoia and Kings Canyon National Parks,Vascular Plant,Boraginales,Hydrophyllaceae,Draperia,Uncommon
Sequoia and Kings Canyon National Parks,Vascular Plant,Boraginales,Hydrophyllaceae,Whispering Bells,Uncommon
Sequoia and Kings Canyon National Parks,Vascular Plant,Boraginales,Hydrophyllaceae,California Hesperochiron,nan
Sequoia and Kings Canyon National Parks,Vascular Plant,Boraginales,Hydrophyllaceae,Dwarf Hesperochiron,Uncommon
Sequoia and Kings Canyon National Parks,Vascular Plant,Boraginales,Hydrophyllaceae,California Waterleaf,Uncommon
Sequoia and Kings Canyon National Parks,Vascular Plant,Boraginales,Hydrophyllaceae,Small Baby Blue Eyes,nan
Sequoia and Kings Canyon National Parks,Vascular Plant,Boraginales,Hydrophyllaceae,Fivespot,Uncommon
Sequoia and Kings Canyon National Parks,Vascular Plant,Boraginales,Hydrophyllaceae,Baby Blue-Eyes,Uncommon
Sequoia and Kings Canyon National Parks,Vascular Plant,Boraginales,Hydrophyllaceae,Pretty Nemophila,Uncommon
Sequoia and Kings Canyon National Parks,Vascular Plant,Boraginales,Hydrophyllaceae,Sierra Nemophila,Uncommon
Sequoia and Kings Canyon National Parks,Vascular Plant,Boraginales,Hydrophyllaceae,Southern Sierra Phacelia,Rare
Sequoia and Kings Canyon National Parks,Vascular Plant,Boraginales,Hydrophyllaceae,California Phacelia,nan
Sequoia and Kings Canyon National Parks,Vascular Plant,Boraginales,Hydrophyllaceae,Caterpillar Phacelia,Common
Sequoia and Kings Canyon National Parks,Vascular Plant,Boraginales,Hydrophyllaceae,Congdon's Phacelia,nan
Sequoia and Kings Canyon National Parks,Vascular Plant,Boraginales,Hydrophyllaceae,Limestone Phacelia,Uncommon
Sequoia and Kings Canyon National Parks,Vascular Plant,Boraginales,Hydrophyllaceae,"Distant Phacelia, Distant Scorpion-Weed",nan
Sequoia and Kings Canyon National Parks,Vascular Plant,Boraginales,Hydrophyllaceae,Kaweah River Phacelia,Uncommon
Sequoia and Kings Canyon National Parks,Vascular Plant,Boraginales,Hydrophyllaceae,Eisin's Phacelia,Uncommon
Sequoia and Kings Canyon National Parks,Vascular Plant,Boraginales,Hydrophyllaceae,Silverleaf Phacelia,Uncommon
Sequoia and Kings Canyon National Parks,Vascular Plant,Boraginales,Hydrophyllaceae,Varileaf Phacelia,Uncommon
Sequoia and Kings Canyon National Parks,Vascular Plant,Boraginales,Hydrophyllaceae,Low Phacelia,Rare
Sequoia and Kings Canyon National Parks,Vascular Plant,Boraginales,Hydrophyllaceae,Waterleaf Phacelia,Uncommon
Sequoia and Kings Canyon National Parks,Vascular Plant,Boraginales,Hydrophyllaceae,Imbricate Phacelia,Uncommon
Sequoia and Kings Canyon National Parks,Vascular Plant,Boraginales,Hydrophyllaceae,Changeable Phacelia,Uncommon
Sequoia and Kings Canyon National Parks,Vascular Plant,Boraginales,Hydrophyllaceae,Mountain Phacelia,Rare
Sequoia and Kings Canyon National Parks,Vascular Plant,Boraginales,Hydrophyllaceae,Purpus' Phacelia,Uncommon
Sequoia and Kings Canyon National Parks,Vascular Plant,Boraginales,Hydrophyllaceae,Quick's Phacelia,nan
Sequoia and Kings Canyon National Parks,Vascular Plant,Boraginales,Hydrophyllaceae,Branching Phacelia,nan
Sequoia and Kings Canyon National Parks,Vascular Plant,Boraginales,Hydrophyllaceae,Branching Phacelia,Uncommon
Sequoia and Kings Canyon National Parks,Vascular Plant,Boraginales,Hydrophyllaceae,"Branched Scorpion-Weed, Branching Phacelia",nan
Sequoia and Kings Canyon National Parks,Vascular Plant,Boraginales,Hydrophyllaceae,Branching Phacelia,Uncommon
Sequoia and Kings Canyon National Parks,Vascular Plant,Boraginales,Hydrophyllaceae,Branching Phacelia,nan
Sequoia and Kings Canyon National Parks,Vascular Plant,Boraginales,Hydrophyllaceae,"Facelia, Fiddleneck, Lacy Phacelia, Lacy Scorpion-Weed",nan
Sequoia and Kings Canyon National Parks,Vascular Plant,Boraginales,Hydrophyllaceae,"Death Valley Phacelia, Death Valley Scorpion-Weed",nan
Sequoia and Kings Canyon National Parks,Vascular Plant,Boraginales,Hydrophyllaceae,Fiesta Flower,Uncommon
Sequoia and Kings Canyon National Parks,Vascular Plant,Boraginales,Hydrophyllaceae,White Fiesta Flower,Uncommon
Sequoia and Kings Canyon National Parks,Vascular Plant,Brassicales,Brassicaceae,Daggerpod,Rare
Sequoia and Kings Canyon National Parks,Vascular Plant,Brassicales,Brassicaceae,Bodie Hills Rock Cress,nan
Sequoia and Kings Canyon National Parks,Vascular Plant,Brassicales,Brassicaceae,Davidson's Rock Cress,Uncommon
Sequoia and Kings Canyon National Parks,Vascular Plant,Brassicales,Brassicaceae,Drummond's Rock Cress,Uncommon
Sequoia and Kings Canyon National Parks,Vascular Plant,Brassicales,Brassicaceae,Tower-Mustard,Uncommon
Sequoia and Kings Canyon National Parks,Vascular Plant,Brassicales,Brassicaceae,Hairy Rock Cress,Uncommon
Sequoia and Kings Canyon National Parks,Vascular Plant,Brassicales,Brassicaceae,Holboell's Rock Cress,Unknown
Sequoia and Kings Canyon National Parks,Vascular Plant,Brassicales,Brassicaceae,Holboell's Rock Cress,Unknown
Sequoia and Kings Canyon National Parks,Vascular Plant,Brassicales,Brassicaceae,Holboell's Rock Cress,Unknown
Sequoia and Kings Canyon National Parks,Vascular Plant,Brassicales,Brassicaceae,Inyo Rockcress,Rare
Sequoia and Kings Canyon National Parks,Vascular Plant,Brassicales,Brassicaceae,Lemmon's Rock Cress,Uncommon
Sequoia and Kings Canyon National Parks,Vascular Plant,Brassicales,Brassicaceae,Lemmon's Rock Cress,Uncommon
Sequoia and Kings Canyon National Parks,Vascular Plant,Brassicales,Brassicaceae,Lyall's Rock Cress,Uncommon
Sequoia and Kings Canyon National Parks,Vascular Plant,Brassicales,Brassicaceae,Lyall's Rock Cress,Uncommon
Sequoia and Kings Canyon National Parks,Vascular Plant,Brassicales,Brassicaceae,Small-Leaved Rock Cress,Uncommon
Sequoia and Kings Canyon National Parks,Vascular Plant,Brassicales,Brassicaceae,Flat-Seeded Rock Cress,Uncommon
Sequoia and Kings Canyon National Parks,Vascular Plant,Brassicales,Brassicaceae,Flat-Seeded Rock Cress,Uncommon
Sequoia and Kings Canyon National Parks,Vascular Plant,Brassicales,Brassicaceae,Tulare County Rock Cress,Uncommon
Sequoia and Kings Canyon National Parks,Vascular Plant,Brassicales,Brassicaceae,Bristly-Leaved Rock Cress,Uncommon
Sequoia and Kings Canyon National Parks,Vascular Plant,Brassicales,Brassicaceae,Greene's Rockcress,nan
Sequoia and Kings Canyon National Parks,Vascular Plant,Brassicales,Brassicaceae,Yosemite Rockcress,Uncommon
Sequoia and Kings Canyon National Parks,Vascular Plant,Brassicales,Brassicaceae,Elegant Rock Rose,Uncommon
Sequoia and Kings Canyon National Parks,Vascular Plant,Brassicales,Brassicaceae,Elegant Rock Rose,Uncommon
Sequoia and Kings Canyon National Parks,Vascular Plant,Brassicales,Brassicaceae,"Spreading Rockcress, Spreadingpod Rockcress",Uncommon
Sequoia and Kings Canyon National Parks,Vascular Plant,Brassicales,Brassicaceae,Dwarf Athysanus,Uncommon
Sequoia and Kings Canyon National Parks,Vascular Plant,Brassicales,Brassicaceae,American Winter Cress,Uncommon
Sequoia and Kings Canyon National Parks,Vascular Plant,Brassicales,Brassicaceae,Early Winter Cress,Rare
Sequoia and Kings Canyon National Parks,Vascular Plant,Brassicales,Brassicaceae,Black Mustard,Rare
Sequoia and Kings Canyon National Parks,Vascular Plant,Brassicales,Brassicaceae,Shepherd's Purse,Uncommon
Sequoia and Kings Canyon National Parks,Vascular Plant,Brassicales,Brassicaceae,Brewer's Bittercress,Uncommon
Sequoia and Kings Canyon National Parks,Vascular Plant,Brassicales,Brassicaceae,Milk Maids,Uncommon
Sequoia and Kings Canyon National Parks,Vascular Plant,Brassicales,Brassicaceae,Few-Seeded Bitter Cress,Uncommon
Sequoia and Kings Canyon National Parks,Vascular Plant,Brassicales,Brassicaceae,Stout-Beaked Toothwort,Common
Sequoia and Kings Canyon National Parks,Vascular Plant,Brassicales,Brassicaceae,None,Uncommon
Sequoia and Kings Canyon National Parks,Vascular Plant,Brassicales,Brassicaceae,Swine Cress,Rare
Sequoia and Kings Canyon National Parks,Vascular Plant,Brassicales,Brassicaceae,Sierra Tansy Mustard,Uncommon
Sequoia and Kings Canyon National Parks,Vascular Plant,Brassicales,Brassicaceae,Mountain Tansy Mustard,Uncommon
Sequoia and Kings Canyon National Parks,Vascular Plant,Brassicales,Brassicaceae,None,Rare
Sequoia and Kings Canyon National Parks,Vascular Plant,Brassicales,Brassicaceae,Herb Sophia,Rare
Sequoia and Kings Canyon National Parks,Vascular Plant,Brassicales,Brassicaceae,Alaska Whitlow-Grass,Uncommon
Sequoia and Kings Canyon National Parks,Vascular Plant,Brassicales,Brassicaceae,Brewer's Whitlow-Grass,Uncommon
Sequoia and Kings Canyon National Parks,Vascular Plant,Brassicales,Brassicaceae,Mineral King Draba,Uncommon
Sequoia and Kings Canyon National Parks,Vascular Plant,Brassicales,Brassicaceae,Wedgeleaf Draba,Uncommon
Sequoia and Kings Canyon National Parks,Vascular Plant,Brassicales,Brassicaceae,Denseleaf Draba,Uncommon
Sequoia and Kings Canyon National Parks,Vascular Plant,Brassicales,Brassicaceae,Lemmon's Draba,Uncommon
Sequoia and Kings Canyon National Parks,Vascular Plant,Brassicales,Brassicaceae,White Mountains Draba,Uncommon
Sequoia and Kings Canyon National Parks,Vascular Plant,Brassicales,Brassicaceae,None,Rare
Sequoia and Kings Canyon National Parks,Vascular Plant,Brassicales,Brassicaceae,Tall Draba,Uncommon
Sequoia and Kings Canyon National Parks,Vascular Plant,Brassicales,Brassicaceae,Mount Whitney Draba,Uncommon
Sequoia and Kings Canyon National Parks,Vascular Plant,Brassicales,Brassicaceae,Vernal Whitlow-Grass,Rare
Sequoia and Kings Canyon National Parks,Vascular Plant,Brassicales,Brassicaceae,Western Wallflower,Uncommon
Sequoia and Kings Canyon National Parks,Vascular Plant,Brassicales,Brassicaceae,Western Wallflower,Abundant
Sequoia and Kings Canyon National Parks,Vascular Plant,Brassicales,Brassicaceae,California Mustard,Uncommon
Sequoia and Kings Canyon National Parks,Vascular Plant,Brassicales,Brassicaceae,Shortpod Mustard,Rare
Sequoia and Kings Canyon National Parks,Vascular Plant,Brassicales,Brassicaceae,Alkali Pepperweed,Rare
Sequoia and Kings Canyon National Parks,Vascular Plant,Brassicales,Brassicaceae,Shining Peppergrass,Uncommon
Sequoia and Kings Canyon National Parks,Vascular Plant,Brassicales,Brassicaceae,Wayside Peppergrass,Rare
Sequoia and Kings Canyon National Parks,Vascular Plant,Brassicales,Brassicaceae,Hairy Pepperweed,Uncommon
Sequoia and Kings Canyon National Parks,Vascular Plant,Brassicales,Brassicaceae,Jointed Charlock,Rare
Sequoia and Kings Canyon National Parks,Vascular Plant,Brassicales,Brassicaceae,Radish,Rare
Sequoia and Kings Canyon National Parks,Vascular Plant,Brassicales,Brassicaceae,Bluntleaf Yellowcress,Rare
Sequoia and Kings Canyon National Parks,Vascular Plant,Brassicales,Brassicaceae,Western Yellow-Cress,Uncommon
Sequoia and Kings Canyon National Parks,Vascular Plant,Brassicales,Brassicaceae,Watercress,Uncommon
Sequoia and Kings Canyon National Parks,Vascular Plant,Brassicales,Brassicaceae,Jim Hill Mustard,Rare
Sequoia and Kings Canyon National Parks,Vascular Plant,Brassicales,Brassicaceae,London Rocket,Rare
Sequoia and Kings Canyon National Parks,Vascular Plant,Brassicales,Brassicaceae,Hedge Mustard,Uncommon
Sequoia and Kings Canyon National Parks,Vascular Plant,Brassicales,Brassicaceae,Indian Hedgemustard,Rare
Sequoia and Kings Canyon National Parks,Vascular Plant,Brassicales,Brassicaceae,Varied-Leaved Jewelflower,Rare
Sequoia and Kings Canyon National Parks,Vascular Plant,Brassicales,Brassicaceae,Farnsworth's Jewelflower,Rare
Sequoia and Kings Canyon National Parks,Vascular Plant,Brassicales,Brassicaceae,Tehipite Valley Jewelflower,Uncommon
Sequoia and Kings Canyon National Parks,Vascular Plant,Brassicales,Brassicaceae,Alpine Jewelflower,Uncommon
Sequoia and Kings Canyon National Parks,Vascular Plant,Brassicales,Brassicaceae,Mountain Jewelflower,Uncommon
Sequoia and Kings Canyon National Parks,Vascular Plant,Brassicales,Brassicaceae,Mountain Jewelflower,Uncommon
Sequoia and Kings Canyon National Parks,Vascular Plant,Brassicales,Brassicaceae,Fringepod,Common
Sequoia and Kings Canyon National Parks,Vascular Plant,Brassicales,Brassicaceae,Dobie Pod,Rare
Sequoia and Kings Canyon National Parks,Vascular Plant,Brassicales,Limnanthaceae,False Mermaid,Rare
Sequoia and Kings Canyon National Parks,Vascular Plant,Brassicales,Limnanthaceae,Mountain Meadowfoam,Rare
Sequoia and Kings Canyon National Parks,Vascular Plant,Caryophyllales,Amaranthaceae,Tumbleweed,Rare
Sequoia and Kings Canyon National Parks,Vascular Plant,Caryophyllales,Amaranthaceae,Prostrate Amaranth,Rare
Sequoia and Kings Canyon National Parks,Vascular Plant,Caryophyllales,Amaranthaceae,Redroot Amaranth,Rare
Sequoia and Kings Canyon National Parks,Vascular Plant,Caryophyllales,Amaranthaceae,Lambs Quarters,Rare
Sequoia and Kings Canyon National Parks,Vascular Plant,Caryophyllales,Amaranthaceae,Pinyon Goosefoot,Rare
Sequoia and Kings Canyon National Parks,Vascular Plant,Caryophyllales,Amaranthaceae,Jerusalem Oak,Rare
Sequoia and Kings Canyon National Parks,Vascular Plant,Caryophyllales,Amaranthaceae,California Goosefoot,Rare
Sequoia and Kings Canyon National Parks,Vascular Plant,Caryophyllales,Amaranthaceae,Freemont's Goosefoot,Uncommon
Sequoia and Kings Canyon National Parks,Vascular Plant,Caryophyllales,Amaranthaceae,"Narrowleaf Goosefoot, Narrowleaf Lambsquarters, Narrowleaved Goosefoot, Slimleaf Goosefoot, Slimleaf Lambsquarters",Rare
Sequoia and Kings Canyon National Parks,Vascular Plant,Caryophyllales,Amaranthaceae,Desert Goosefoot,Rare
Sequoia and Kings Canyon National Parks,Vascular Plant,Caryophyllales,Amaranthaceae,Poverty Weed,Rare
Sequoia and Kings Canyon National Parks,Vascular Plant,Caryophyllales,Caryophyllaceae,Capitate Sandwort,Common
Sequoia and Kings Canyon National Parks,Vascular Plant,Caryophyllales,Caryophyllaceae,King's Sandwort,Uncommon
Sequoia and Kings Canyon National Parks,Vascular Plant,Caryophyllales,Caryophyllaceae,Thymeleaf Sandwort,Rare
Sequoia and Kings Canyon National Parks,Vascular Plant,Caryophyllales,Caryophyllaceae,Mouse-Ear Chickweed,Rare
Sequoia and Kings Canyon National Parks,Vascular Plant,Caryophyllales,Caryophyllaceae,Mouse-Ear Chickweed,Common
Sequoia and Kings Canyon National Parks,Vascular Plant,Caryophyllales,Caryophyllaceae,Rupture Wort,Rare
Sequoia and Kings Canyon National Parks,Vascular Plant,Caryophyllales,Caryophyllaceae,Rose Campion,nan
Sequoia and Kings Canyon National Parks,Vascular Plant,Caryophyllales,Caryophyllaceae,California Sandwort,Rare
Sequoia and Kings Canyon National Parks,Vascular Plant,Caryophyllales,Caryophyllaceae,Douglas' Sandwort,Uncommon
Sequoia and Kings Canyon National Parks,Vascular Plant,Caryophyllales,Caryophyllaceae,Nuttal's Sandwort,Common
Sequoia and Kings Canyon National Parks,Vascular Plant,Caryophyllales,Caryophyllaceae,Red Sandwort,Uncommon
Sequoia and Kings Canyon National Parks,Vascular Plant,Caryophyllales,Caryophyllaceae,Bog Stitchwort,Rare
Sequoia and Kings Canyon National Parks,Vascular Plant,Caryophyllales,Caryophyllaceae,Large-Leaved Sandwort,Rare
Sequoia and Kings Canyon National Parks,Vascular Plant,Caryophyllales,Caryophyllaceae,Hairypink,Rare
Sequoia and Kings Canyon National Parks,Vascular Plant,Caryophyllales,Caryophyllaceae,Four-Leaved Allseed,Rare
Sequoia and Kings Canyon National Parks,Vascular Plant,Caryophyllales,Caryophyllaceae,Sticky Starwort,Uncommon
Sequoia and Kings Canyon National Parks,Vascular Plant,Caryophyllales,Caryophyllaceae,Dwarf Pearlwort,Rare
Sequoia and Kings Canyon National Parks,Vascular Plant,Caryophyllales,Caryophyllaceae,Western Pearlwort,Rare
Sequoia and Kings Canyon National Parks,Vascular Plant,Caryophyllales,Caryophyllaceae,Arctic Pearlwort,Uncommon
Sequoia and Kings Canyon National Parks,Vascular Plant,Caryophyllales,Caryophyllaceae,Knawel,Rare
Sequoia and Kings Canyon National Parks,Vascular Plant,Caryophyllales,Caryophyllaceae,Sleepy Silene,Uncommon
Sequoia and Kings Canyon National Parks,Vascular Plant,Caryophyllales,Caryophyllaceae,Naked Campion,Rare
Sequoia and Kings Canyon National Parks,Vascular Plant,Caryophyllales,Caryophyllaceae,Bernard's Campion,Uncommon
Sequoia and Kings Canyon National Parks,Vascular Plant,Caryophyllales,Caryophyllaceae,Bridge's Campion,Rare
Sequoia and Kings Canyon National Parks,Vascular Plant,Caryophyllales,Caryophyllaceae,California Indian Pink,Uncommon
Sequoia and Kings Canyon National Parks,Vascular Plant,Caryophyllales,Caryophyllaceae,Common Catchfly,Common
Sequoia and Kings Canyon National Parks,Vascular Plant,Caryophyllales,Caryophyllaceae,Lemmon's Campion,Uncommon
Sequoia and Kings Canyon National Parks,Vascular Plant,Caryophyllales,Caryophyllaceae,Menzies' Campion,Rare
Sequoia and Kings Canyon National Parks,Vascular Plant,Caryophyllales,Caryophyllaceae,Western Campion,Rare
Sequoia and Kings Canyon National Parks,Vascular Plant,Caryophyllales,Caryophyllaceae,Sargent's Campion,Common
Sequoia and Kings Canyon National Parks,Vascular Plant,Caryophyllales,Caryophyllaceae,Cuyamaca Campion,Uncommon
Sequoia and Kings Canyon National Parks,Vascular Plant,Caryophyllales,Caryophyllaceae,Sand Spurry,Rare
Sequoia and Kings Canyon National Parks,Vascular Plant,Caryophyllales,Caryophyllaceae,Purple Sand-Spurry,Rare
Sequoia and Kings Canyon National Parks,Vascular Plant,Caryophyllales,Caryophyllaceae,Northern Starwort,Rare
Sequoia and Kings Canyon National Parks,Vascular Plant,Caryophyllales,Caryophyllaceae,Interior Starwort,Rare
Sequoia and Kings Canyon National Parks,Vascular Plant,Caryophyllales,Caryophyllaceae,Chamisso's Starwort,Uncommon
Sequoia and Kings Canyon National Parks,Vascular Plant,Caryophyllales,Caryophyllaceae,Long-Stalked Starwort,Uncommon
Sequoia and Kings Canyon National Parks,Vascular Plant,Caryophyllales,Caryophyllaceae,Common Chickweed,Common
Sequoia and Kings Canyon National Parks,Vascular Plant,Caryophyllales,Caryophyllaceae,Shining Chickweed,Rare
Sequoia and Kings Canyon National Parks,Vascular Plant,Caryophyllales,Caryophyllaceae,Umbrella Starwort,Uncommon
Sequoia and Kings Canyon National Parks,Vascular Plant,Caryophyllales,Droseraceae,Round-Leaved Sundew,Rare
Sequoia and Kings Canyon National Parks,Vascular Plant,Caryophyllales,Molluginaceae,"Carpet-Weed, Indian Chickweed",Rare
Sequoia and Kings Canyon National Parks,Vascular Plant,Caryophyllales,Montiaceae,Red Maids,Uncommon
Sequoia and Kings Canyon National Parks,Vascular Plant,Caryophyllales,Montiaceae,Oneseed Pussypaws,Rare
Sequoia and Kings Canyon National Parks,Vascular Plant,Caryophyllales,Montiaceae,None,Rare
Sequoia and Kings Canyon National Parks,Vascular Plant,Caryophyllales,Montiaceae,Dwarf Calyptridium,Rare
Sequoia and Kings Canyon National Parks,Vascular Plant,Caryophyllales,Montiaceae,Pussy Paws,Abundant
Sequoia and Kings Canyon National Parks,Vascular Plant,Caryophyllales,Montiaceae,Serpentine Springbeauty,Uncommon
Sequoia and Kings Canyon National Parks,Vascular Plant,Caryophyllales,Montiaceae,Sierra Claytonia,Rare
Sequoia and Kings Canyon National Parks,Vascular Plant,Caryophyllales,Montiaceae,Marsh Claytonia,Uncommon
Sequoia and Kings Canyon National Parks,Vascular Plant,Caryophyllales,Montiaceae,Streambank Springbeauty,Rare
Sequoia and Kings Canyon National Parks,Vascular Plant,Caryophyllales,Montiaceae,Streambank Springbeauty,nan
Sequoia and Kings Canyon National Parks,Vascular Plant,Caryophyllales,Montiaceae,Miner's Lettuce,nan
Sequoia and Kings Canyon National Parks,Vascular Plant,Caryophyllales,Montiaceae,Miner's Lettuce,Uncommon
Sequoia and Kings Canyon National Parks,Vascular Plant,Caryophyllales,Montiaceae,Redstem Springbeauty,Uncommon
Sequoia and Kings Canyon National Parks,Vascular Plant,Caryophyllales,Montiaceae,Cany Flower,Rare
Sequoia and Kings Canyon National Parks,Vascular Plant,Caryophyllales,Montiaceae,Sierra Lewisia,Uncommon
Sequoia and Kings Canyon National Parks,Vascular Plant,Caryophyllales,Montiaceae,Nevada Lewisia,Uncommon
Sequoia and Kings Canyon National Parks,Vascular Plant,Caryophyllales,Montiaceae,Alpine Lewisia,Common
Sequoia and Kings Canyon National Parks,Vascular Plant,Caryophyllales,Montiaceae,Threeleaf Lewisia,Common
Sequoia and Kings Canyon National Parks,Vascular Plant,Caryophyllales,Montiaceae,Toad Lily,Uncommon
Sequoia and Kings Canyon National Parks,Vascular Plant,Caryophyllales,Montiaceae,Blinks,Rare
Sequoia and Kings Canyon National Parks,Vascular Plant,Caryophyllales,Polygonaceae,Pink Spineflower,Uncommon
Sequoia and Kings Canyon National Parks,Vascular Plant,Caryophyllales,Polygonaceae,Hairyflower Buckwheat,Rare
Sequoia and Kings Canyon National Parks,Vascular Plant,Caryophyllales,Polygonaceae,Frosted Buckwheat,Abundant
Sequoia and Kings Canyon National Parks,Vascular Plant,Caryophyllales,Polygonaceae,Marumleaf Buckwheat,Rare
Sequoia and Kings Canyon National Parks,Vascular Plant,Caryophyllales,Polygonaceae,Tibinagua,Uncommon
Sequoia and Kings Canyon National Parks,Vascular Plant,Caryophyllales,Polygonaceae,Mouse Buckwheat,Rare
Sequoia and Kings Canyon National Parks,Vascular Plant,Caryophyllales,Polygonaceae,Tibinagua,Common
Sequoia and Kings Canyon National Parks,Vascular Plant,Caryophyllales,Polygonaceae,Naked Buckwheat,Rare
Sequoia and Kings Canyon National Parks,Vascular Plant,Caryophyllales,Polygonaceae,Tibinagua,Uncommon
Sequoia and Kings Canyon National Parks,Vascular Plant,Caryophyllales,Polygonaceae,Oval-Leaved Buckwheat,Common
Sequoia and Kings Canyon National Parks,Vascular Plant,Caryophyllales,Polygonaceae,Tulare County Buckwheat,Uncommon
Sequoia and Kings Canyon National Parks,Vascular Plant,Caryophyllales,Polygonaceae,Kettle Dome Buckwheat,Rare
Sequoia and Kings Canyon National Parks,Vascular Plant,Caryophyllales,Polygonaceae,Rosy Buckwheat,nan
Sequoia and Kings Canyon National Parks,Vascular Plant,Caryophyllales,Polygonaceae,Wicker Buckwheat,Rare
Sequoia and Kings Canyon National Parks,Vascular Plant,Caryophyllales,Polygonaceae,Rock Buckwheat,Uncommon
Sequoia and Kings Canyon National Parks,Vascular Plant,Caryophyllales,Polygonaceae,Spurry Buckwheat,Rare
Sequoia and Kings Canyon National Parks,Vascular Plant,Caryophyllales,Polygonaceae,Spurry Buckwheat,Rare
Sequoia and Kings Canyon National Parks,Vascular Plant,Caryophyllales,Polygonaceae,Spurry Buckwheat,Rare
Sequoia and Kings Canyon National Parks,Vascular Plant,Caryophyllales,Polygonaceae,Sulfur Flower,Rare
Sequoia and Kings Canyon National Parks,Vascular Plant,Caryophyllales,Polygonaceae,Sulfur Flower,Rare
Sequoia and Kings Canyon National Parks,Vascular Plant,Caryophyllales,Polygonaceae,Sulfur Flower,Uncommon
Sequoia and Kings Canyon National Parks,Vascular Plant,Caryophyllales,Polygonaceae,Bastard Sage,Unknown
Sequoia and Kings Canyon National Parks,Vascular Plant,Caryophyllales,Polygonaceae,Bastard Sage,Unknown
Sequoia and Kings Canyon National Parks,Vascular Plant,Caryophyllales,Polygonaceae,Mountain Sorrel,Uncommon
Sequoia and Kings Canyon National Parks,Vascular Plant,Caryophyllales,Polygonaceae,Water Smartweed,Rare
Sequoia and Kings Canyon National Parks,Vascular Plant,Caryophyllales,Polygonaceae,Common Knotweed,Rare
Sequoia and Kings Canyon National Parks,Vascular Plant,Caryophyllales,Polygonaceae,Silversheath Knotweed,nan
Sequoia and Kings Canyon National Parks,Vascular Plant,Caryophyllales,Polygonaceae,Western Bistort,Common
Sequoia and Kings Canyon National Parks,Vascular Plant,Caryophyllales,Polygonaceae,Black Bindweed,Rare
Sequoia and Kings Canyon National Parks,Vascular Plant,Caryophyllales,Polygonaceae,Douglas' Knotweed,Unknown
Sequoia and Kings Canyon National Parks,Vascular Plant,Caryophyllales,Polygonaceae,Douglas' Knotweed,Unknown
Sequoia and Kings Canyon National Parks,Vascular Plant,Caryophyllales,Polygonaceae,Willow Reed,Rare
Sequoia and Kings Canyon National Parks,Vascular Plant,Caryophyllales,Polygonaceae,Leafy Dwarf Knotweed,Common
Sequoia and Kings Canyon National Parks,Vascular Plant,Caryophyllales,Polygonaceae,Parry's Knotweed,nan
Sequoia and Kings Canyon National Parks,Vascular Plant,Caryophyllales,Polygonaceae,Lady's Thumb,Rare
Sequoia and Kings Canyon National Parks,Vascular Plant,Caryophyllales,Polygonaceae,Milkwort Knotweed,Uncommon
Sequoia and Kings Canyon National Parks,Vascular Plant,Caryophyllales,Polygonaceae,Dotted Smartweed,Rare
Sequoia and Kings Canyon National Parks,Vascular Plant,Caryophyllales,Polygonaceae,Shasta Knotweed,Uncommon
Sequoia and Kings Canyon National Parks,Vascular Plant,Caryophyllales,Polygonaceae,Woodland Pterostegia,Common
Sequoia and Kings Canyon National Parks,Vascular Plant,Caryophyllales,Polygonaceae,Sheep Sorrel,Uncommon
Sequoia and Kings Canyon National Parks,Vascular Plant,Caryophyllales,Polygonaceae,Dock,Rare
Sequoia and Kings Canyon National Parks,Vascular Plant,Caryophyllales,Polygonaceae,Curly Dock,Rare
Sequoia and Kings Canyon National Parks,Vascular Plant,Caryophyllales,Polygonaceae,Toothed Dock,Rare
Sequoia and Kings Canyon National Parks,Vascular Plant,Caryophyllales,Polygonaceae,Alpine Sheep Sorrel,Common
Sequoia and Kings Canyon National Parks,Vascular Plant,Caryophyllales,Polygonaceae,Willow Dock,Rare
Sequoia and Kings Canyon National Parks,Vascular Plant,Caryophyllales,Polygonaceae,Willow Dock,Rare
Sequoia and Kings Canyon National Parks,Vascular Plant,Caryophyllales,Polygonaceae,Willow Dock,Rare
Sequoia and Kings Canyon National Parks,Vascular Plant,Caryophyllales,Polygonaceae,Willow Dock,Rare
Sequoia and Kings Canyon National Parks,Vascular Plant,Celastrales,Celastraceae,Grass Of Parsnassus,Uncommon
Sequoia and Kings Canyon National Parks,Vascular Plant,Cornales,Cornaceae,Brown Dogwood,Rare
Sequoia and Kings Canyon National Parks,Vascular Plant,Cornales,Cornaceae,Mountain Dogwood,Common
Sequoia and Kings Canyon National Parks,Vascular Plant,Cornales,Cornaceae,American Dogwood,Uncommon
Sequoia and Kings Canyon National Parks,Vascular Plant,Cornales,Cornaceae,American Dogwood,Uncommon
Sequoia and Kings Canyon National Parks,Vascular Plant,Cornales,Hydrangeaceae,Cliffbush,Uncommon
Sequoia and Kings Canyon National Parks,Vascular Plant,Cornales,Hydrangeaceae,Wild Mock Orange,Uncommon
Sequoia and Kings Canyon National Parks,Vascular Plant,Cornales,Loasaceae,United Blazingstar,Rare
Sequoia and Kings Canyon National Parks,Vascular Plant,Cornales,Loasaceae,Sierra Blazingstar,Rare
Sequoia and Kings Canyon National Parks,Vascular Plant,Cornales,Loasaceae,Nevada Stickleaf,Uncommon
Sequoia and Kings Canyon National Parks,Vascular Plant,Cornales,Loasaceae,Blazing Star,Rare
Sequoia and Kings Canyon National Parks,Vascular Plant,Cornales,Loasaceae,Lindley's Blazingstar,nan
Sequoia and Kings Canyon National Parks,Vascular Plant,Cornales,Loasaceae,"Mountain Blazingstar, Variegatedbract Blazingstar, Variegated-Bract Blazingstar",nan
Sequoia and Kings Canyon National Parks,Vascular Plant,Crossosomatales,Staphyleaceae,Sierra Bladdernut,Rare
Sequoia and Kings Canyon National Parks,Vascular Plant,Cucurbitales,Cucurbitaceae,Sierra Manroot,Uncommon
Sequoia and Kings Canyon National Parks,Vascular Plant,Cucurbitales,Datiscaceae,Durango Root,Rare
Sequoia and Kings Canyon National Parks,Vascular Plant,Dioscoreales,Nartheciaceae,Bog Asphodel,Rare
Sequoia and Kings Canyon National Parks,Vascular Plant,Dipsacales,Adoxaceae,Black Elderberry,nan
Sequoia and Kings Canyon National Parks,Vascular Plant,Dipsacales,Adoxaceae,Blue Elderberry,Uncommon
Sequoia and Kings Canyon National Parks,Vascular Plant,Dipsacales,Adoxaceae,Red Elderberry,Uncommon
Sequoia and Kings Canyon National Parks,Vascular Plant,Dipsacales,Caprifoliaceae,Mountain Fly Honeysuckle,Rare
Sequoia and Kings Canyon National Parks,Vascular Plant,Dipsacales,Caprifoliaceae,Double Honeysuckle,Uncommon
Sequoia and Kings Canyon National Parks,Vascular Plant,Dipsacales,Caprifoliaceae,Pink Honeysuckle,Rare
Sequoia and Kings Canyon National Parks,Vascular Plant,Dipsacales,Caprifoliaceae,Chaparral Honeysuckle,Uncommon
Sequoia and Kings Canyon National Parks,Vascular Plant,Dipsacales,Caprifoliaceae,Twinberry,Uncommon
Sequoia and Kings Canyon National Parks,Vascular Plant,Dipsacales,Caprifoliaceae,Creeping Snowberry,Uncommon
Sequoia and Kings Canyon National Parks,Vascular Plant,Dipsacales,Caprifoliaceae,Parish's Snowberry,Uncommon
Sequoia and Kings Canyon National Parks,Vascular Plant,Dipsacales,Caprifoliaceae,Roundleaf Snowberry,Rare
Sequoia and Kings Canyon National Parks,Vascular Plant,Dipsacales,Valerianaceae,Long-Spurred Plectritis,Rare
Sequoia and Kings Canyon National Parks,Vascular Plant,Dipsacales,Valerianaceae,"Longspur Seablush, Long-Spur Seablush",nan
Sequoia and Kings Canyon National Parks,Vascular Plant,Dipsacales,Valerianaceae,California Valerian,Uncommon
Sequoia and Kings Canyon National Parks,Vascular Plant,Equisetales,Equisetaceae,Common Horsetail,Common
Sequoia and Kings Canyon National Parks,Vascular Plant,Equisetales,Equisetaceae,Common Scouring Rush,Uncommon
Sequoia and Kings Canyon National Parks,Vascular Plant,Equisetales,Equisetaceae,Smooth Scouring Rush,Rare
Sequoia and Kings Canyon National Parks,Vascular Plant,Ericales,Ericaceae,Sugar Stick,Uncommon
Sequoia and Kings Canyon National Parks,Vascular Plant,Ericales,Ericaceae,Indian Manzanita,Common
Sequoia and Kings Canyon National Parks,Vascular Plant,Ericales,Ericaceae,Pinemat Manzanita,Common
Sequoia and Kings Canyon National Parks,Vascular Plant,Ericales,Ericaceae,Greenleaf Manzanita,Common
Sequoia and Kings Canyon National Parks,Vascular Plant,Ericales,Ericaceae,"Mexican Manzanita, Pointleaf Manzanita",nan
Sequoia and Kings Canyon National Parks,Vascular Plant,Ericales,Ericaceae,Whitleaf Manzanita,Uncommon
Sequoia and Kings Canyon National Parks,Vascular Plant,Ericales,Ericaceae,"Sticky Whiteleaf Manzanita, Whiteleaf Manzanita",Common
Sequoia and Kings Canyon National Parks,Vascular Plant,Ericales,Ericaceae,White Heather,Uncommon
Sequoia and Kings Canyon National Parks,Vascular Plant,Ericales,Ericaceae,Little Prince's Pine,Uncommon
Sequoia and Kings Canyon National Parks,Vascular Plant,Ericales,Ericaceae,Prince's Pine,Uncommon
Sequoia and Kings Canyon National Parks,Vascular Plant,Ericales,Ericaceae,Alpine Wintergreen,Rare
Sequoia and Kings Canyon National Parks,Vascular Plant,Ericales,Ericaceae,Gnome Plant,Rare
Sequoia and Kings Canyon National Parks,Vascular Plant,Ericales,Ericaceae,Bog Kalmia,Rare
Sequoia and Kings Canyon National Parks,Vascular Plant,Ericales,Ericaceae,Western Labrador Tea,Common
Sequoia and Kings Canyon National Parks,Vascular Plant,Ericales,Ericaceae,One-Sided Wintergreen,Uncommon
Sequoia and Kings Canyon National Parks,Vascular Plant,Ericales,Ericaceae,Mountain Heather,Common
Sequoia and Kings Canyon National Parks,Vascular Plant,Ericales,Ericaceae,California Pinefoot,Rare
Sequoia and Kings Canyon National Parks,Vascular Plant,Ericales,Ericaceae,Fringed Pinesap,Uncommon
Sequoia and Kings Canyon National Parks,Vascular Plant,Ericales,Ericaceae,Pinedrops,Uncommon
Sequoia and Kings Canyon National Parks,Vascular Plant,Ericales,Ericaceae,Bog Wintergreen,Uncommon
Sequoia and Kings Canyon National Parks,Vascular Plant,Ericales,Ericaceae,Lesser Wintergreen,Uncommon
Sequoia and Kings Canyon National Parks,Vascular Plant,Ericales,Ericaceae,White-Veined Wintergreen,Common
Sequoia and Kings Canyon National Parks,Vascular Plant,Ericales,Ericaceae,Western Azalea,Uncommon
Sequoia and Kings Canyon National Parks,Vascular Plant,Ericales,Ericaceae,Snow Plant,Uncommon
Sequoia and Kings Canyon National Parks,Vascular Plant,Ericales,Ericaceae,Dwarf Billberry,Uncommon
Sequoia and Kings Canyon National Parks,Vascular Plant,Ericales,Ericaceae,Western Billberry,Uncommon
Sequoia and Kings Canyon National Parks,Vascular Plant,Ericales,Polemoniaceae,Purple False Gilyflower,Rare
Sequoia and Kings Canyon National Parks,Vascular Plant,Ericales,Polemoniaceae,Dense False Gilyflower,Uncommon
Sequoia and Kings Canyon National Parks,Vascular Plant,Ericales,Polemoniaceae,White False Gilyflower,Uncommon
Sequoia and Kings Canyon National Parks,Vascular Plant,Ericales,Polemoniaceae,Large-Flowered Collomia,Common
Sequoia and Kings Canyon National Parks,Vascular Plant,Ericales,Polemoniaceae,Variableleaf Collomia,Common
Sequoia and Kings Canyon National Parks,Vascular Plant,Ericales,Polemoniaceae,Narrow-Leaved Collomia,Uncommon
Sequoia and Kings Canyon National Parks,Vascular Plant,Ericales,Polemoniaceae,Yellow-Staining Collomia,Uncommon
Sequoia and Kings Canyon National Parks,Vascular Plant,Ericales,Polemoniaceae,Giant Woolstar,nan
Sequoia and Kings Canyon National Parks,Vascular Plant,Ericales,Polemoniaceae,Many-Flowered Eriastrum,Rare
Sequoia and Kings Canyon National Parks,Vascular Plant,Ericales,Polemoniaceae,Few-Flowered Eriastrum,Uncommon
Sequoia and Kings Canyon National Parks,Vascular Plant,Ericales,Polemoniaceae,Bellshape Gilia,nan
Sequoia and Kings Canyon National Parks,Vascular Plant,Ericales,Polemoniaceae,Smooth-Leaved Gilia,Uncommon
Sequoia and Kings Canyon National Parks,Vascular Plant,Ericales,Polemoniaceae,Blue Field Gilia,Uncommon
Sequoia and Kings Canyon National Parks,Vascular Plant,Ericales,Polemoniaceae,Bluehead Gilia,nan
Sequoia and Kings Canyon National Parks,Vascular Plant,Ericales,Polemoniaceae,Foothill Gilia,nan
Sequoia and Kings Canyon National Parks,Vascular Plant,Ericales,Polemoniaceae,Bluehead Gilia,nan
Sequoia and Kings Canyon National Parks,Vascular Plant,Ericales,Polemoniaceae,Bridges' Gilia,Uncommon
Sequoia and Kings Canyon National Parks,Vascular Plant,Ericales,Polemoniaceae,Bridges' Gilia,nan
Sequoia and Kings Canyon National Parks,Vascular Plant,Ericales,Polemoniaceae,Bird's Eyes,Uncommon
Sequoia and Kings Canyon National Parks,Vascular Plant,Ericales,Polemoniaceae,Bird's Eyes,Uncommon
Sequoia and Kings Canyon National Parks,Vascular Plant,Ericales,Polemoniaceae,Scarlet Gilia,Rare
Sequoia and Kings Canyon National Parks,Vascular Plant,Ericales,Polemoniaceae,Granite Gilia,Uncommon
Sequoia and Kings Canyon National Parks,Vascular Plant,Ericales,Polemoniaceae,True Babystars,Uncommon
Sequoia and Kings Canyon National Parks,Vascular Plant,Ericales,Polemoniaceae,Whisker Brush,Uncommon
Sequoia and Kings Canyon National Parks,Vascular Plant,Ericales,Polemoniaceae,Evening Snow,Rare
Sequoia and Kings Canyon National Parks,Vascular Plant,Ericales,Polemoniaceae,Thread Linanthus,Rare
Sequoia and Kings Canyon National Parks,Vascular Plant,Ericales,Polemoniaceae,Harkness' Flaxflower,Rare
Sequoia and Kings Canyon National Parks,Vascular Plant,Ericales,Polemoniaceae,Mustang Clover,Common
Sequoia and Kings Canyon National Parks,Vascular Plant,Ericales,Polemoniaceae,Nuttall's Linanthus,Uncommon
Sequoia and Kings Canyon National Parks,Vascular Plant,Ericales,Polemoniaceae,Sierra Nevada Linanthus,Rare
Sequoia and Kings Canyon National Parks,Vascular Plant,Ericales,Polemoniaceae,Sierra Linanthus,Rare
Sequoia and Kings Canyon National Parks,Vascular Plant,Ericales,Polemoniaceae,Brewer's Navarretia,Rare
Sequoia and Kings Canyon National Parks,Vascular Plant,Ericales,Polemoniaceae,Mountain Navarretia,Uncommon
Sequoia and Kings Canyon National Parks,Vascular Plant,Ericales,Polemoniaceae,Divaricate Navarretia,nan
Sequoia and Kings Canyon National Parks,Vascular Plant,Ericales,Polemoniaceae,Downy Navarretia,Uncommon
Sequoia and Kings Canyon National Parks,Vascular Plant,Ericales,Polemoniaceae,Mountain Phlox,Rare
Sequoia and Kings Canyon National Parks,Vascular Plant,Ericales,Polemoniaceae,Dwarf Phlox,Uncommon
Sequoia and Kings Canyon National Parks,Vascular Plant,Ericales,Polemoniaceae,Spreading Phlox,Uncommon
Sequoia and Kings Canyon National Parks,Vascular Plant,Ericales,Polemoniaceae,High Sierra Phlox,Uncommon
Sequoia and Kings Canyon National Parks,Vascular Plant,Ericales,Polemoniaceae,Slender Phlox,Uncommon
Sequoia and Kings Canyon National Parks,Vascular Plant,Ericales,Polemoniaceae,Showy Phlox,Rare
Sequoia and Kings Canyon National Parks,Vascular Plant,Ericales,Polemoniaceae,Low Polemonium,nan
Sequoia and Kings Canyon National Parks,Vascular Plant,Ericales,Polemoniaceae,Sky Pilot,Uncommon
Sequoia and Kings Canyon National Parks,Vascular Plant,Ericales,Primulaceae,Scarlet Pimpernel,Rare
Sequoia and Kings Canyon National Parks,Vascular Plant,Ericales,Primulaceae,Western Androsace,Uncommon
Sequoia and Kings Canyon National Parks,Vascular Plant,Ericales,Primulaceae,Alpine Shooting Star,Common
Sequoia and Kings Canyon National Parks,Vascular Plant,Ericales,Primulaceae,Sailor Caps,Uncommon
Sequoia and Kings Canyon National Parks,Vascular Plant,Ericales,Primulaceae,Sierra Shooting Star,Common
Sequoia and Kings Canyon National Parks,Vascular Plant,Ericales,Primulaceae,Mountaineer Shooting Star,Uncommon
Sequoia and Kings Canyon National Parks,Vascular Plant,Ericales,Primulaceae,Subalpine Shooting Star,Uncommon
Sequoia and Kings Canyon National Parks,Vascular Plant,Ericales,Primulaceae,Sierra Primrose,Uncommon
Sequoia and Kings Canyon National Parks,Vascular Plant,Fabales,Fabaceae,Bolander's Locoweed,Uncommon
Sequoia and Kings Canyon National Parks,Vascular Plant,Fabales,Fabaceae,Congdon's Rattleweed,Uncommon
Sequoia and Kings Canyon National Parks,Vascular Plant,Fabales,Fabaceae,Two-Seeded Milkvetch,nan
Sequoia and Kings Canyon National Parks,Vascular Plant,Fabales,Fabaceae,Gambel's Dwarf Locoweed,Rare
Sequoia and Kings Canyon National Parks,Vascular Plant,Fabales,Fabaceae,Sweetwater Mountains Milkvetch,Uncommon
Sequoia and Kings Canyon National Parks,Vascular Plant,Fabales,Fabaceae,Raven's Milkvetch,Rare
Sequoia and Kings Canyon National Parks,Vascular Plant,Fabales,Fabaceae,Western Redbud,Common
Sequoia and Kings Canyon National Parks,Vascular Plant,Fabales,Fabaceae,French Broom,Rare
Sequoia and Kings Canyon National Parks,Vascular Plant,Fabales,Fabaceae,California Pea,Rare
Sequoia and Kings Canyon National Parks,Vascular Plant,Fabales,Fabaceae,Perennial Sweet Pea,Rare
Sequoia and Kings Canyon National Parks,Vascular Plant,Fabales,Fabaceae,Snub Pea,Uncommon
Sequoia and Kings Canyon National Parks,Vascular Plant,Fabales,Fabaceae,Silver Lotus,Rare
Sequoia and Kings Canyon National Parks,Vascular Plant,Fabales,Fabaceae,Broad-Leaved Lotus,Common
Sequoia and Kings Canyon National Parks,Vascular Plant,Fabales,Fabaceae,Foothill Deervetch,Rare
Sequoia and Kings Canyon National Parks,Vascular Plant,Fabales,Fabaceae,Small-Flowered Lotus,Uncommon
Sequoia and Kings Canyon National Parks,Vascular Plant,Fabales,Fabaceae,Sierra Nevada Lotus,Common
Sequoia and Kings Canyon National Parks,Vascular Plant,Fabales,Fabaceae,Copper-Flowered Bird's Foot Trefoil,Unknown
Sequoia and Kings Canyon National Parks,Vascular Plant,Fabales,Fabaceae,Narrow-Leaved Lotus,Unknown
Sequoia and Kings Canyon National Parks,Vascular Plant,Fabales,Fabaceae,Silky California Broom,Uncommon
Sequoia and Kings Canyon National Parks,Vascular Plant,Fabales,Fabaceae,California Broom,Common
Sequoia and Kings Canyon National Parks,Vascular Plant,Fabales,Fabaceae,Ottley's Bird's-Foot Trefoil,Rare
Sequoia and Kings Canyon National Parks,Vascular Plant,Fabales,Fabaceae,Balsam Bird's-Foot Trefoil,Uncommon
Sequoia and Kings Canyon National Parks,Vascular Plant,Fabales,Fabaceae,Strigose Bord's-Foot Trefoil,Uncommon
Sequoia and Kings Canyon National Parks,Vascular Plant,Fabales,Fabaceae,Chile Lotus,Uncommon
Sequoia and Kings Canyon National Parks,Vascular Plant,Fabales,Fabaceae,Sicklekeel Lupine,Uncommon
Sequoia and Kings Canyon National Parks,Vascular Plant,Fabales,Fabaceae,Silver Lupine,Uncommon
Sequoia and Kings Canyon National Parks,Vascular Plant,Fabales,Fabaceae,Anderson's Lupine,Rare
Sequoia and Kings Canyon National Parks,Vascular Plant,Fabales,Fabaceae,Spider Lupine,Rare
Sequoia and Kings Canyon National Parks,Vascular Plant,Fabales,Fabaceae,Miniature Lupine,Common
Sequoia and Kings Canyon National Parks,Vascular Plant,Fabales,Fabaceae,Brewer's Lupine,Common
Sequoia and Kings Canyon National Parks,Vascular Plant,Fabales,Fabaceae,Brewer's Lupine,Uncommon
Sequoia and Kings Canyon National Parks,Vascular Plant,Fabales,Fabaceae,Brewer's Lupine,Uncommon
Sequoia and Kings Canyon National Parks,Vascular Plant,Fabales,Fabaceae,Covill's Lupine,Uncommon
Sequoia and Kings Canyon National Parks,Vascular Plant,Fabales,Fabaceae,Greenstipule Lupine,Common
Sequoia and Kings Canyon National Parks,Vascular Plant,Fabales,Fabaceae,Gray's Lupine,Uncommon
Sequoia and Kings Canyon National Parks,Vascular Plant,Fabales,Fabaceae,Broad-Leaved Lupine,Common
Sequoia and Kings Canyon National Parks,Vascular Plant,Fabales,Fabaceae,Dwarf Lupine,Unknown
Sequoia and Kings Canyon National Parks,Vascular Plant,Fabales,Fabaceae,Hockett Meadows Lupine,Unknown
Sequoia and Kings Canyon National Parks,Vascular Plant,Fabales,Fabaceae,Dwarf Lupine,Unknown
Sequoia and Kings Canyon National Parks,Vascular Plant,Fabales,Fabaceae,Dwarf Lupine,Unknown
Sequoia and Kings Canyon National Parks,Vascular Plant,Fabales,Fabaceae,Dwarf Lupine,Unknown
Sequoia and Kings Canyon National Parks,Vascular Plant,Fabales,Fabaceae,None,nan
Sequoia and Kings Canyon National Parks,Vascular Plant,Fabales,Fabaceae,Sky Lupine,Rare
Sequoia and Kings Canyon National Parks,Vascular Plant,Fabales,Fabaceae,Large-Leaved Lupine,Common
Sequoia and Kings Canyon National Parks,Vascular Plant,Fabales,Fabaceae,Meadow Lupine,Rare
Sequoia and Kings Canyon National Parks,Vascular Plant,Fabales,Fabaceae,Harlequin Lupine,Uncommon
Sequoia and Kings Canyon National Parks,Vascular Plant,Fabales,Fabaceae,Black Medick,Rare
Sequoia and Kings Canyon National Parks,Vascular Plant,Fabales,Fabaceae,California Burclover,Common
Sequoia and Kings Canyon National Parks,Vascular Plant,Fabales,Fabaceae,Alfalfa,Rare
Sequoia and Kings Canyon National Parks,Vascular Plant,Fabales,Fabaceae,Yellow Sweetclover,Rare
Sequoia and Kings Canyon National Parks,Vascular Plant,Fabales,Fabaceae,Sourclover,Rare
Sequoia and Kings Canyon National Parks,Vascular Plant,Fabales,Fabaceae,Yellow Sweetclover,Rare
Sequoia and Kings Canyon National Parks,Vascular Plant,Fabales,Fabaceae,Parry's Oxytrope,Rare
Sequoia and Kings Canyon National Parks,Vascular Plant,Fabales,Fabaceae,Spanish Broom,Rare
Sequoia and Kings Canyon National Parks,Vascular Plant,Fabales,Fabaceae,Rancheria Clover,Uncommon
Sequoia and Kings Canyon National Parks,Vascular Plant,Fabales,Fabaceae,Forest Clover,Rare
Sequoia and Kings Canyon National Parks,Vascular Plant,Fabales,Fabaceae,Hop Clover,Uncommon
Sequoia and Kings Canyon National Parks,Vascular Plant,Fabales,Fabaceae,Tree Clover,Common
Sequoia and Kings Canyon National Parks,Vascular Plant,Fabales,Fabaceae,Bowl Clover,Rare
Sequoia and Kings Canyon National Parks,Vascular Plant,Fabales,Fabaceae,Little Hop Clover,Rare
Sequoia and Kings Canyon National Parks,Vascular Plant,Fabales,Fabaceae,Rose Clover,Rare
Sequoia and Kings Canyon National Parks,Vascular Plant,Fabales,Fabaceae,Crimson Clover,nan
Sequoia and Kings Canyon National Parks,Vascular Plant,Fabales,Fabaceae,Long-Stalked Clover,nan
Sequoia and Kings Canyon National Parks,Vascular Plant,Fabales,Fabaceae,Small-Headed Clover,Common
Sequoia and Kings Canyon National Parks,Vascular Plant,Fabales,Fabaceae,Carpet Clover,Common
Sequoia and Kings Canyon National Parks,Vascular Plant,Fabales,Fabaceae,Clammy Clover,Rare
Sequoia and Kings Canyon National Parks,Vascular Plant,Fabales,Fabaceae,Few-Flowered Clover,Uncommon
Sequoia and Kings Canyon National Parks,Vascular Plant,Fabales,Fabaceae,White Clover,Uncommon
Sequoia and Kings Canyon National Parks,Vascular Plant,Fabales,Fabaceae,White-Tipped Clover,Uncommon
Sequoia and Kings Canyon National Parks,Vascular Plant,Fabales,Fabaceae,Mountain Clover,Uncommon
Sequoia and Kings Canyon National Parks,Vascular Plant,Fabales,Fabaceae,Mountain Clover,Uncommon
Sequoia and Kings Canyon National Parks,Vascular Plant,Fabales,Fabaceae,American Vetch,Uncommon
Sequoia and Kings Canyon National Parks,Vascular Plant,Fabales,Fabaceae,Purple Vetch,Rare
Sequoia and Kings Canyon National Parks,Vascular Plant,Fabales,Fabaceae,Common Vetch,Rare
Sequoia and Kings Canyon National Parks,Vascular Plant,Fabales,Fabaceae,Hairy Vetch,Rare
Sequoia and Kings Canyon National Parks,Vascular Plant,Fabales,Fabaceae,Hairy Vetch,nan
Sequoia and Kings Canyon National Parks,Vascular Plant,Fabales,Polygalaceae,Sierra Milkwort,Uncommon
Sequoia and Kings Canyon National Parks,Vascular Plant,Fagales,Betulaceae,Mountain Alder,Rare
Sequoia and Kings Canyon National Parks,Vascular Plant,Fagales,Betulaceae,White Alder,Common
Sequoia and Kings Canyon National Parks,Vascular Plant,Fagales,Betulaceae,Water Birch,Uncommon
Sequoia and Kings Canyon National Parks,Vascular Plant,Fagales,Betulaceae,Hazel Nut,Uncommon
Sequoia and Kings Canyon National Parks,Vascular Plant,Fagales,Fagaceae,Bush Chinquapin,Common
Sequoia and Kings Canyon National Parks,Vascular Plant,Fagales,Fagaceae,Tanoak,nan
Sequoia and Kings Canyon National Parks,Vascular Plant,Fagales,Fagaceae,Scrub Oak,Uncommon
Sequoia and Kings Canyon National Parks,Vascular Plant,Fagales,Fagaceae,Canyon Live Oak,Common
Sequoia and Kings Canyon National Parks,Vascular Plant,Fagales,Fagaceae,Blue Oak,Common
Sequoia and Kings Canyon National Parks,Vascular Plant,Fagales,Fagaceae,Oregon Oak,Common
Sequoia and Kings Canyon National Parks,Vascular Plant,Fagales,Fagaceae,California Black Oak,Common
Sequoia and Kings Canyon National Parks,Vascular Plant,Fagales,Fagaceae,Huckleberry Oak,Rare
Sequoia and Kings Canyon National Parks,Vascular Plant,Fagales,Fagaceae,Interior Live Oak,Uncommon
Sequoia and Kings Canyon National Parks,Vascular Plant,Fagales,Fagaceae,Oracle Oak,Rare
Sequoia and Kings Canyon National Parks,Vascular Plant,Fagales,Juglandaceae,"California Black Walnut, Southern California Walnut",nan
Sequoia and Kings Canyon National Parks,Vascular Plant,Garryales,Garryaceae,Pale Silk Tassel,Uncommon
Sequoia and Kings Canyon National Parks,Vascular Plant,Garryales,Garryaceae,Bearbrush,nan
Sequoia and Kings Canyon National Parks,Vascular Plant,Gentianales,Apocynaceae,Bitter Dogbane,Common
Sequoia and Kings Canyon National Parks,Vascular Plant,Gentianales,Apocynaceae,Indian Hemp,nan
Sequoia and Kings Canyon National Parks,Vascular Plant,Gentianales,Apocynaceae,California Milkweed,Rare
Sequoia and Kings Canyon National Parks,Vascular Plant,Gentianales,Apocynaceae,California Milkweed,Rare
Sequoia and Kings Canyon National Parks,Vascular Plant,Gentianales,Apocynaceae,Purple Milkweed,Uncommon
Sequoia and Kings Canyon National Parks,Vascular Plant,Gentianales,Apocynaceae,Kotolo,Rare
Sequoia and Kings Canyon National Parks,Vascular Plant,Gentianales,Apocynaceae,Narrow-Leafed Milkweed,Rare
Sequoia and Kings Canyon National Parks,Vascular Plant,Gentianales,Apocynaceae,Green Milkweed,Rare
Sequoia and Kings Canyon National Parks,Vascular Plant,Gentianales,Apocynaceae,Oleander,Rare
Sequoia and Kings Canyon National Parks,Vascular Plant,Gentianales,Apocynaceae,Greater Periwinkle,Rare
Sequoia and Kings Canyon National Parks,Vascular Plant,Gentianales,Gentianaceae,Canchalagua,Uncommon
Sequoia and Kings Canyon National Parks,Vascular Plant,Gentianales,Gentianaceae,Explorer's Gentian,Rare
Sequoia and Kings Canyon National Parks,Vascular Plant,Gentianales,Gentianaceae,Tioga Gentian,Rare
Sequoia and Kings Canyon National Parks,Vascular Plant,Gentianales,Gentianaceae,Fellwort,Rare
Sequoia and Kings Canyon National Parks,Vascular Plant,Gentianales,Gentianaceae,Dane's Gentian,Uncommon
Sequoia and Kings Canyon National Parks,Vascular Plant,Gentianales,Gentianaceae,Sierra Gentian,Common
Sequoia and Kings Canyon National Parks,Vascular Plant,Gentianales,Gentianaceae,Hiker's Gentian,Uncommon
Sequoia and Kings Canyon National Parks,Vascular Plant,Gentianales,Gentianaceae,Felwort,Uncommon
Sequoia and Kings Canyon National Parks,Vascular Plant,Gentianales,Gentianaceae,Monument Plant,Rare
Sequoia and Kings Canyon National Parks,Vascular Plant,Gentianales,Gentianaceae,Kern Swertia,Uncommon
Sequoia and Kings Canyon National Parks,Vascular Plant,Gentianales,Rubiaceae,California Button Willow,Rare
Sequoia and Kings Canyon National Parks,Vascular Plant,Gentianales,Rubiaceae,Goose Grass,Common
Sequoia and Kings Canyon National Parks,Vascular Plant,Gentianales,Rubiaceae,Low Mountain Bedstraw,Uncommon
Sequoia and Kings Canyon National Parks,Vascular Plant,Gentianales,Rubiaceae,Bolander's Bedstraw,Uncommon
Sequoia and Kings Canyon National Parks,Vascular Plant,Gentianales,Rubiaceae,Alpine Bedstraw,Rare
Sequoia and Kings Canyon National Parks,Vascular Plant,Gentianales,Rubiaceae,Kellogg's Bedstraw,nan
Sequoia and Kings Canyon National Parks,Vascular Plant,Gentianales,Rubiaceae,Tiny Bedstraw,Rare
Sequoia and Kings Canyon National Parks,Vascular Plant,Gentianales,Rubiaceae,Wall Bedstraw,Common
Sequoia and Kings Canyon National Parks,Vascular Plant,Gentianales,Rubiaceae,Climbing Bedstraw,Uncommon
Sequoia and Kings Canyon National Parks,Vascular Plant,Gentianales,Rubiaceae,Sequoia Bedstraw,Uncommon
Sequoia and Kings Canyon National Parks,Vascular Plant,Gentianales,Rubiaceae,Trifid Bedstraw,Uncommon
Sequoia and Kings Canyon National Parks,Vascular Plant,Gentianales,Rubiaceae,Trifid Bedstraw,Uncommon
Sequoia and Kings Canyon National Parks,Vascular Plant,Gentianales,Rubiaceae,Sweet-Scented Bedstraw,Uncommon
Sequoia and Kings Canyon National Parks,Vascular Plant,Gentianales,Rubiaceae,Kellogia,Uncommon
Sequoia and Kings Canyon National Parks,Vascular Plant,Gentianales,Rubiaceae,Field Madder,Rare
Sequoia and Kings Canyon National Parks,Vascular Plant,Geraniales,Geraniaceae,Long-Beaked Filaree,Uncommon
Sequoia and Kings Canyon National Parks,Vascular Plant,Geraniales,Geraniaceae,White-Stemmed Filaree,Rare
Sequoia and Kings Canyon National Parks,Vascular Plant,Geraniales,Geraniaceae,Red-Stemmed Filaree,Common
Sequoia and Kings Canyon National Parks,Vascular Plant,Geraniales,Geraniaceae,Musky Stork's Bill,Uncommon
Sequoia and Kings Canyon National Parks,Vascular Plant,Geraniales,Geraniaceae,California Geranium,Uncommon
Sequoia and Kings Canyon National Parks,Vascular Plant,Geraniales,Geraniaceae,Carolina Geranium,Uncommon
Sequoia and Kings Canyon National Parks,Vascular Plant,Geraniales,Geraniaceae,Cutleaf Geranium,Uncommon
Sequoia and Kings Canyon National Parks,Vascular Plant,Geraniales,Geraniaceae,Dove's Foot Geranium,Uncommon
Sequoia and Kings Canyon National Parks,Vascular Plant,Geraniales,Geraniaceae,Richardson's Geranium,Uncommon
Sequoia and Kings Canyon National Parks,Vascular Plant,Isoetales,Isoetaceae,Bolander's Quillwort,Uncommon
Sequoia and Kings Canyon National Parks,Vascular Plant,Isoetales,Isoetaceae,Pygmy Quillwort,Uncommon
Sequoia and Kings Canyon National Parks,Vascular Plant,Isoetales,Isoetaceae,Howell's Quillwort,nan
Sequoia and Kings Canyon National Parks,Vascular Plant,Isoetales,Isoetaceae,Nuttall's Quillwort,Rare
Sequoia and Kings Canyon National Parks,Vascular Plant,Lamiales,Lamiaceae,Horse Mint,Uncommon
Sequoia and Kings Canyon National Parks,Vascular Plant,Lamiales,Lamiaceae,Common Henbit,Uncommon
Sequoia and Kings Canyon National Parks,Vascular Plant,Lamiales,Lamiaceae,Dead Nettle,Rare
Sequoia and Kings Canyon National Parks,Vascular Plant,Lamiales,Lamiaceae,Horehound,Rare
Sequoia and Kings Canyon National Parks,Vascular Plant,Lamiales,Lamiaceae,Field Mint,Rare
Sequoia and Kings Canyon National Parks,Vascular Plant,Lamiales,Lamiaceae,Pennyroyal,Rare
Sequoia and Kings Canyon National Parks,Vascular Plant,Lamiales,Lamiaceae,Spearmint,Rare
Sequoia and Kings Canyon National Parks,Vascular Plant,Lamiales,Lamiaceae,Pale Monardella,Uncommon
Sequoia and Kings Canyon National Parks,Vascular Plant,Lamiales,Lamiaceae,Mustang Mint,Uncommon
Sequoia and Kings Canyon National Parks,Vascular Plant,Lamiales,Lamiaceae,Mountain Mint,Uncommon
Sequoia and Kings Canyon National Parks,Vascular Plant,Lamiales,Lamiaceae,Coyote Mint,Uncommon
Sequoia and Kings Canyon National Parks,Vascular Plant,Lamiales,Lamiaceae,Coyote-Mint,Rare
Sequoia and Kings Canyon National Parks,Vascular Plant,Lamiales,Lamiaceae,Selfheal,Rare
Sequoia and Kings Canyon National Parks,Vascular Plant,Lamiales,Lamiaceae,Chia,Uncommon
Sequoia and Kings Canyon National Parks,Vascular Plant,Lamiales,Lamiaceae,Bolander's Scullcap,Rare
Sequoia and Kings Canyon National Parks,Vascular Plant,Lamiales,Lamiaceae,Grey-Leaved Scullcap,Rare
Sequoia and Kings Canyon National Parks,Vascular Plant,Lamiales,Lamiaceae,Dannie's Scullcap,Uncommon
Sequoia and Kings Canyon National Parks,Vascular Plant,Lamiales,Lamiaceae,White Hedge-Nettle,Common
Sequoia and Kings Canyon National Parks,Vascular Plant,Lamiales,Lamiaceae,Vinegar Weed,Rare
Sequoia and Kings Canyon National Parks,Vascular Plant,Lamiales,Lamiaceae,Mountain Blue-Curls,Rare
Sequoia and Kings Canyon National Parks,Vascular Plant,Lamiales,Lentibulariaceae,Flat-Leaved Bladderwort,Rare
Sequoia and Kings Canyon National Parks,Vascular Plant,Lamiales,Lentibulariaceae,Common Bladderwort,Rare
Sequoia and Kings Canyon National Parks,Vascular Plant,Lamiales,Linderniaceae,False Pimpernell,Rare
Sequoia and Kings Canyon National Parks,Vascular Plant,Lamiales,Oleaceae,California Ash,Uncommon
Sequoia and Kings Canyon National Parks,Vascular Plant,Lamiales,Oleaceae,Chinese Privet,Rare
Sequoia and Kings Canyon National Parks,Vascular Plant,Lamiales,Oleaceae,Olive,Rare
Sequoia and Kings Canyon National Parks,Vascular Plant,Lamiales,Orobanchaceae,Wavy-Leaved Paintbrush,Uncommon
Sequoia and Kings Canyon National Parks,Vascular Plant,Lamiales,Orobanchaceae,Wavy-Leaved Paintbrush,Uncommon
Sequoia and Kings Canyon National Parks,Vascular Plant,Lamiales,Orobanchaceae,Wavyleaf Indian Paintbrush,nan
Sequoia and Kings Canyon National Parks,Vascular Plant,Lamiales,Orobanchaceae,Valley Tassels,Uncommon
Sequoia and Kings Canyon National Parks,Vascular Plant,Lamiales,Orobanchaceae,Purple Owl's-Clover,Uncommon
Sequoia and Kings Canyon National Parks,Vascular Plant,Lamiales,Orobanchaceae,Lemmon's Paintbrush,Common
Sequoia and Kings Canyon National Parks,Vascular Plant,Lamiales,Orobanchaceae,Pallid Owl's Clover,Uncommon
Sequoia and Kings Canyon National Parks,Vascular Plant,Lamiales,Orobanchaceae,Great Red Paintbrush,Common
Sequoia and Kings Canyon National Parks,Vascular Plant,Lamiales,Orobanchaceae,Dwarf Alpine Indian Paintbrush,Uncommon
Sequoia and Kings Canyon National Parks,Vascular Plant,Lamiales,Orobanchaceae,"Hairy Paintbrush, Parrothead Indian Paintbrush",nan
Sequoia and Kings Canyon National Parks,Vascular Plant,Lamiales,Orobanchaceae,Salmon Creek Indian Paintbrush,nan
Sequoia and Kings Canyon National Parks,Vascular Plant,Lamiales,Orobanchaceae,Longleaf Indian Paintbrush,nan
Sequoia and Kings Canyon National Parks,Vascular Plant,Lamiales,Orobanchaceae,Hairy Owl's Clover,Rare
Sequoia and Kings Canyon National Parks,Vascular Plant,Lamiales,Orobanchaceae,Bird's Beak,Rare
Sequoia and Kings Canyon National Parks,Vascular Plant,Lamiales,Orobanchaceae,Stiffbranch Bird's Beak,Rare
Sequoia and Kings Canyon National Parks,Vascular Plant,Lamiales,Orobanchaceae,"Slender Bird's Beak, Slender Bird'sbeak",nan
Sequoia and Kings Canyon National Parks,Vascular Plant,Lamiales,Orobanchaceae,Chaparral Broom-Rape,Uncommon
Sequoia and Kings Canyon National Parks,Vascular Plant,Lamiales,Orobanchaceae,Clustered Broom-Rape,Uncommon
Sequoia and Kings Canyon National Parks,Vascular Plant,Lamiales,Orobanchaceae,Naked Broom-Rape,Uncommon
Sequoia and Kings Canyon National Parks,Vascular Plant,Lamiales,Orobanchaceae,Little Elephant's Head,Uncommon
Sequoia and Kings Canyon National Parks,Vascular Plant,Lamiales,Orobanchaceae,Indian Warrior,Rare
Sequoia and Kings Canyon National Parks,Vascular Plant,Lamiales,Orobanchaceae,Elephant's Head,Uncommon
Sequoia and Kings Canyon National Parks,Vascular Plant,Lamiales,Orobanchaceae,Pine-Woods Lousewort,Abundant
Sequoia and Kings Canyon National Parks,Vascular Plant,Lamiales,Orobanchaceae,Butter-And-Eggs,Rare
Sequoia and Kings Canyon National Parks,Vascular Plant,Lamiales,Phrymaceae,Notch-Petaled Bush Monkeyflower,Uncommon
Sequoia and Kings Canyon National Parks,Vascular Plant,Lamiales,Phrymaceae,Yellow-And-White Monkeyflower,Uncommon
Sequoia and Kings Canyon National Parks,Vascular Plant,Lamiales,Phrymaceae,Bolander's Monkeyflower,Uncommon
Sequoia and Kings Canyon National Parks,Vascular Plant,Lamiales,Phrymaceae,Brewer's Monkeyflower,Uncommon
Sequoia and Kings Canyon National Parks,Vascular Plant,Lamiales,Phrymaceae,Scarlet Monkeyflower,Rare
Sequoia and Kings Canyon National Parks,Vascular Plant,Lamiales,Phrymaceae,Congdon's Monkeyflower,Rare
Sequoia and Kings Canyon National Parks,Vascular Plant,Lamiales,Phrymaceae,None,nan
Sequoia and Kings Canyon National Parks,Vascular Plant,Lamiales,Phrymaceae,Manyflowered Monkeyflower,Uncommon
Sequoia and Kings Canyon National Parks,Vascular Plant,Lamiales,Phrymaceae,Common Large Monkeyflower,Common
Sequoia and Kings Canyon National Parks,Vascular Plant,Lamiales,Phrymaceae,Small-Flowered Monkeyflower,Uncommon
Sequoia and Kings Canyon National Parks,Vascular Plant,Lamiales,Phrymaceae,Kellogg's Monkeyflower,nan
Sequoia and Kings Canyon National Parks,Vascular Plant,Lamiales,Phrymaceae,Cut-Leaved Monkeyflower,Uncommon
Sequoia and Kings Canyon National Parks,Vascular Plant,Lamiales,Phrymaceae,Layne's Monkeyflower,nan
Sequoia and Kings Canyon National Parks,Vascular Plant,Lamiales,Phrymaceae,Least-Flowered Monkeyflower,Uncommon
Sequoia and Kings Canyon National Parks,Vascular Plant,Lamiales,Phrymaceae,Great Purple Monkeyflower,Rare
Sequoia and Kings Canyon National Parks,Vascular Plant,Lamiales,Phrymaceae,Foul Odor Monkey Flower,Rare
Sequoia and Kings Canyon National Parks,Vascular Plant,Lamiales,Phrymaceae,Mointain Monkeyflower,Uncommon
Sequoia and Kings Canyon National Parks,Vascular Plant,Lamiales,Phrymaceae,Musk Monkeyflower,Uncommon
Sequoia and Kings Canyon National Parks,Vascular Plant,Lamiales,Phrymaceae,Kaweah Monkeyflower,Rare
Sequoia and Kings Canyon National Parks,Vascular Plant,Lamiales,Phrymaceae,Palmer's Monkeyflower,Uncommon
Sequoia and Kings Canyon National Parks,Vascular Plant,Lamiales,Phrymaceae,Downy Monkeyflower,Rare
Sequoia and Kings Canyon National Parks,Vascular Plant,Lamiales,Phrymaceae,Primrose Monkeyflower,nan
Sequoia and Kings Canyon National Parks,Vascular Plant,Lamiales,Phrymaceae,Primrose Monkeyflower,Common
Sequoia and Kings Canyon National Parks,Vascular Plant,Lamiales,Phrymaceae,Suksdorf's Monkeyflower,Uncommon
Sequoia and Kings Canyon National Parks,Vascular Plant,Lamiales,Phrymaceae,Larger Mountain Monkeyflower,Uncommon
Sequoia and Kings Canyon National Parks,Vascular Plant,Lamiales,Phrymaceae,Torrey's Monkeyflower,nan
Sequoia and Kings Canyon National Parks,Vascular Plant,Lamiales,Phrymaceae,Viscid Monkeyflower,Uncommon
Sequoia and Kings Canyon National Parks,Vascular Plant,Lamiales,Phrymaceae,Varicolored Monkeyflower,Common
Sequoia and Kings Canyon National Parks,Vascular Plant,Lamiales,Plantaginaceae,None,Rare
Sequoia and Kings Canyon National Parks,Vascular Plant,Lamiales,Plantaginaceae,None,Rare
Sequoia and Kings Canyon National Parks,Vascular Plant,Lamiales,Plantaginaceae,Northern Water-Starwort,Rare
Sequoia and Kings Canyon National Parks,Vascular Plant,Lamiales,Plantaginaceae,Vernal Water-Starwort,Rare
Sequoia and Kings Canyon National Parks,Vascular Plant,Lamiales,Plantaginaceae,Davidson's Blue Eyed Mary,nan
Sequoia and Kings Canyon National Parks,Vascular Plant,Lamiales,Plantaginaceae,Child's Blue Eyed Mary,Uncommon
Sequoia and Kings Canyon National Parks,Vascular Plant,Lamiales,Plantaginaceae,Chinese Houses,Common
Sequoia and Kings Canyon National Parks,Vascular Plant,Lamiales,Plantaginaceae,Blue-Eyed Mary,Uncommon
Sequoia and Kings Canyon National Parks,Vascular Plant,Lamiales,Plantaginaceae,Spinster's Blue Eyed Mary,Rare
Sequoia and Kings Canyon National Parks,Vascular Plant,Lamiales,Plantaginaceae,Sticky Chinese Houses,Uncommon
Sequoia and Kings Canyon National Parks,Vascular Plant,Lamiales,Plantaginaceae,Torrey's Blue-Eyed Mary,Rare
Sequoia and Kings Canyon National Parks,Vascular Plant,Lamiales,Plantaginaceae,Torrey's Blue-Eyed Mary,Common
Sequoia and Kings Canyon National Parks,Vascular Plant,Lamiales,Plantaginaceae,Torrey's Blue-Eyed Mary,Uncommon
Sequoia and Kings Canyon National Parks,Vascular Plant,Lamiales,Plantaginaceae,Foxglove,Uncommon
Sequoia and Kings Canyon National Parks,Vascular Plant,Lamiales,Plantaginaceae,Gaping Beard-Tongue,Unknown
Sequoia and Kings Canyon National Parks,Vascular Plant,Lamiales,Plantaginaceae,Bush Beardtongue,Unknown
Sequoia and Kings Canyon National Parks,Vascular Plant,Lamiales,Plantaginaceae,Rothrock's Beard-Tongue,Uncommon
Sequoia and Kings Canyon National Parks,Vascular Plant,Lamiales,Plantaginaceae,Mudwort,Rare
Sequoia and Kings Canyon National Parks,Vascular Plant,Lamiales,Plantaginaceae,Northern Mudwort,Rare
Sequoia and Kings Canyon National Parks,Vascular Plant,Lamiales,Plantaginaceae,Azure Beard-Tongue,Uncommon
Sequoia and Kings Canyon National Parks,Vascular Plant,Lamiales,Plantaginaceae,Cushion Beard-Tongue,Uncommon
Sequoia and Kings Canyon National Parks,Vascular Plant,Lamiales,Plantaginaceae,Creeping Beard-Tongue,Uncommon
Sequoia and Kings Canyon National Parks,Vascular Plant,Lamiales,Plantaginaceae,Grinnell's Beardtongue,nan
Sequoia and Kings Canyon National Parks,Vascular Plant,Lamiales,Plantaginaceae,Grinnel's Beard-Tongue,Uncommon
Sequoia and Kings Canyon National Parks,Vascular Plant,Lamiales,Plantaginaceae,Sierra Beard-Tongue,Uncommon
Sequoia and Kings Canyon National Parks,Vascular Plant,Lamiales,Plantaginaceae,Sierra Beard-Tongue,Uncommon
Sequoia and Kings Canyon National Parks,Vascular Plant,Lamiales,Plantaginaceae,Gay Beard-Tongue,Uncommon
Sequoia and Kings Canyon National Parks,Vascular Plant,Lamiales,Plantaginaceae,Mountain Pride,Common
Sequoia and Kings Canyon National Parks,Vascular Plant,Lamiales,Plantaginaceae,Small Azure Beard-Tongue,Uncommon
Sequoia and Kings Canyon National Parks,Vascular Plant,Lamiales,Plantaginaceae,Bridge Penstemon,Uncommon
Sequoia and Kings Canyon National Parks,Vascular Plant,Lamiales,Plantaginaceae,Meadow Beard-Tongue,Rare
Sequoia and Kings Canyon National Parks,Vascular Plant,Lamiales,Plantaginaceae,"Prairie-Clover, Royal Penstemon",nan
Sequoia and Kings Canyon National Parks,Vascular Plant,Lamiales,Plantaginaceae,California Plantain,Uncommon
Sequoia and Kings Canyon National Parks,Vascular Plant,Lamiales,Plantaginaceae,English Plantain,Uncommon
Sequoia and Kings Canyon National Parks,Vascular Plant,Lamiales,Plantaginaceae,Common Plantain,Rare
Sequoia and Kings Canyon National Parks,Vascular Plant,Lamiales,Plantaginaceae,American Brooklime,Uncommon
Sequoia and Kings Canyon National Parks,Vascular Plant,Lamiales,Plantaginaceae,Corn Speedwell,Uncommon
Sequoia and Kings Canyon National Parks,Vascular Plant,Lamiales,Plantaginaceae,Purslane Speedwell,Rare
Sequoia and Kings Canyon National Parks,Vascular Plant,Lamiales,Plantaginaceae,Persian Speedwell,Uncommon
Sequoia and Kings Canyon National Parks,Vascular Plant,Lamiales,Plantaginaceae,Thyme-Leaved Speedwell,Uncommon
Sequoia and Kings Canyon National Parks,Vascular Plant,Lamiales,Plantaginaceae,American Alpine Speedwell,Uncommon
Sequoia and Kings Canyon National Parks,Vascular Plant,Lamiales,Scrophulariaceae,California Figwort,Uncommon
Sequoia and Kings Canyon National Parks,Vascular Plant,Lamiales,Scrophulariaceae,Desert Figwort,Rare
Sequoia and Kings Canyon National Parks,Vascular Plant,Lamiales,Scrophulariaceae,Wolley Mullein,Uncommon
Sequoia and Kings Canyon National Parks,Vascular Plant,Lamiales,Scrophulariaceae,Wand Mullein,Rare
Sequoia and Kings Canyon National Parks,Vascular Plant,Lamiales,Verbenaceae,None,Rare
Sequoia and Kings Canyon National Parks,Vascular Plant,Lamiales,Verbenaceae,Western Verbena,Rare
Sequoia and Kings Canyon National Parks,Vascular Plant,Laurales,Calycanthaceae,Spicebush,Uncommon
Sequoia and Kings Canyon National Parks,Vascular Plant,Laurales,Lauraceae,California Bay,Uncommon
Sequoia and Kings Canyon National Parks,Vascular Plant,Liliales,Liliaceae,Rosy Fairy Lantern,Common
Sequoia and Kings Canyon National Parks,Vascular Plant,Liliales,Liliaceae,Plain Mariposa Lily,Uncommon
Sequoia and Kings Canyon National Parks,Vascular Plant,Liliales,Liliaceae,Lecithin's Sedge,Uncommon
Sequoia and Kings Canyon National Parks,Vascular Plant,Liliales,Liliaceae,Lesser Star Tulip,Common
Sequoia and Kings Canyon National Parks,Vascular Plant,Liliales,Liliaceae,Superb Mariposa Lily,Uncommon
Sequoia and Kings Canyon National Parks,Vascular Plant,Liliales,Liliaceae,Butterfly Mariposa Lily,Uncommon
Sequoia and Kings Canyon National Parks,Vascular Plant,Liliales,Liliaceae,Bride's Bonnet,Rare
Sequoia and Kings Canyon National Parks,Vascular Plant,Liliales,Liliaceae,Hooker's Fairy Bells,Uncommon
Sequoia and Kings Canyon National Parks,Vascular Plant,Liliales,Liliaceae,Kaweah Lakes Fawn Lily,Rare
Sequoia and Kings Canyon National Parks,Vascular Plant,Liliales,Liliaceae,Purple Fritillary,Rare
Sequoia and Kings Canyon National Parks,Vascular Plant,Liliales,Liliaceae,Brown Bells,Uncommon
Sequoia and Kings Canyon National Parks,Vascular Plant,Liliales,Liliaceae,Pinewoods Fritillary,Uncommon
Sequoia and Kings Canyon National Parks,Vascular Plant,Liliales,Liliaceae,Kelley's Lily,Uncommon
Sequoia and Kings Canyon National Parks,Vascular Plant,Liliales,Liliaceae,Leopard Lily,Uncommon
Sequoia and Kings Canyon National Parks,Vascular Plant,Liliales,Liliaceae,Alpine Lily,Uncommon
Sequoia and Kings Canyon National Parks,Vascular Plant,Liliales,Melanthiaceae,Corn Lily,Common
Sequoia and Kings Canyon National Parks,Vascular Plant,Liliales,Melanthiaceae,Giant Deathcamas,Uncommon
Sequoia and Kings Canyon National Parks,Vascular Plant,Liliales,Melanthiaceae,Death Camas,Uncommon
Sequoia and Kings Canyon National Parks,Vascular Plant,Malpighiales,Euphorbiaceae,Spotted Spurge,Rare
Sequoia and Kings Canyon National Parks,Vascular Plant,Malpighiales,Euphorbiaceae,Valley Spurge,Rare
Sequoia and Kings Canyon National Parks,Vascular Plant,Malpighiales,Euphorbiaceae,Thyme-Leaved Spurge,Unknown
Sequoia and Kings Canyon National Parks,Vascular Plant,Malpighiales,Euphorbiaceae,Thyme-Leafed Spurge,Unknown
Sequoia and Kings Canyon National Parks,Vascular Plant,Malpighiales,Euphorbiaceae,Dove Weed,Rare
Sequoia and Kings Canyon National Parks,Vascular Plant,Malpighiales,Euphorbiaceae,Chinese Caps,Uncommon
Sequoia and Kings Canyon National Parks,Vascular Plant,Malpighiales,Euphorbiaceae,Petty Spurge,Rare
Sequoia and Kings Canyon National Parks,Vascular Plant,Malpighiales,Euphorbiaceae,Warty Spurge,Uncommon
Sequoia and Kings Canyon National Parks,Vascular Plant,Malpighiales,Hypericaceae,Tinker's Penny,Uncommon
Sequoia and Kings Canyon National Parks,Vascular Plant,Malpighiales,Hypericaceae,Saint John's Wort,Uncommon
Sequoia and Kings Canyon National Parks,Vascular Plant,Malpighiales,Linaceae,Small Flowered Flax,nan
Sequoia and Kings Canyon National Parks,Vascular Plant,Malpighiales,Linaceae,Western Blue Flax,Rare
Sequoia and Kings Canyon National Parks,Vascular Plant,Malpighiales,Salicaceae,Black Cottonwood,Uncommon
Sequoia and Kings Canyon National Parks,Vascular Plant,Malpighiales,Salicaceae,Fremont Cottonwood,Rare
Sequoia and Kings Canyon National Parks,Vascular Plant,Malpighiales,Salicaceae,Quaking Aspen,Uncommon
Sequoia and Kings Canyon National Parks,Vascular Plant,Malpighiales,Salicaceae,Arctic Willow,Uncommon
Sequoia and Kings Canyon National Parks,Vascular Plant,Malpighiales,Salicaceae,Booth's Willow,Uncommon
Sequoia and Kings Canyon National Parks,Vascular Plant,Malpighiales,Salicaceae,Drummond's Willow,Rare
Sequoia and Kings Canyon National Parks,Vascular Plant,Malpighiales,Salicaceae,Sierra Willow,Uncommon
Sequoia and Kings Canyon National Parks,Vascular Plant,Malpighiales,Salicaceae,Narrow-Leaved Willow,Rare
Sequoia and Kings Canyon National Parks,Vascular Plant,Malpighiales,Salicaceae,Geyer's Willow,Rare
Sequoia and Kings Canyon National Parks,Vascular Plant,Malpighiales,Salicaceae,Goodding's Black Willow,Rare
Sequoia and Kings Canyon National Parks,Vascular Plant,Malpighiales,Salicaceae,Jepson's Willow,Uncommon
Sequoia and Kings Canyon National Parks,Vascular Plant,Malpighiales,Salicaceae,Red Willow,Rare
Sequoia and Kings Canyon National Parks,Vascular Plant,Malpighiales,Salicaceae,Arroyo Willow,Uncommon
Sequoia and Kings Canyon National Parks,Vascular Plant,Malpighiales,Salicaceae,Lemmon's Willow,Uncommon
Sequoia and Kings Canyon National Parks,Vascular Plant,Malpighiales,Salicaceae,Strap-Leaved Willow,Rare
Sequoia and Kings Canyon National Parks,Vascular Plant,Malpighiales,Salicaceae,Shining Willow,Uncommon
Sequoia and Kings Canyon National Parks,Vascular Plant,Malpighiales,Salicaceae,Dusky Willow,Rare
Sequoia and Kings Canyon National Parks,Vascular Plant,Malpighiales,Salicaceae,Grey-Leaved Sierra Willow,Uncommon
Sequoia and Kings Canyon National Parks,Vascular Plant,Malpighiales,Salicaceae,Tea-Leaved Willow,Rare
Sequoia and Kings Canyon National Parks,Vascular Plant,Malpighiales,Salicaceae,Scouler's Willow,Uncommon
Sequoia and Kings Canyon National Parks,Vascular Plant,Malpighiales,Violaceae,Western Dog Violet,Uncommon
Sequoia and Kings Canyon National Parks,Vascular Plant,Malpighiales,Violaceae,Stream Violet,Uncommon
Sequoia and Kings Canyon National Parks,Vascular Plant,Malpighiales,Violaceae,Pine Violet,Uncommon
Sequoia and Kings Canyon National Parks,Vascular Plant,Malpighiales,Violaceae,Macloskey's Violet,Uncommon
Sequoia and Kings Canyon National Parks,Vascular Plant,Malpighiales,Violaceae,Pine Violet,Uncommon
Sequoia and Kings Canyon National Parks,Vascular Plant,Malpighiales,Violaceae,Mountain Violet,Unknown
Sequoia and Kings Canyon National Parks,Vascular Plant,Malpighiales,Violaceae,Mountain Violet,Unknown
Sequoia and Kings Canyon National Parks,Vascular Plant,Malpighiales,Violaceae,Pine Violet,Unknown
Sequoia and Kings Canyon National Parks,Vascular Plant,Malpighiales,Violaceae,Fan Violet,Uncommon
Sequoia and Kings Canyon National Parks,Vascular Plant,Malvales,Malvaceae,California Flannel Bush,Uncommon
Sequoia and Kings Canyon National Parks,Vascular Plant,Malvales,Malvaceae,Mendocino Bushmallow,nan
Sequoia and Kings Canyon National Parks,Vascular Plant,Malvales,Malvaceae,Fremon's Bushmallow,Uncommon
Sequoia and Kings Canyon National Parks,Vascular Plant,Malvales,Malvaceae,Common Mallow,Rare
Sequoia and Kings Canyon National Parks,Vascular Plant,Malvales,Malvaceae,Cheeseweed,Rare
Sequoia and Kings Canyon National Parks,Vascular Plant,Malvales,Malvaceae,Oregon Sidalcea,Uncommon
Sequoia and Kings Canyon National Parks,Vascular Plant,Malvales,Malvaceae,Marsh Checkerbloom,Uncommon
Sequoia and Kings Canyon National Parks,Vascular Plant,Malvales,Malvaceae,Creeping Checker,Uncommon
Sequoia and Kings Canyon National Parks,Vascular Plant,Myrtales,Lythraceae,Hyssop Loosestrife,Rare
Sequoia and Kings Canyon National Parks,Vascular Plant,Myrtales,Lythraceae,Pomegranate,Rare
Sequoia and Kings Canyon National Parks,Vascular Plant,Myrtales,Myrtaceae,Lemon-Scented Gum,Rare
Sequoia and Kings Canyon National Parks,Vascular Plant,Myrtales,Onagraceae,Mojave Sun Cup,Rare
Sequoia and Kings Canyon National Parks,Vascular Plant,Myrtales,Onagraceae,Hill Sun Cup,nan
Sequoia and Kings Canyon National Parks,Vascular Plant,Myrtales,Onagraceae,Santa Cruz Island Suncup,Uncommon
Sequoia and Kings Canyon National Parks,Vascular Plant,Myrtales,Onagraceae,Jurupa Hills Suncup,Uncommon
Sequoia and Kings Canyon National Parks,Vascular Plant,Myrtales,Onagraceae,"Diffuseflower Evening Primrose, Diffuseflower Evening-Primrose, Longleaf Suncup, Northern Eveningprimrose",nan
Sequoia and Kings Canyon National Parks,Vascular Plant,Myrtales,Onagraceae,Enchanter's Nightshade,Uncommon
Sequoia and Kings Canyon National Parks,Vascular Plant,Myrtales,Onagraceae,Speckled Clarkia,Uncommon
Sequoia and Kings Canyon National Parks,Vascular Plant,Myrtales,Onagraceae,Dudley's Clarkia,Uncommon
Sequoia and Kings Canyon National Parks,Vascular Plant,Myrtales,Onagraceae,Mountain Clarkia,Uncommon
Sequoia and Kings Canyon National Parks,Vascular Plant,Myrtales,Onagraceae,Four-Spot,Unknown
Sequoia and Kings Canyon National Parks,Vascular Plant,Myrtales,Onagraceae,Winecup Clarkia,Unknown
Sequoia and Kings Canyon National Parks,Vascular Plant,Myrtales,Onagraceae,Diamond Clarkia,Uncommon
Sequoia and Kings Canyon National Parks,Vascular Plant,Myrtales,Onagraceae,Redspot Clarkia,Rare
Sequoia and Kings Canyon National Parks,Vascular Plant,Myrtales,Onagraceae,Elegant Clarkia,Common
Sequoia and Kings Canyon National Parks,Vascular Plant,Myrtales,Onagraceae,Pimpernel Willowherb,Uncommon
Sequoia and Kings Canyon National Parks,Vascular Plant,Myrtales,Onagraceae,Fireweed,Uncommon
Sequoia and Kings Canyon National Parks,Vascular Plant,Myrtales,Onagraceae,Panicled Willow-Herb,Rare
Sequoia and Kings Canyon National Parks,Vascular Plant,Myrtales,Onagraceae,California Fuchsia,Uncommon
Sequoia and Kings Canyon National Parks,Vascular Plant,Myrtales,Onagraceae,Northern Willow-Herb,Unknown
Sequoia and Kings Canyon National Parks,Vascular Plant,Myrtales,Onagraceae,Slender Willow-Herb,Unknown
Sequoia and Kings Canyon National Parks,Vascular Plant,Myrtales,Onagraceae,Denseflower Willowherb,Rare
Sequoia and Kings Canyon National Parks,Vascular Plant,Myrtales,Onagraceae,Glaucus Willow-Herb,Rare
Sequoia and Kings Canyon National Parks,Vascular Plant,Myrtales,Onagraceae,Glaucus Willow-Herb,Rare
Sequoia and Kings Canyon National Parks,Vascular Plant,Myrtales,Onagraceae,Hall's Willow-Herb,Uncommon
Sequoia and Kings Canyon National Parks,Vascular Plant,Myrtales,Onagraceae,Horneman's Willow-Herb,Uncommon
Sequoia and Kings Canyon National Parks,Vascular Plant,Myrtales,Onagraceae,White-Flowered Willow-Herb,Uncommon
Sequoia and Kings Canyon National Parks,Vascular Plant,Myrtales,Onagraceae,Broad-Leaved Willow-Herb,Rare
Sequoia and Kings Canyon National Parks,Vascular Plant,Myrtales,Onagraceae,Minute Willow-Herb,Uncommon
Sequoia and Kings Canyon National Parks,Vascular Plant,Myrtales,Onagraceae,Rock Fringe,Common
Sequoia and Kings Canyon National Parks,Vascular Plant,Myrtales,Onagraceae,Oregon Fireweed,Uncommon
Sequoia and Kings Canyon National Parks,Vascular Plant,Myrtales,Onagraceae,Oregon Willow-Herb,Uncommon
Sequoia and Kings Canyon National Parks,Vascular Plant,Myrtales,Onagraceae,Torrey's Willowherb,Rare
Sequoia and Kings Canyon National Parks,Vascular Plant,Myrtales,Onagraceae,Deceptive Groundsmoke,Rare
Sequoia and Kings Canyon National Parks,Vascular Plant,Myrtales,Onagraceae,Spreading Groundsmoke,Common
Sequoia and Kings Canyon National Parks,Vascular Plant,Myrtales,Onagraceae,Spreading Groundsmoke,Common
Sequoia and Kings Canyon National Parks,Vascular Plant,Myrtales,Onagraceae,Coville's Groundsmoke,Common
Sequoia and Kings Canyon National Parks,Vascular Plant,Myrtales,Onagraceae,Zigzag Groundsmoke,Rare
Sequoia and Kings Canyon National Parks,Vascular Plant,Myrtales,Onagraceae,Low Gayophytum,Common
Sequoia and Kings Canyon National Parks,Vascular Plant,Myrtales,Onagraceae,Black-Foot Gayophytum,Common
Sequoia and Kings Canyon National Parks,Vascular Plant,Myrtales,Onagraceae,False Loosestrife,Rare
Sequoia and Kings Canyon National Parks,Vascular Plant,Myrtales,Onagraceae,Hooker's Evening-Primrose,Rare
Sequoia and Kings Canyon National Parks,Vascular Plant,Myrtales,Onagraceae,Evening Primrose,Rare
Sequoia and Kings Canyon National Parks,Vascular Plant,Ophioglossales,Ophioglossaceae,Mingan Moonwort,Rare
Sequoia and Kings Canyon National Parks,Vascular Plant,Ophioglossales,Ophioglossaceae,Leather Grape-Fern,Rare
Sequoia and Kings Canyon National Parks,Vascular Plant,Ophioglossales,Ophioglossaceae,Yosemite Moonwort,Uncommon
Sequoia and Kings Canyon National Parks,Vascular Plant,Oxalidales,Oxalidaceae,Creeping Woodsorrel,Rare
Sequoia and Kings Canyon National Parks,Vascular Plant,Oxalidales,Oxalidaceae,Bermuda Buttercup,Rare
Sequoia and Kings Canyon National Parks,Vascular Plant,Pinales,Cupressaceae,Incense Cedar,Common
Sequoia and Kings Canyon National Parks,Vascular Plant,Pinales,Cupressaceae,California Juniper,nan
Sequoia and Kings Canyon National Parks,Vascular Plant,Pinales,Cupressaceae,Sierra Juniper,Common
Sequoia and Kings Canyon National Parks,Vascular Plant,Pinales,Cupressaceae,Giant Sequoia,Uncommon
Sequoia and Kings Canyon National Parks,Vascular Plant,Pinales,Pinaceae,White Fir,Abundant
Sequoia and Kings Canyon National Parks,Vascular Plant,Pinales,Pinaceae,California Red Fir,Unknown
Sequoia and Kings Canyon National Parks,Vascular Plant,Pinales,Pinaceae,Shasta Red Fir,Unknown
Sequoia and Kings Canyon National Parks,Vascular Plant,Pinales,Pinaceae,Whitebark Pine,Uncommon
Sequoia and Kings Canyon National Parks,Vascular Plant,Pinales,Pinaceae,Foxtail Pine,Common
Sequoia and Kings Canyon National Parks,Vascular Plant,Pinales,Pinaceae,Lodgepole Pine,Abundant
Sequoia and Kings Canyon National Parks,Vascular Plant,Pinales,Pinaceae,Limber Pine,Rare
Sequoia and Kings Canyon National Parks,Vascular Plant,Pinales,Pinaceae,Jeffrey Pine,Common
Sequoia and Kings Canyon National Parks,Vascular Plant,Pinales,Pinaceae,Sugar Pine,Common
Sequoia and Kings Canyon National Parks,Vascular Plant,Pinales,Pinaceae,Single Leaf Pinyon Pine,Uncommon
Sequoia and Kings Canyon National Parks,Vascular Plant,Pinales,Pinaceae,Western White Pine,Common
Sequoia and Kings Canyon National Parks,Vascular Plant,Pinales,Pinaceae,Pacific Ponderosa Pine,Uncommon
Sequoia and Kings Canyon National Parks,Vascular Plant,Pinales,Pinaceae,None,Uncommon
Sequoia and Kings Canyon National Parks,Vascular Plant,Pinales,Pinaceae,Gray Pine,Rare
Sequoia and Kings Canyon National Parks,Vascular Plant,Pinales,Pinaceae,Mountain Hemlock,Uncommon
Sequoia and Kings Canyon National Parks,Vascular Plant,Pinales,Taxaceae,California Nutmeg,Uncommon
Sequoia and Kings Canyon National Parks,Vascular Plant,Piperales,Aristolochiaceae,Hartweg's Wild Ginger,Uncommon
Sequoia and Kings Canyon National Parks,Vascular Plant,Piperales,Aristolochiaceae,Lemmon's Wild Ginger,Uncommon
Sequoia and Kings Canyon National Parks,Vascular Plant,Piperales,Saururaceae,Yerba Mansa,nan
Sequoia and Kings Canyon National Parks,Vascular Plant,Poales,Cyperaceae,Abrupt-Beaked Sedge,Uncommon
Sequoia and Kings Canyon National Parks,Vascular Plant,Poales,Cyperaceae,Black And White-Scaled Sedge,Uncommon
Sequoia and Kings Canyon National Parks,Vascular Plant,Poales,Cyperaceae,Ample-Leaved Sedge,Uncommon
Sequoia and Kings Canyon National Parks,Vascular Plant,Poales,Cyperaceae,Green-Fruited Sedge,Rare
Sequoia and Kings Canyon National Parks,Vascular Plant,Poales,Cyperaceae,Water Sedge,Uncommon
Sequoia and Kings Canyon National Parks,Vascular Plant,Poales,Cyperaceae,Slender-Beaked Sedge,Uncommon
Sequoia and Kings Canyon National Parks,Vascular Plant,Poales,Cyperaceae,Golden-Fruited Sedge,Uncommon
Sequoia and Kings Canyon National Parks,Vascular Plant,Poales,Cyperaceae,Bolander's Sedge,Uncommon
Sequoia and Kings Canyon National Parks,Vascular Plant,Poales,Cyperaceae,Brewer's Sedge,Uncommon
Sequoia and Kings Canyon National Parks,Vascular Plant,Poales,Cyperaceae,Silvery Sedge,Uncommon
Sequoia and Kings Canyon National Parks,Vascular Plant,Poales,Cyperaceae,Capitate Sedge,Uncommon
Sequoia and Kings Canyon National Parks,Vascular Plant,Poales,Cyperaceae,Congdon's Sedge,Common
Sequoia and Kings Canyon National Parks,Vascular Plant,Poales,Cyperaceae,None,Uncommon
Sequoia and Kings Canyon National Parks,Vascular Plant,Poales,Cyperaceae,Soft-Leaved Sedge,Rare
Sequoia and Kings Canyon National Parks,Vascular Plant,Poales,Cyperaceae,Douglas' Sedge,Uncommon
Sequoia and Kings Canyon National Parks,Vascular Plant,Poales,Cyperaceae,Star Sedge,Rare
Sequoia and Kings Canyon National Parks,Vascular Plant,Poales,Cyperaceae,Green-Sheathed Sedge,Uncommon
Sequoia and Kings Canyon National Parks,Vascular Plant,Poales,Cyperaceae,Thread-Leaved Sedge,Common
Sequoia and Kings Canyon National Parks,Vascular Plant,Poales,Cyperaceae,Thread-Leaved Sedge,Uncommon
Sequoia and Kings Canyon National Parks,Vascular Plant,Poales,Cyperaceae,Canyon Sedge,Uncommon
Sequoia and Kings Canyon National Parks,Vascular Plant,Poales,Cyperaceae,Fragile-Sheathed Sedge,Uncommon
Sequoia and Kings Canyon National Parks,Vascular Plant,Poales,Cyperaceae,Geyer's Or Elk Sedge,Rare
Sequoia and Kings Canyon National Parks,Vascular Plant,Poales,Cyperaceae,"Hasse's Sedge, Salt Sedge, Saltsedge",nan
Sequoia and Kings Canyon National Parks,Vascular Plant,Poales,Cyperaceae,Cloud Sedge,Uncommon
Sequoia and Kings Canyon National Parks,Vascular Plant,Poales,Cyperaceae,Heller's Sedge,Uncommon
Sequoia and Kings Canyon National Parks,Vascular Plant,Poales,Cyperaceae,Different Nerve Sedge,Rare
Sequoia and Kings Canyon National Parks,Vascular Plant,Poales,Cyperaceae,Different Nerve Sedge,Uncommon
Sequoia and Kings Canyon National Parks,Vascular Plant,Poales,Cyperaceae,Hood's Sedge,Uncommon
Sequoia and Kings Canyon National Parks,Vascular Plant,Poales,Cyperaceae,Small-Headed Sedge,Uncommon
Sequoia and Kings Canyon National Parks,Vascular Plant,Poales,Cyperaceae,Coastal Sand Sedge,Uncommon
Sequoia and Kings Canyon National Parks,Vascular Plant,Poales,Cyperaceae,Smooth-Beaked Sedge,Uncommon
Sequoia and Kings Canyon National Parks,Vascular Plant,Poales,Cyperaceae,Jones' Sedge,Uncommon
Sequoia and Kings Canyon National Parks,Vascular Plant,Poales,Cyperaceae,Woolly Sedge,Uncommon
Sequoia and Kings Canyon National Parks,Vascular Plant,Poales,Cyperaceae,Lemmon's Sedge,Uncommon
Sequoia and Kings Canyon National Parks,Vascular Plant,Poales,Cyperaceae,Lakeshore Sedge,Unknown
Sequoia and Kings Canyon National Parks,Vascular Plant,Poales,Cyperaceae,Kellogg's Sedge,Unknown
Sequoia and Kings Canyon National Parks,Vascular Plant,Poales,Cyperaceae,Sierra Hare Sedge,Uncommon
Sequoia and Kings Canyon National Parks,Vascular Plant,Poales,Cyperaceae,Woodrush Sedge,Rare
Sequoia and Kings Canyon National Parks,Vascular Plant,Poales,Cyperaceae,Mariposa Sedge,Uncommon
Sequoia and Kings Canyon National Parks,Vascular Plant,Poales,Cyperaceae,Smallwing Sedge,Common
Sequoia and Kings Canyon National Parks,Vascular Plant,Poales,Cyperaceae,Many-Stemmed Sedge,Common
Sequoia and Kings Canyon National Parks,Vascular Plant,Poales,Cyperaceae,Manyrib Sedge,Uncommon
Sequoia and Kings Canyon National Parks,Vascular Plant,Poales,Cyperaceae,Nebraska Sedge,Uncommon
Sequoia and Kings Canyon National Parks,Vascular Plant,Poales,Cyperaceae,Sierra Sedge,Rare
Sequoia and Kings Canyon National Parks,Vascular Plant,Poales,Cyperaceae,Black Sedge,Uncommon
Sequoia and Kings Canyon National Parks,Vascular Plant,Poales,Cyperaceae,Thick-Headed Sedge,Uncommon
Sequoia and Kings Canyon National Parks,Vascular Plant,Poales,Cyperaceae,Mountain Hare Sedge,Uncommon
Sequoia and Kings Canyon National Parks,Vascular Plant,Poales,Cyperaceae,Early Sedge,Uncommon
Sequoia and Kings Canyon National Parks,Vascular Plant,Poales,Cyperaceae,Meadow Sedge,Uncommon
Sequoia and Kings Canyon National Parks,Vascular Plant,Poales,Cyperaceae,Presl's Sedge,Uncommon
Sequoia and Kings Canyon National Parks,Vascular Plant,Poales,Cyperaceae,Great Smoky Mountain Sedge,Common
Sequoia and Kings Canyon National Parks,Vascular Plant,Poales,Cyperaceae,Raynold's Sedge,Uncommon
Sequoia and Kings Canyon National Parks,Vascular Plant,Poales,Cyperaceae,Ross' Sedge,Abundant
Sequoia and Kings Canyon National Parks,Vascular Plant,Poales,Cyperaceae,Yosemite Sedge,nan
Sequoia and Kings Canyon National Parks,Vascular Plant,Poales,Cyperaceae,Holm's Rocky Mountain Sedge,Uncommon
Sequoia and Kings Canyon National Parks,Vascular Plant,Poales,Cyperaceae,"False Flax, Twotooth Sedge",nan
Sequoia and Kings Canyon National Parks,Vascular Plant,Poales,Cyperaceae,Short-Beaked Sedge,Rare
Sequoia and Kings Canyon National Parks,Vascular Plant,Poales,Cyperaceae,Narrow-Fruited Sedge,Uncommon
Sequoia and Kings Canyon National Parks,Vascular Plant,Poales,Cyperaceae,Showy Sedge,Common
Sequoia and Kings Canyon National Parks,Vascular Plant,Poales,Cyperaceae,Mount Shasta Sedge,Common
Sequoia and Kings Canyon National Parks,Vascular Plant,Poales,Cyperaceae,Rusty Sedge,Uncommon
Sequoia and Kings Canyon National Parks,Vascular Plant,Poales,Cyperaceae,Nearlyblack Sedge,Common
Sequoia and Kings Canyon National Parks,Vascular Plant,Poales,Cyperaceae,Tahoe Sedge,Rare
Sequoia and Kings Canyon National Parks,Vascular Plant,Poales,Cyperaceae,Tomkins' Sedge,Uncommon
Sequoia and Kings Canyon National Parks,Vascular Plant,Poales,Cyperaceae,Beaked Sedge,Common
Sequoia and Kings Canyon National Parks,Vascular Plant,Poales,Cyperaceae,Native Sedge,Uncommon
Sequoia and Kings Canyon National Parks,Vascular Plant,Poales,Cyperaceae,Inflated Sedge,Rare
Sequoia and Kings Canyon National Parks,Vascular Plant,Poales,Cyperaceae,Whitney's Sedge,Uncommon
Sequoia and Kings Canyon National Parks,Vascular Plant,Poales,Cyperaceae,Slender Flatsedge,nan
Sequoia and Kings Canyon National Parks,Vascular Plant,Poales,Cyperaceae,Tall Flatsedge,Rare
Sequoia and Kings Canyon National Parks,Vascular Plant,Poales,Cyperaceae,Bearded Flatsedge,Rare
Sequoia and Kings Canyon National Parks,Vascular Plant,Poales,Cyperaceae,False Nutsedge,Rare
Sequoia and Kings Canyon National Parks,Vascular Plant,Poales,Cyperaceae,Three-Way Sedge,Rare
Sequoia and Kings Canyon National Parks,Vascular Plant,Poales,Cyperaceae,Needle Spikerush,Uncommon
Sequoia and Kings Canyon National Parks,Vascular Plant,Poales,Cyperaceae,Needle Spikerush,Uncommon
Sequoia and Kings Canyon National Parks,Vascular Plant,Poales,Cyperaceae,Pale Spikerush,Rare
Sequoia and Kings Canyon National Parks,Vascular Plant,Poales,Cyperaceae,Sand Spikerush,nan
Sequoia and Kings Canyon National Parks,Vascular Plant,Poales,Cyperaceae,Few-Flowered Spikerush,Common
Sequoia and Kings Canyon National Parks,Vascular Plant,Poales,Cyperaceae,Fringed Cottongrass,Uncommon
Sequoia and Kings Canyon National Parks,Vascular Plant,Poales,Cyperaceae,Vahl's Fimbry,Rare
Sequoia and Kings Canyon National Parks,Vascular Plant,Poales,Cyperaceae,Western Halfchaff Sedge,Rare
Sequoia and Kings Canyon National Parks,Vascular Plant,Poales,Cyperaceae,Low Bulrush,nan
Sequoia and Kings Canyon National Parks,Vascular Plant,Poales,Cyperaceae,Yosemite Bulrush,Uncommon
Sequoia and Kings Canyon National Parks,Vascular Plant,Poales,Cyperaceae,Congdon's Bulrush,Rare
Sequoia and Kings Canyon National Parks,Vascular Plant,Poales,Cyperaceae,Umbrella Bulrush,nan
Sequoia and Kings Canyon National Parks,Vascular Plant,Poales,Cyperaceae,Small-Fruited Bulrush,Uncommon
Sequoia and Kings Canyon National Parks,Vascular Plant,Poales,Juncaceae,Baltic Rush,Rare
Sequoia and Kings Canyon National Parks,Vascular Plant,Poales,Juncaceae,Moss Rush,Rare
Sequoia and Kings Canyon National Parks,Vascular Plant,Poales,Juncaceae,Toad Rush,Unknown
Sequoia and Kings Canyon National Parks,Vascular Plant,Poales,Juncaceae,Toad Rush,nan
Sequoia and Kings Canyon National Parks,Vascular Plant,Poales,Juncaceae,Toad Rush,Unknown
Sequoia and Kings Canyon National Parks,Vascular Plant,Poales,Juncaceae,Hairystem Dwarf Rush,Rare
Sequoia and Kings Canyon National Parks,Vascular Plant,Poales,Juncaceae,Drummond's Rush,Uncommon
Sequoia and Kings Canyon National Parks,Vascular Plant,Poales,Juncaceae,"Dubius Rush, Mariposa Rush, Questionable Rush",nan
Sequoia and Kings Canyon National Parks,Vascular Plant,Poales,Juncaceae,Soft Rush,Unknown
Sequoia and Kings Canyon National Parks,Vascular Plant,Poales,Juncaceae,Pacific Rush,Unknown
Sequoia and Kings Canyon National Parks,Vascular Plant,Poales,Juncaceae,Swordleaf Rush,Uncommon
Sequoia and Kings Canyon National Parks,Vascular Plant,Poales,Juncaceae,Center Basin Rush,Rare
Sequoia and Kings Canyon National Parks,Vascular Plant,Poales,Juncaceae,Herman's Dwarf Rush,Rare
Sequoia and Kings Canyon National Parks,Vascular Plant,Poales,Juncaceae,Kellogg's Dwarf Rush,nan
Sequoia and Kings Canyon National Parks,Vascular Plant,Poales,Juncaceae,Longstyle Rush,Rare
Sequoia and Kings Canyon National Parks,Vascular Plant,Poales,Juncaceae,Longanther Rush,Uncommon
Sequoia and Kings Canyon National Parks,Vascular Plant,Poales,Juncaceae,Mertens' Rush,Common
Sequoia and Kings Canyon National Parks,Vascular Plant,Poales,Juncaceae,Mexican Rush,Uncommon
Sequoia and Kings Canyon National Parks,Vascular Plant,Poales,Juncaceae,Sierra Rush,Uncommon
Sequoia and Kings Canyon National Parks,Vascular Plant,Poales,Juncaceae,Straight-Leaved Rush,Uncommon
Sequoia and Kings Canyon National Parks,Vascular Plant,Poales,Juncaceae,Pointed Rush,Rare
Sequoia and Kings Canyon National Parks,Vascular Plant,Poales,Juncaceae,Parry's Rush,Abundant
Sequoia and Kings Canyon National Parks,Vascular Plant,Poales,Juncaceae,Irisleaf Rush,nan
Sequoia and Kings Canyon National Parks,Vascular Plant,Poales,Juncaceae,Hairy Woodrush,Uncommon
Sequoia and Kings Canyon National Parks,Vascular Plant,Poales,Juncaceae,Forked Woodrush,Uncommon
Sequoia and Kings Canyon National Parks,Vascular Plant,Poales,Juncaceae,Mountain Woodrush,Uncommon
Sequoia and Kings Canyon National Parks,Vascular Plant,Poales,Juncaceae,Small-Flowered Woodrush,Uncommon
Sequoia and Kings Canyon National Parks,Vascular Plant,Poales,Juncaceae,Spiked Woodrush,Common
Sequoia and Kings Canyon National Parks,Vascular Plant,Poales,Juncaceae,Donner Woodrush,Uncommon
Sequoia and Kings Canyon National Parks,Vascular Plant,Poales,Poaceae,Giant Ricegrass,Rare
Sequoia and Kings Canyon National Parks,Vascular Plant,Poales,Poaceae,Indian Ricegrass,Uncommon
Sequoia and Kings Canyon National Parks,Vascular Plant,Poales,Poaceae,Sierra Needlegrass,Uncommon
Sequoia and Kings Canyon National Parks,Vascular Plant,Poales,Poaceae,Lemmon's Needlegrass,Common
Sequoia and Kings Canyon National Parks,Vascular Plant,Poales,Poaceae,Letterman's Needlegrass,Rare
Sequoia and Kings Canyon National Parks,Vascular Plant,Poales,Poaceae,Dore's Needlegrass,Rare
Sequoia and Kings Canyon National Parks,Vascular Plant,Poales,Poaceae,Nevada Needlegrass,Uncommon
Sequoia and Kings Canyon National Parks,Vascular Plant,Poales,Poaceae,California Needlegrass,Common
Sequoia and Kings Canyon National Parks,Vascular Plant,Poales,Poaceae,Western Needlegrass,Abundant
Sequoia and Kings Canyon National Parks,Vascular Plant,Poales,Poaceae,Pubescent Western Needlegrass,Uncommon
Sequoia and Kings Canyon National Parks,Vascular Plant,Poales,Poaceae,Parish's Needlegrass,Rare
Sequoia and Kings Canyon National Parks,Vascular Plant,Poales,Poaceae,Pine Needlegrass,Uncommon
Sequoia and Kings Canyon National Parks,Vascular Plant,Poales,Poaceae,Desert Needlegrass,Uncommon
Sequoia and Kings Canyon National Parks,Vascular Plant,Poales,Poaceae,Spike Bent,Uncommon
Sequoia and Kings Canyon National Parks,Vascular Plant,Poales,Poaceae,Mountain Bent Grass,Rare
Sequoia and Kings Canyon National Parks,Vascular Plant,Poales,Poaceae,Idaho Redtop,Uncommon
Sequoia and Kings Canyon National Parks,Vascular Plant,Poales,Poaceae,Oregon Redtop,Uncommon
Sequoia and Kings Canyon National Parks,Vascular Plant,Poales,Poaceae,Seashore Bentgrass,Uncommon
Sequoia and Kings Canyon National Parks,Vascular Plant,Poales,Poaceae,Rough Bentgrass,Uncommon
Sequoia and Kings Canyon National Parks,Vascular Plant,Poales,Poaceae,Creeping Bent,Rare
Sequoia and Kings Canyon National Parks,Vascular Plant,Poales,Poaceae,Thurber's Bentgrass,Rare
Sequoia and Kings Canyon National Parks,Vascular Plant,Poales,Poaceae,Mountain Bent,Uncommon
Sequoia and Kings Canyon National Parks,Vascular Plant,Poales,Poaceae,Silver European Hairgrass,Uncommon
Sequoia and Kings Canyon National Parks,Vascular Plant,Poales,Poaceae,Short-Awn Foxtail,Rare
Sequoia and Kings Canyon National Parks,Vascular Plant,Poales,Poaceae,Water Foxtail,Uncommon
Sequoia and Kings Canyon National Parks,Vascular Plant,Poales,Poaceae,Hook Three-Awn,Rare
Sequoia and Kings Canyon National Parks,Vascular Plant,Poales,Poaceae,Tall Oatgrass,Uncommon
Sequoia and Kings Canyon National Parks,Vascular Plant,Poales,Poaceae,Giant Reed,Rare
Sequoia and Kings Canyon National Parks,Vascular Plant,Poales,Poaceae,Slender Wild Oat,Uncommon
Sequoia and Kings Canyon National Parks,Vascular Plant,Poales,Poaceae,Wild Oat,Common
Sequoia and Kings Canyon National Parks,Vascular Plant,Poales,Poaceae,Big Quaking Grass,Rare
Sequoia and Kings Canyon National Parks,Vascular Plant,Poales,Poaceae,Little Quaking Grass,Uncommon
Sequoia and Kings Canyon National Parks,Vascular Plant,Poales,Poaceae,Australian Chess,Uncommon
Sequoia and Kings Canyon National Parks,Vascular Plant,Poales,Poaceae,California Brome,Uncommon
Sequoia and Kings Canyon National Parks,Vascular Plant,Poales,Poaceae,Rescue Grass,Rare
Sequoia and Kings Canyon National Parks,Vascular Plant,Poales,Poaceae,Fringed Brome,Uncommon
Sequoia and Kings Canyon National Parks,Vascular Plant,Poales,Poaceae,Ripgut Grass,Uncommon
Sequoia and Kings Canyon National Parks,Vascular Plant,Poales,Poaceae,Soft Chess,Common
Sequoia and Kings Canyon National Parks,Vascular Plant,Poales,Poaceae,Chinook Brome,Uncommon
Sequoia and Kings Canyon National Parks,Vascular Plant,Poales,Poaceae,Red Brome,Rare
Sequoia and Kings Canyon National Parks,Vascular Plant,Poales,Poaceae,Foxtail Chess,Common
Sequoia and Kings Canyon National Parks,Vascular Plant,Poales,Poaceae,Orcutt's Brome,Uncommon
Sequoia and Kings Canyon National Parks,Vascular Plant,Poales,Poaceae,Poverty Brome,Uncommon
Sequoia and Kings Canyon National Parks,Vascular Plant,Poales,Poaceae,Suksdorf's Brome,Uncommon
Sequoia and Kings Canyon National Parks,Vascular Plant,Poales,Poaceae,Cheat Grass,Common
Sequoia and Kings Canyon National Parks,Vascular Plant,Poales,Poaceae,Chilean Chess,Rare
Sequoia and Kings Canyon National Parks,Vascular Plant,Poales,Poaceae,Shorthair Reedgrass,Uncommon
Sequoia and Kings Canyon National Parks,Vascular Plant,Poales,Poaceae,Bluejoint,Uncommon
Sequoia and Kings Canyon National Parks,Vascular Plant,Poales,Poaceae,Purple Reedgrass,Common
Sequoia and Kings Canyon National Parks,Vascular Plant,Poales,Poaceae,Northern Reedgrass,Uncommon
Sequoia and Kings Canyon National Parks,Vascular Plant,Poales,Poaceae,Bolander's Woodreed,Rare
Sequoia and Kings Canyon National Parks,Vascular Plant,Poales,Poaceae,Drooping Woodreed,Uncommon
Sequoia and Kings Canyon National Parks,Vascular Plant,Poales,Poaceae,Swampgrass,Rare
Sequoia and Kings Canyon National Parks,Vascular Plant,Poales,Poaceae,Bermuda Grass,Rare
Sequoia and Kings Canyon National Parks,Vascular Plant,Poales,Poaceae,Hedgehog Dogtail,Rare
Sequoia and Kings Canyon National Parks,Vascular Plant,Poales,Poaceae,Orchard Grass,Uncommon
Sequoia and Kings Canyon National Parks,Vascular Plant,Poales,Poaceae,California Oatgrass,Rare
Sequoia and Kings Canyon National Parks,Vascular Plant,Poales,Poaceae,Intermediate Oatgrass,Common
Sequoia and Kings Canyon National Parks,Vascular Plant,Poales,Poaceae,One-Spike Oatgrass,Uncommon
Sequoia and Kings Canyon National Parks,Vascular Plant,Poales,Poaceae,None,nan
Sequoia and Kings Canyon National Parks,Vascular Plant,Poales,Poaceae,Tufted Hairgrass,Common
Sequoia and Kings Canyon National Parks,Vascular Plant,Poales,Poaceae,Annual Hairgrass,Uncommon
Sequoia and Kings Canyon National Parks,Vascular Plant,Poales,Poaceae,Slender Hairgrass,Uncommon
Sequoia and Kings Canyon National Parks,Vascular Plant,Poales,Poaceae,Crabgrass,Rare
Sequoia and Kings Canyon National Parks,Vascular Plant,Poales,Poaceae,Barnyardgrass,Rare
Sequoia and Kings Canyon National Parks,Vascular Plant,Poales,Poaceae,Squirreltail,Uncommon
Sequoia and Kings Canyon National Parks,Vascular Plant,Poales,Poaceae,Squirreltail,Abundant
Sequoia and Kings Canyon National Parks,Vascular Plant,Poales,Poaceae,Blue Wildrye,Uncommon
Sequoia and Kings Canyon National Parks,Vascular Plant,Poales,Poaceae,Blue Wildrye,Uncommon
Sequoia and Kings Canyon National Parks,Vascular Plant,Poales,Poaceae,Big Squirreltail,Uncommon
Sequoia and Kings Canyon National Parks,Vascular Plant,Poales,Poaceae,Scribner's Wheatgrass,Uncommon
Sequoia and Kings Canyon National Parks,Vascular Plant,Poales,Poaceae,Sierra Wildrye,Uncommon
Sequoia and Kings Canyon National Parks,Vascular Plant,Poales,Poaceae,Parish Wheatgrass,Uncommon
Sequoia and Kings Canyon National Parks,Vascular Plant,Poales,Poaceae,Slender Wheatgrass,Unknown
Sequoia and Kings Canyon National Parks,Vascular Plant,Poales,Poaceae,Slender Wheatgrass,Unknown
Sequoia and Kings Canyon National Parks,Vascular Plant,Poales,Poaceae,"Saunder Wildrye, Saunders' Wheatgrass, Saunder's Wildrye",Uncommon
Sequoia and Kings Canyon National Parks,Vascular Plant,Poales,Poaceae,Lovegrass,Rare
Sequoia and Kings Canyon National Parks,Vascular Plant,Poales,Poaceae,Lovegrass,Rare
Sequoia and Kings Canyon National Parks,Vascular Plant,Poales,Poaceae,Tall Fescue,Rare
Sequoia and Kings Canyon National Parks,Vascular Plant,Poales,Poaceae,Alpine Fescue,Common
Sequoia and Kings Canyon National Parks,Vascular Plant,Poales,Poaceae,"Idaho Fescue, Blue Bunchgrass",Rare
Sequoia and Kings Canyon National Parks,Vascular Plant,Poales,Poaceae,Spike Fescue,nan
Sequoia and Kings Canyon National Parks,Vascular Plant,Poales,Poaceae,Western Fescue,Common
Sequoia and Kings Canyon National Parks,Vascular Plant,Poales,Poaceae,Meadow Fescue,Uncommon
Sequoia and Kings Canyon National Parks,Vascular Plant,Poales,Poaceae,Red Fescue,Uncommon
Sequoia and Kings Canyon National Parks,Vascular Plant,Poales,Poaceae,Rocky Mountain Fescue,Rare
Sequoia and Kings Canyon National Parks,Vascular Plant,Poales,Poaceae,Bearded Fescue,Uncommon
Sequoia and Kings Canyon National Parks,Vascular Plant,Poales,Poaceae,Nit Grass,Uncommon
Sequoia and Kings Canyon National Parks,Vascular Plant,Poales,Poaceae,Tall Mannagrass,Uncommon
Sequoia and Kings Canyon National Parks,Vascular Plant,Poales,Poaceae,"Fowl Mannagrass, Tall Mannagrass",Uncommon
Sequoia and Kings Canyon National Parks,Vascular Plant,Poales,Poaceae,Needle-And-Thread,Rare
Sequoia and Kings Canyon National Parks,Vascular Plant,Poales,Poaceae,Needle-And-Thread,Rare
Sequoia and Kings Canyon National Parks,Vascular Plant,Poales,Poaceae,Common Velvet Grass,Rare
Sequoia and Kings Canyon National Parks,Vascular Plant,Poales,Poaceae,Meadow Barley,Uncommon
Sequoia and Kings Canyon National Parks,Vascular Plant,Poales,Poaceae,California Barley,nan
Sequoia and Kings Canyon National Parks,Vascular Plant,Poales,Poaceae,Mediterranean Barley,Uncommon
Sequoia and Kings Canyon National Parks,Vascular Plant,Poales,Poaceae,Leporinum Barley,Uncommon
Sequoia and Kings Canyon National Parks,Vascular Plant,Poales,Poaceae,Wall Barley,Rare
Sequoia and Kings Canyon National Parks,Vascular Plant,Poales,Poaceae,Junegrass,Uncommon
Sequoia and Kings Canyon National Parks,Vascular Plant,Poales,Poaceae,Goldentop,Rare
Sequoia and Kings Canyon National Parks,Vascular Plant,Poales,Poaceae,Bearded Sprangletop,Rare
Sequoia and Kings Canyon National Parks,Vascular Plant,Poales,Poaceae,Beardless Wildrye,Rare
Sequoia and Kings Canyon National Parks,Vascular Plant,Poales,Poaceae,Italian Ryegrass,Rare
Sequoia and Kings Canyon National Parks,Vascular Plant,Poales,Poaceae,Perennial Ryegrass,Uncommon
Sequoia and Kings Canyon National Parks,Vascular Plant,Poales,Poaceae,Darnel,Uncommon
Sequoia and Kings Canyon National Parks,Vascular Plant,Poales,Poaceae,Awned Melic,Uncommon
Sequoia and Kings Canyon National Parks,Vascular Plant,Poales,Poaceae,Onion Grass,Uncommon
Sequoia and Kings Canyon National Parks,Vascular Plant,Poales,Poaceae,California Melic,Uncommon
Sequoia and Kings Canyon National Parks,Vascular Plant,Poales,Poaceae,Smallflower Melicgrass,Uncommon
Sequoia and Kings Canyon National Parks,Vascular Plant,Poales,Poaceae,Rock Melic,Uncommon
Sequoia and Kings Canyon National Parks,Vascular Plant,Poales,Poaceae,Foxtail Muhly,Uncommon
Sequoia and Kings Canyon National Parks,Vascular Plant,Poales,Poaceae,Scratch-Grass,Rare
Sequoia and Kings Canyon National Parks,Vascular Plant,Poales,Poaceae,Pull-Up Muhly,Common
Sequoia and Kings Canyon National Parks,Vascular Plant,Poales,Poaceae,Mountain Muhly,Uncommon
Sequoia and Kings Canyon National Parks,Vascular Plant,Poales,Poaceae,Mat Muhly,Common
Sequoia and Kings Canyon National Parks,Vascular Plant,Poales,Poaceae,Deergrass,Uncommon
Sequoia and Kings Canyon National Parks,Vascular Plant,Poales,Poaceae,Foothill Needlegrass,Uncommon
Sequoia and Kings Canyon National Parks,Vascular Plant,Poales,Poaceae,Purple Needlegrass,Rare
Sequoia and Kings Canyon National Parks,Vascular Plant,Poales,Poaceae,Witchgrass,Rare
Sequoia and Kings Canyon National Parks,Vascular Plant,Poales,Poaceae,Fall Panicgrass,Rare
Sequoia and Kings Canyon National Parks,Vascular Plant,Poales,Poaceae,Western Wheatgrass,nan
Sequoia and Kings Canyon National Parks,Vascular Plant,Poales,Poaceae,Dallis Grass,Rare
Sequoia and Kings Canyon National Parks,Vascular Plant,Poales,Poaceae,Bahiagrass,Rare
Sequoia and Kings Canyon National Parks,Vascular Plant,Poales,Poaceae,Reed Canary Grass,Uncommon
Sequoia and Kings Canyon National Parks,Vascular Plant,Poales,Poaceae,Littleseed Canarygrass,Rare
Sequoia and Kings Canyon National Parks,Vascular Plant,Poales,Poaceae,Hood Canarygrass,Rare
Sequoia and Kings Canyon National Parks,Vascular Plant,Poales,Poaceae,Mountain Timothy,Uncommon
Sequoia and Kings Canyon National Parks,Vascular Plant,Poales,Poaceae,Cultivated Timothy,Rare
Sequoia and Kings Canyon National Parks,Vascular Plant,Poales,Poaceae,Smilo Grass,Rare
Sequoia and Kings Canyon National Parks,Vascular Plant,Poales,Poaceae,Annual Bluegrass,Uncommon
Sequoia and Kings Canyon National Parks,Vascular Plant,Poales,Poaceae,Bolander's Bluegrass,Uncommon
Sequoia and Kings Canyon National Parks,Vascular Plant,Poales,Poaceae,Bulbous Bluegrass,Rare
Sequoia and Kings Canyon National Parks,Vascular Plant,Poales,Poaceae,Canadian Bluegrass,Uncommon
Sequoia and Kings Canyon National Parks,Vascular Plant,Poales,Poaceae,Cusick's Bluegrass,nan
Sequoia and Kings Canyon National Parks,Vascular Plant,Poales,Poaceae,Skyline Bluegrass,Uncommon
Sequoia and Kings Canyon National Parks,Vascular Plant,Poales,Poaceae,Longtongue Mutton Grass,Uncommon
Sequoia and Kings Canyon National Parks,Vascular Plant,Poales,Poaceae,Timberline Bluegrass,Uncommon
Sequoia and Kings Canyon National Parks,Vascular Plant,Poales,Poaceae,Keck's Bluegrass,Uncommon
Sequoia and Kings Canyon National Parks,Vascular Plant,Poales,Poaceae,Bog Bluegrass,Uncommon
Sequoia and Kings Canyon National Parks,Vascular Plant,Poales,Poaceae,Letterman's Bluegrass,Uncommon
Sequoia and Kings Canyon National Parks,Vascular Plant,Poales,Poaceae,None,Uncommon
Sequoia and Kings Canyon National Parks,Vascular Plant,Poales,Poaceae,Fowl Bluegrass,Uncommon
Sequoia and Kings Canyon National Parks,Vascular Plant,Poales,Poaceae,Kentucky Bluegrass,Common
Sequoia and Kings Canyon National Parks,Vascular Plant,Poales,Poaceae,One-Sided Bluegrass,Abundant
Sequoia and Kings Canyon National Parks,Vascular Plant,Poales,Poaceae,Stebbin's Bluegrass,Common
Sequoia and Kings Canyon National Parks,Vascular Plant,Poales,Poaceae,Wheeler's Bluegrass,Uncommon
Sequoia and Kings Canyon National Parks,Vascular Plant,Poales,Poaceae,"Chilean Rabbitsfoot Grass, Chilean Rabbit's-Foot Grass",nan
Sequoia and Kings Canyon National Parks,Vascular Plant,Poales,Poaceae,Ditch Beard Grass,Rare
Sequoia and Kings Canyon National Parks,Vascular Plant,Poales,Poaceae,Mediterranean Beard Grass,Rare
Sequoia and Kings Canyon National Parks,Vascular Plant,Poales,Poaceae,Annual Beard Grass,Rare
Sequoia and Kings Canyon National Parks,Vascular Plant,Poales,Poaceae,King's Ricegrass,Common
Sequoia and Kings Canyon National Parks,Vascular Plant,Poales,Poaceae,Nuttall's Alkali Grass,nan
Sequoia and Kings Canyon National Parks,Vascular Plant,Poales,Poaceae,Common Mediterranean Grass,nan
Sequoia and Kings Canyon National Parks,Vascular Plant,Poales,Poaceae,Scribner's Grass,Rare
Sequoia and Kings Canyon National Parks,Vascular Plant,Poales,Poaceae,Yellow Bristlegrass,Rare
Sequoia and Kings Canyon National Parks,Vascular Plant,Poales,Poaceae,Green Bristlegrass,Rare
Sequoia and Kings Canyon National Parks,Vascular Plant,Poales,Poaceae,Sorghum,Rare
Sequoia and Kings Canyon National Parks,Vascular Plant,Poales,Poaceae,Johnsongrass,Rare
Sequoia and Kings Canyon National Parks,Vascular Plant,Poales,Poaceae,Spiked False Mannagrass,Uncommon
Sequoia and Kings Canyon National Parks,Vascular Plant,Poales,Poaceae,Weak Mannagrass,Uncommon
Sequoia and Kings Canyon National Parks,Vascular Plant,Poales,Poaceae,Tall Trisetum,Uncommon
Sequoia and Kings Canyon National Parks,Vascular Plant,Poales,Poaceae,Spike Trisetum,Abundant
Sequoia and Kings Canyon National Parks,Vascular Plant,Poales,Poaceae,Wolf's Trisetum,Rare
Sequoia and Kings Canyon National Parks,Vascular Plant,Poales,Poaceae,Wheat,Rare
Sequoia and Kings Canyon National Parks,Vascular Plant,Poales,Poaceae,Brome Fescue,Uncommon
Sequoia and Kings Canyon National Parks,Vascular Plant,Poales,Poaceae,Small Fescue,Uncommon
Sequoia and Kings Canyon National Parks,Vascular Plant,Poales,Poaceae,Small Fescue,Uncommon
Sequoia and Kings Canyon National Parks,Vascular Plant,Poales,Poaceae,Small Fescue,Uncommon
Sequoia and Kings Canyon National Parks,Vascular Plant,Poales,Poaceae,Pacific Fescue,Uncommon
Sequoia and Kings Canyon National Parks,Vascular Plant,Poales,Poaceae,Foxtail Fescue,Unknown
Sequoia and Kings Canyon National Parks,Vascular Plant,Poales,Poaceae,None,Unknown
Sequoia and Kings Canyon National Parks,Vascular Plant,Poales,Poaceae,Six-Weeks Fescue,Rare
Sequoia and Kings Canyon National Parks,Vascular Plant,Poales,Typhaceae,Narrow-Leaved Bur-Reed,Uncommon
Sequoia and Kings Canyon National Parks,Vascular Plant,Poales,Typhaceae,Narrow-Leaved Bur-Reed,Uncommon
Sequoia and Kings Canyon National Parks,Vascular Plant,Poales,Typhaceae,Southern Cattail,Rare
Sequoia and Kings Canyon National Parks,Vascular Plant,Poales,Typhaceae,Broad-Leaved Cattail,Rare
Sequoia and Kings Canyon National Parks,Vascular Plant,Polypodiales,Aspleniaceae,Northern Spleenwort,Rare
Sequoia and Kings Canyon National Parks,Vascular Plant,Polypodiales,Blechnaceae,Giant Chain Fern,Uncommon
Sequoia and Kings Canyon National Parks,Vascular Plant,Polypodiales,Dennstaedtiaceae,Bracken Fern,Uncommon
Sequoia and Kings Canyon National Parks,Vascular Plant,Polypodiales,Dryopteridaceae,California Wood Fern,Uncommon
Sequoia and Kings Canyon National Parks,Vascular Plant,Polypodiales,Dryopteridaceae,Sword Fern,Uncommon
Sequoia and Kings Canyon National Parks,Vascular Plant,Polypodiales,Polypodiaceae,California Polypody,Rare
Sequoia and Kings Canyon National Parks,Vascular Plant,Polypodiales,Polypodiaceae,Nested Polypody,nan
Sequoia and Kings Canyon National Parks,Vascular Plant,Polypodiales,Polypodiaceae,Western Polypody,nan
Sequoia and Kings Canyon National Parks,Vascular Plant,Polypodiales,Pteridaceae,Five-Finger Fern,Uncommon
Sequoia and Kings Canyon National Parks,Vascular Plant,Polypodiales,Pteridaceae,Jones' Cloak-Fern,Rare
Sequoia and Kings Canyon National Parks,Vascular Plant,Polypodiales,Pteridaceae,California Lacefern,Uncommon
Sequoia and Kings Canyon National Parks,Vascular Plant,Polypodiales,Pteridaceae,Indian's Dream,Uncommon
Sequoia and Kings Canyon National Parks,Vascular Plant,Polypodiales,Pteridaceae,Cooper's Lipfern,Rare
Sequoia and Kings Canyon National Parks,Vascular Plant,Polypodiales,Pteridaceae,Lace Fern,Uncommon
Sequoia and Kings Canyon National Parks,Vascular Plant,Polypodiales,Pteridaceae,Bead Fern,Uncommon
Sequoia and Kings Canyon National Parks,Vascular Plant,Polypodiales,Pteridaceae,American Parsley Fern,Common
Sequoia and Kings Canyon National Parks,Vascular Plant,Polypodiales,Pteridaceae,Coffee Fern,Common
Sequoia and Kings Canyon National Parks,Vascular Plant,Polypodiales,Pteridaceae,Brewer's Cliff-Brake,Uncommon
Sequoia and Kings Canyon National Parks,Vascular Plant,Polypodiales,Pteridaceae,Bridge's Cliff-Brake,Uncommon
Sequoia and Kings Canyon National Parks,Vascular Plant,Polypodiales,Pteridaceae,Bird's-Foot Fern,Unknown
Sequoia and Kings Canyon National Parks,Vascular Plant,Polypodiales,Pteridaceae,Bird's-Foot Fern,Unknown
Sequoia and Kings Canyon National Parks,Vascular Plant,Polypodiales,Pteridaceae,Cliffbrake,nan
Sequoia and Kings Canyon National Parks,Vascular Plant,Polypodiales,Pteridaceae,Silverback Fern,Rare
Sequoia and Kings Canyon National Parks,Vascular Plant,Polypodiales,Pteridaceae,Goldenback Fern,Uncommon
Sequoia and Kings Canyon National Parks,Vascular Plant,Polypodiales,Woodsiaceae,Alpine Lady Fern,Uncommon
Sequoia and Kings Canyon National Parks,Vascular Plant,Polypodiales,Woodsiaceae,Lady Fern,Uncommon
Sequoia and Kings Canyon National Parks,Vascular Plant,Polypodiales,Woodsiaceae,Fragile Fern,Common
Sequoia and Kings Canyon National Parks,Vascular Plant,Polypodiales,Woodsiaceae,Oregon Woodsia,Uncommon
Sequoia and Kings Canyon National Parks,Vascular Plant,Polypodiales,Woodsiaceae,Rocky Mountains Woodsia,Uncommon
Sequoia and Kings Canyon National Parks,Vascular Plant,Proteales,Platanaceae,Western Sycamore,Uncommon
Sequoia and Kings Canyon National Parks,Vascular Plant,Ranunculales,Berberidaceae,Barberry,Uncommon
Sequoia and Kings Canyon National Parks,Vascular Plant,Ranunculales,Papaveraceae,Sierra Corydalis,nan
Sequoia and Kings Canyon National Parks,Vascular Plant,Ranunculales,Papaveraceae,Bush Poppy,Uncommon
Sequoia and Kings Canyon National Parks,Vascular Plant,Ranunculales,Papaveraceae,Golden Eardrops,Uncommon
Sequoia and Kings Canyon National Parks,Vascular Plant,Ranunculales,Papaveraceae,Bleeding Heart,Uncommon
Sequoia and Kings Canyon National Parks,Vascular Plant,Ranunculales,Papaveraceae,Tulare County Bleeding Heart,Uncommon
Sequoia and Kings Canyon National Parks,Vascular Plant,Ranunculales,Papaveraceae,Few-Flowered Bleeding Heart,Uncommon
Sequoia and Kings Canyon National Parks,Vascular Plant,Ranunculales,Papaveraceae,Steer's Head,Uncommon
Sequoia and Kings Canyon National Parks,Vascular Plant,Ranunculales,Papaveraceae,Tufted Poppy,Rare
Sequoia and Kings Canyon National Parks,Vascular Plant,Ranunculales,Papaveraceae,Frying Pans,Rare
Sequoia and Kings Canyon National Parks,Vascular Plant,Ranunculales,Papaveraceae,California Fairypoppy,Rare
Sequoia and Kings Canyon National Parks,Vascular Plant,Ranunculales,Papaveraceae,Cream Cups,nan
Sequoia and Kings Canyon National Parks,Vascular Plant,Ranunculales,Papaveraceae,Wind Poppy,Uncommon
Sequoia and Kings Canyon National Parks,Vascular Plant,Ranunculales,Ranunculaceae,Monkshood,Rare
Sequoia and Kings Canyon National Parks,Vascular Plant,Ranunculales,Ranunculaceae,Baneberry,Uncommon
Sequoia and Kings Canyon National Parks,Vascular Plant,Ranunculales,Ranunculaceae,Western Pasque Flower,Uncommon
Sequoia and Kings Canyon National Parks,Vascular Plant,Ranunculales,Ranunculaceae,Crimson Columbine,Uncommon
Sequoia and Kings Canyon National Parks,Vascular Plant,Ranunculales,Ranunculaceae,Sierra Columbine,Uncommon
Sequoia and Kings Canyon National Parks,Vascular Plant,Ranunculales,Ranunculaceae,None,Uncommon
Sequoia and Kings Canyon National Parks,Vascular Plant,Ranunculales,Ranunculaceae,Marsh Marigold,Uncommon
Sequoia and Kings Canyon National Parks,Vascular Plant,Ranunculales,Ranunculaceae,Pipestems,Uncommon
Sequoia and Kings Canyon National Parks,Vascular Plant,Ranunculales,Ranunculaceae,Virgin's Bower,Rare
Sequoia and Kings Canyon National Parks,Vascular Plant,Ranunculales,Ranunculaceae,Anderson's Larkspur,nan
Sequoia and Kings Canyon National Parks,Vascular Plant,Ranunculales,Ranunculaceae,Slender Larkspur,Uncommon
Sequoia and Kings Canyon National Parks,Vascular Plant,Ranunculales,Ranunculaceae,Hansen's Larkspur,Uncommon
Sequoia and Kings Canyon National Parks,Vascular Plant,Ranunculales,Ranunculaceae,Dwarf Larkspur,Rare
Sequoia and Kings Canyon National Parks,Vascular Plant,Ranunculales,Ranunculaceae,High Mountain Larkspur,Uncommon
Sequoia and Kings Canyon National Parks,Vascular Plant,Ranunculales,Ranunculaceae,Western False Rue Anemone,Uncommon
Sequoia and Kings Canyon National Parks,Vascular Plant,Ranunculales,Ranunculaceae,Waterfall Buttercup,Rare
Sequoia and Kings Canyon National Parks,Vascular Plant,Ranunculales,Ranunculaceae,Water Plantain Oak,Uncommon
Sequoia and Kings Canyon National Parks,Vascular Plant,Ranunculales,Ranunculaceae,Water Plantain Oak,Uncommon
Sequoia and Kings Canyon National Parks,Vascular Plant,Ranunculales,Ranunculaceae,Water Buttercup,Uncommon
Sequoia and Kings Canyon National Parks,Vascular Plant,Ranunculales,Ranunculaceae,Rocky Mountain Buttercup,Rare
Sequoia and Kings Canyon National Parks,Vascular Plant,Ranunculales,Ranunculaceae,Eschscholtz's Buttercup,Uncommon
Sequoia and Kings Canyon National Parks,Vascular Plant,Ranunculales,Ranunculaceae,Delicate Buttercup,Uncommon
Sequoia and Kings Canyon National Parks,Vascular Plant,Ranunculales,Ranunculaceae,Western Buttercup,Rare
Sequoia and Kings Canyon National Parks,Vascular Plant,Ranunculales,Ranunculaceae,Smallflower Buttercup,Rare
Sequoia and Kings Canyon National Parks,Vascular Plant,Ranunculales,Ranunculaceae,"Bur Buttercup, Curveseed Butterwort, Little Bur, Testiculate Buttercup",Rare
Sequoia and Kings Canyon National Parks,Vascular Plant,Ranunculales,Ranunculaceae,Fendler's Meadow-Rue,Rare
Sequoia and Kings Canyon National Parks,Vascular Plant,Ranunculales,Ranunculaceae,Fewflower Meadow-Rue,Uncommon
Sequoia and Kings Canyon National Parks,Vascular Plant,Rosales,Cannabaceae,Hemp,Rare
Sequoia and Kings Canyon National Parks,Vascular Plant,Rosales,Moraceae,Edible Fig,Rare
Sequoia and Kings Canyon National Parks,Vascular Plant,Rosales,Moraceae,White Mulberry,Rare
Sequoia and Kings Canyon National Parks,Vascular Plant,Rosales,Rhamnaceae,Mountain Whitethorn,Common
Sequoia and Kings Canyon National Parks,Vascular Plant,Rosales,Rhamnaceae,Buck Brush,Common
Sequoia and Kings Canyon National Parks,Vascular Plant,Rosales,Rhamnaceae,Buckbrush,nan
Sequoia and Kings Canyon National Parks,Vascular Plant,Rosales,Rhamnaceae,Pine Mat,Uncommon
Sequoia and Kings Canyon National Parks,Vascular Plant,Rosales,Rhamnaceae,Deer Brush,Uncommon
Sequoia and Kings Canyon National Parks,Vascular Plant,Rosales,Rhamnaceae,Chaparral Whitethorn,Common
Sequoia and Kings Canyon National Parks,Vascular Plant,Rosales,Rhamnaceae,Palmer Ceanothus,Rare
Sequoia and Kings Canyon National Parks,Vascular Plant,Rosales,Rhamnaceae,Littleleaf Ceanothus,Uncommon
Sequoia and Kings Canyon National Parks,Vascular Plant,Rosales,Rhamnaceae,Kern Ceanothus,Common
Sequoia and Kings Canyon National Parks,Vascular Plant,Rosales,Rhamnaceae,Tobacco Brush,Uncommon
Sequoia and Kings Canyon National Parks,Vascular Plant,Rosales,Rhamnaceae,"California Buckthorn, California Coffeeberry",nan
Sequoia and Kings Canyon National Parks,Vascular Plant,Rosales,Rhamnaceae,Holly-Leaf Redberry,Uncommon
Sequoia and Kings Canyon National Parks,Vascular Plant,Rosales,Rhamnaceae,Sierra Coffeeberry,Uncommon
Sequoia and Kings Canyon National Parks,Vascular Plant,Rosales,Rhamnaceae,Hoary Coffeeberry,Uncommon
Sequoia and Kings Canyon National Parks,Vascular Plant,Rosales,Rosaceae,Chamise,Common
Sequoia and Kings Canyon National Parks,Vascular Plant,Rosales,Rosaceae,Dwarf Serviceberry,Rare
Sequoia and Kings Canyon National Parks,Vascular Plant,Rosales,Rosaceae,Utah Service-Berry,Uncommon
Sequoia and Kings Canyon National Parks,Vascular Plant,Rosales,Rosaceae,Western Lady's Mantle,Uncommon
Sequoia and Kings Canyon National Parks,Vascular Plant,Rosales,Rosaceae,Birchleaf Mountain Mahogany,Uncommon
Sequoia and Kings Canyon National Parks,Vascular Plant,Rosales,Rosaceae,Little-Leaved Mountain Mahogany,Uncommon
Sequoia and Kings Canyon National Parks,Vascular Plant,Rosales,Rosaceae,Curl-Leaf Mountain Mahogany,Uncommon
Sequoia and Kings Canyon National Parks,Vascular Plant,Rosales,Rosaceae,None,nan
Sequoia and Kings Canyon National Parks,Vascular Plant,Rosales,Rosaceae,Mountain Misery,Common
Sequoia and Kings Canyon National Parks,Vascular Plant,Rosales,Rosaceae,Wood Strawberry,Rare
Sequoia and Kings Canyon National Parks,Vascular Plant,Rosales,Rosaceae,Mountain Strawberry,Uncommon
Sequoia and Kings Canyon National Parks,Vascular Plant,Rosales,Rosaceae,Bigleaf Avens,Uncommon
Sequoia and Kings Canyon National Parks,Vascular Plant,Rosales,Rosaceae,Toyon,Uncommon
Sequoia and Kings Canyon National Parks,Vascular Plant,Rosales,Rosaceae,Rock Spiraea,Common
Sequoia and Kings Canyon National Parks,Vascular Plant,Rosales,Rosaceae,Threetooth Horkelia,Uncommon
Sequoia and Kings Canyon National Parks,Vascular Plant,Rosales,Rosaceae,Congdon's False Horkelia,Rare
Sequoia and Kings Canyon National Parks,Vascular Plant,Rosales,Rosaceae,Purple False Horkelia,Rare
Sequoia and Kings Canyon National Parks,Vascular Plant,Rosales,Rosaceae,Field Ivesia,Uncommon
Sequoia and Kings Canyon National Parks,Vascular Plant,Rosales,Rosaceae,Gordon's Ivesia,nan
Sequoia and Kings Canyon National Parks,Vascular Plant,Rosales,Rosaceae,Club-Moss Ivesia,Rare
Sequoia and Kings Canyon National Parks,Vascular Plant,Rosales,Rosaceae,Club-Moss Ivesia,Rare
Sequoia and Kings Canyon National Parks,Vascular Plant,Rosales,Rosaceae,Muir's Ivesia,Common
Sequoia and Kings Canyon National Parks,Vascular Plant,Rosales,Rosaceae,Dwarf Ivesia,Uncommon
Sequoia and Kings Canyon National Parks,Vascular Plant,Rosales,Rosaceae,Mousetail Ivesia,Common
Sequoia and Kings Canyon National Parks,Vascular Plant,Rosales,Rosaceae,Yosemite Ivesia,nan
Sequoia and Kings Canyon National Parks,Vascular Plant,Rosales,Rosaceae,Apple,Rare
Sequoia and Kings Canyon National Parks,Vascular Plant,Rosales,Rosaceae,Oso Berry,Uncommon
Sequoia and Kings Canyon National Parks,Vascular Plant,Rosales,Rosaceae,Rock Spiraea,Uncommon
Sequoia and Kings Canyon National Parks,Vascular Plant,Rosales,Rosaceae,Ninebark,Rare
Sequoia and Kings Canyon National Parks,Vascular Plant,Rosales,Rosaceae,Varileaf Cinquefoil,Uncommon
Sequoia and Kings Canyon National Parks,Vascular Plant,Rosales,Rosaceae,Drummond's Cinquefoil,Uncommon
Sequoia and Kings Canyon National Parks,Vascular Plant,Rosales,Rosaceae,Drummond's Cinquefoil,Uncommon
Sequoia and Kings Canyon National Parks,Vascular Plant,Rosales,Rosaceae,Drummond's Cinquefoil,Uncommon
Sequoia and Kings Canyon National Parks,Vascular Plant,Rosales,Rosaceae,Fan-Foil,Uncommon
Sequoia and Kings Canyon National Parks,Vascular Plant,Rosales,Rosaceae,Shrubby Cinquefoil,Uncommon
Sequoia and Kings Canyon National Parks,Vascular Plant,Rosales,Rosaceae,Sticky Cinquefoil,Uncommon
Sequoia and Kings Canyon National Parks,Vascular Plant,Rosales,Rosaceae,Sticky Cinquefoil,nan
Sequoia and Kings Canyon National Parks,Vascular Plant,Rosales,Rosaceae,Sticky Cinquefoil,Uncommon
Sequoia and Kings Canyon National Parks,Vascular Plant,Rosales,Rosaceae,Sticky Cinquefoil,Uncommon
Sequoia and Kings Canyon National Parks,Vascular Plant,Rosales,Rosaceae,Sticky Cinquefoil,Rare
Sequoia and Kings Canyon National Parks,Vascular Plant,Rosales,Rosaceae,Slender Cinquefoil,nan
Sequoia and Kings Canyon National Parks,Vascular Plant,Rosales,Rosaceae,Slender Cinquefoil,Uncommon
Sequoia and Kings Canyon National Parks,Vascular Plant,Rosales,Rosaceae,Gray's Cinquefoil,Rare
Sequoia and Kings Canyon National Parks,Vascular Plant,Rosales,Rosaceae,Pennsylvania Cinquefoil,Rare
Sequoia and Kings Canyon National Parks,Vascular Plant,Rosales,Rosaceae,Silky Cinquefoil,Rare
Sequoia and Kings Canyon National Parks,Vascular Plant,Rosales,Rosaceae,Wheeler's Cinquefoil,Rare
Sequoia and Kings Canyon National Parks,Vascular Plant,Rosales,Rosaceae,Bitter Cherry,Uncommon
Sequoia and Kings Canyon National Parks,Vascular Plant,Rosales,Rosaceae,Peach,nan
Sequoia and Kings Canyon National Parks,Vascular Plant,Rosales,Rosaceae,Sierra Plum,Uncommon
Sequoia and Kings Canyon National Parks,Vascular Plant,Rosales,Rosaceae,Western Choke-Cherry,Uncommon
Sequoia and Kings Canyon National Parks,Vascular Plant,Rosales,Rosaceae,Firethorn,Rare
Sequoia and Kings Canyon National Parks,Vascular Plant,Rosales,Rosaceae,Pygmy Rose,Rare
Sequoia and Kings Canyon National Parks,Vascular Plant,Rosales,Rosaceae,California Rose,nan
Sequoia and Kings Canyon National Parks,Vascular Plant,Rosales,Rosaceae,Pine Rose,Common
Sequoia and Kings Canyon National Parks,Vascular Plant,Rosales,Rosaceae,Ground Rose,Uncommon
Sequoia and Kings Canyon National Parks,Vascular Plant,Rosales,Rosaceae,Interior Rose,Rare
Sequoia and Kings Canyon National Parks,Vascular Plant,Rosales,Rosaceae,Himalayan Blackberry,Rare
Sequoia and Kings Canyon National Parks,Vascular Plant,Rosales,Rosaceae,San Diego Raspberry,Uncommon
Sequoia and Kings Canyon National Parks,Vascular Plant,Rosales,Rosaceae,Cut-Leaved Blackberry,nan
Sequoia and Kings Canyon National Parks,Vascular Plant,Rosales,Rosaceae,Blackcap Raspberry,Uncommon
Sequoia and Kings Canyon National Parks,Vascular Plant,Rosales,Rosaceae,Thimbleberry,Uncommon
Sequoia and Kings Canyon National Parks,Vascular Plant,Rosales,Rosaceae,California Blackberry,Rare
Sequoia and Kings Canyon National Parks,Vascular Plant,Rosales,Rosaceae,Creeping Sibbaldia,Common
Sequoia and Kings Canyon National Parks,Vascular Plant,Rosales,Rosaceae,California Mountain Ash,Uncommon
Sequoia and Kings Canyon National Parks,Vascular Plant,Rosales,Rosaceae,Mountain Spiraea,Uncommon
Sequoia and Kings Canyon National Parks,Vascular Plant,Rosales,Urticaceae,Western Nettle,Uncommon
Sequoia and Kings Canyon National Parks,Vascular Plant,Rosales,Urticaceae,Rillita Pellitory,Uncommon
Sequoia and Kings Canyon National Parks,Vascular Plant,Rosales,Urticaceae,Rillita Pellitory,nan
Sequoia and Kings Canyon National Parks,Vascular Plant,Rosales,Urticaceae,Hoary Nettle,Uncommon
Sequoia and Kings Canyon National Parks,Vascular Plant,Rosales,Urticaceae,Dwarf Nettle,Rare
Sequoia and Kings Canyon National Parks,Vascular Plant,Salviniales,Azollaceae,Mosquito Fern,Rare
Sequoia and Kings Canyon National Parks,Vascular Plant,Santalales,Santalaceae,Fir Dwarf Mistletoe,Uncommon
Sequoia and Kings Canyon National Parks,Vascular Plant,Santalales,Santalaceae,Lodgepole Pine Dwarf Mistletoe,Rare
Sequoia and Kings Canyon National Parks,Vascular Plant,Santalales,Santalaceae,Western Dwarf Mistletoe,Common
Sequoia and Kings Canyon National Parks,Vascular Plant,Santalales,Santalaceae,Bastard Toad-Flax,Uncommon
Sequoia and Kings Canyon National Parks,Vascular Plant,Santalales,Santalaceae,Dense Mistletoe,nan
Sequoia and Kings Canyon National Parks,Vascular Plant,Santalales,Santalaceae,Juniper Mistletoe,Rare
Sequoia and Kings Canyon National Parks,Vascular Plant,Santalales,Santalaceae,Incense-Cedar Mistletoe,Uncommon
Sequoia and Kings Canyon National Parks,Vascular Plant,Santalales,Santalaceae,Bigleaf Mistletoe,Uncommon
Sequoia and Kings Canyon National Parks,Vascular Plant,Santalales,Santalaceae,Fir Mistletoe,Rare
Sequoia and Kings Canyon National Parks,Vascular Plant,Santalales,Santalaceae,Oak Mistletoe,Uncommon
Sequoia and Kings Canyon National Parks,Vascular Plant,Sapindales,Anacardiaceae,Skunkbrush,Uncommon
Sequoia and Kings Canyon National Parks,Vascular Plant,Sapindales,Anacardiaceae,Western Poison Oak,Common
Sequoia and Kings Canyon National Parks,Vascular Plant,Sapindales,Sapindaceae,Mountain Maple,Unknown
Sequoia and Kings Canyon National Parks,Vascular Plant,Sapindales,Sapindaceae,Mountain Maple,Unknown
Sequoia and Kings Canyon National Parks,Vascular Plant,Sapindales,Sapindaceae,Big-Leaf Maple,Uncommon
Sequoia and Kings Canyon National Parks,Vascular Plant,Sapindales,Sapindaceae,California Buckeye,Common
Sequoia and Kings Canyon National Parks,Vascular Plant,Saxifragales,Crassulaceae,Pygmyweed,Uncommon
Sequoia and Kings Canyon National Parks,Vascular Plant,Saxifragales,Crassulaceae,Moss Pygmyweed,Uncommon
Sequoia and Kings Canyon National Parks,Vascular Plant,Saxifragales,Crassulaceae,Hen-And-Chickens,Uncommon
Sequoia and Kings Canyon National Parks,Vascular Plant,Saxifragales,Crassulaceae,Canyon Liveforever,nan
Sequoia and Kings Canyon National Parks,Vascular Plant,Saxifragales,Crassulaceae,None,Rare
Sequoia and Kings Canyon National Parks,Vascular Plant,Saxifragales,Crassulaceae,Narrow-Petaled Stonecrop,Uncommon
Sequoia and Kings Canyon National Parks,Vascular Plant,Saxifragales,Crassulaceae,Sierra Stonecrop,Common
Sequoia and Kings Canyon National Parks,Vascular Plant,Saxifragales,Crassulaceae,Star-Fruited Stonecrop,Rare
Sequoia and Kings Canyon National Parks,Vascular Plant,Saxifragales,Crassulaceae,Wormleaf Stonecrop,Rare
Sequoia and Kings Canyon National Parks,Vascular Plant,Saxifragales,Grossulariaceae,Bitter Gooseberry,Uncommon
Sequoia and Kings Canyon National Parks,Vascular Plant,Saxifragales,Grossulariaceae,"Wax Currant, White Squaw Currant",nan
Sequoia and Kings Canyon National Parks,Vascular Plant,Saxifragales,Grossulariaceae,Wax Currant,Uncommon
Sequoia and Kings Canyon National Parks,Vascular Plant,Saxifragales,Grossulariaceae,White-Stemmed Currant,Uncommon
Sequoia and Kings Canyon National Parks,Vascular Plant,Saxifragales,Grossulariaceae,Alpine Currant,Uncommon
Sequoia and Kings Canyon National Parks,Vascular Plant,Saxifragales,Grossulariaceae,Canyon Gooseberry,Uncommon
Sequoia and Kings Canyon National Parks,Vascular Plant,Saxifragales,Grossulariaceae,Canyon Gooseberry,Rare
Sequoia and Kings Canyon National Parks,Vascular Plant,Saxifragales,Grossulariaceae,Mountain Gooseberry,Uncommon
Sequoia and Kings Canyon National Parks,Vascular Plant,Saxifragales,Grossulariaceae,Mountain Pink Currant,Uncommon
Sequoia and Kings Canyon National Parks,Vascular Plant,Saxifragales,Grossulariaceae,Oak Currant,Rare
Sequoia and Kings Canyon National Parks,Vascular Plant,Saxifragales,Grossulariaceae,Sierra Gooseberry,Common
Sequoia and Kings Canyon National Parks,Vascular Plant,Saxifragales,Grossulariaceae,Sequoia Gooseberry,Uncommon
Sequoia and Kings Canyon National Parks,Vascular Plant,Saxifragales,Grossulariaceae,Plateau Gooseberry,Uncommon
Sequoia and Kings Canyon National Parks,Vascular Plant,Saxifragales,Grossulariaceae,Sticky Currant,Uncommon
Sequoia and Kings Canyon National Parks,Vascular Plant,Saxifragales,Saxifragaceae,Umbrella Plant,Rare
Sequoia and Kings Canyon National Parks,Vascular Plant,Saxifragales,Saxifragaceae,Small-Flowered Alum-Root,Uncommon
Sequoia and Kings Canyon National Parks,Vascular Plant,Saxifragales,Saxifragaceae,Pink Alum Root,Uncommon
Sequoia and Kings Canyon National Parks,Vascular Plant,Saxifragales,Saxifragaceae,Pink Alum Root,Rare
Sequoia and Kings Canyon National Parks,Vascular Plant,Saxifragales,Saxifragaceae,Sierra Star,Uncommon
Sequoia and Kings Canyon National Parks,Vascular Plant,Saxifragales,Saxifragaceae,Rock Star,Uncommon
Sequoia and Kings Canyon National Parks,Vascular Plant,Saxifragales,Saxifragaceae,Hillside Woodland-Star,Rare
Sequoia and Kings Canyon National Parks,Vascular Plant,Saxifragales,Saxifragaceae,Smallflower Woodland-Star,Rare
Sequoia and Kings Canyon National Parks,Vascular Plant,Saxifragales,Saxifragaceae,Brewer's Miterwort,Uncommon
Sequoia and Kings Canyon National Parks,Vascular Plant,Saxifragales,Saxifragaceae,Alpine Miterwort,Uncommon
Sequoia and Kings Canyon National Parks,Vascular Plant,Saxifragales,Saxifragaceae,Sierra Saxifrage,Uncommon
Sequoia and Kings Canyon National Parks,Vascular Plant,Saxifragales,Saxifragaceae,Bud Saxifrage,Uncommon
Sequoia and Kings Canyon National Parks,Vascular Plant,Saxifragales,Saxifragaceae,California Saxifrage,Rare
Sequoia and Kings Canyon National Parks,Vascular Plant,Saxifragales,Saxifragaceae,Peak Saxifrage,Uncommon
Sequoia and Kings Canyon National Parks,Vascular Plant,Saxifragales,Saxifragaceae,Brook Saxifrage,Uncommon
Sequoia and Kings Canyon National Parks,Vascular Plant,Saxifragales,Saxifragaceae,Bog Saxifrage,Uncommon
Sequoia and Kings Canyon National Parks,Vascular Plant,Saxifragales,Saxifragaceae,Pygmy Saxifrage,Rare
Sequoia and Kings Canyon National Parks,Vascular Plant,Saxifragales,Saxifragaceae,Alpine Saxifrage,Uncommon
Sequoia and Kings Canyon National Parks,Vascular Plant,Saxifragales,Saxifragaceae,Fringe Cups,Rare
Sequoia and Kings Canyon National Parks,Vascular Plant,Selaginellales,Selaginellaceae,Hansen's Spikemoss,Uncommon
Sequoia and Kings Canyon National Parks,Vascular Plant,Selaginellales,Selaginellaceae,Alpine Spikemoss,Common
Sequoia and Kings Canyon National Parks,Vascular Plant,Solanales,Convolvulaceae,Sierra Morning Glory,Uncommon
Sequoia and Kings Canyon National Parks,Vascular Plant,Solanales,Convolvulaceae,Sonora Morning Glory,Unknown
Sequoia and Kings Canyon National Parks,Vascular Plant,Solanales,Convolvulaceae,Morning-Glory,Unknown
Sequoia and Kings Canyon National Parks,Vascular Plant,Solanales,Convolvulaceae,Bindweed,Rare
Sequoia and Kings Canyon National Parks,Vascular Plant,Solanales,Convolvulaceae,California Dodder,Rare
Sequoia and Kings Canyon National Parks,Vascular Plant,Solanales,Convolvulaceae,California Dodder,Rare
Sequoia and Kings Canyon National Parks,Vascular Plant,Solanales,Convolvulaceae,"Goldenthread, Saltmarsh Dodder",nan
Sequoia and Kings Canyon National Parks,Vascular Plant,Solanales,Convolvulaceae,Canyon Dodder,Rare
Sequoia and Kings Canyon National Parks,Vascular Plant,Solanales,Solanaceae,Tolguacha,Rare
Sequoia and Kings Canyon National Parks,Vascular Plant,Solanales,Solanaceae,Manyflower Tobacco,nan
Sequoia and Kings Canyon National Parks,Vascular Plant,Solanales,Solanaceae,Coyote Tobacco,Rare
Sequoia and Kings Canyon National Parks,Vascular Plant,Solanales,Solanaceae,Tomatillo,Rare
Sequoia and Kings Canyon National Parks,Vascular Plant,Solanales,Solanaceae,Small-Flowered Nightshade,Rare
Sequoia and Kings Canyon National Parks,Vascular Plant,Solanales,Solanaceae,Purple Nightshade,Uncommon
Sequoia and Kings Canyon National Parks,Vascular Plant,Vitales,Vitaceae,Peppervine,Rare
Sequoia and Kings Canyon National Parks,Vascular Plant,Vitales,Vitaceae,Woodbine,Rare
Sequoia and Kings Canyon National Parks,Vascular Plant,Vitales,Vitaceae,California Wild Grape,Uncommon
Sequoia and Kings Canyon National Parks,Vascular Plant,Vitales,Vitaceae,Wine Grape,nan
Sequoia and Kings Canyon National Parks,Vascular Plant,Zygophyllales,Zygophyllaceae,Puncture Vine,Rare
Yosemite National Park,Mammal,Artiodactyla,Bovidae,Sierra Nevada Bighorn Sheep,Rare
Yosemite National Park,Mammal,Artiodactyla,Cervidae,None,nan
Yosemite National Park,Mammal,Artiodactyla,Cervidae,"Mule Deer, Mule Deer",Common
Yosemite National Park,Mammal,Artiodactyla,Suidae,"Pig, Pig (Feral), Wild Boar, Wild Boar",nan
Yosemite National Park,Mammal,Carnivora,Canidae,Coyote,Uncommon
Yosemite National Park,Mammal,Carnivora,Canidae,"Gray Wolf, Wolf",nan
Yosemite National Park,Mammal,Carnivora,Canidae,Gray Fox,Common
Yosemite National Park,Mammal,Carnivora,Canidae,Sierra Nevada Red Fox,Rare
Yosemite National Park,Mammal,Carnivora,Felidae,Bobcat,Uncommon
Yosemite National Park,Mammal,Carnivora,Felidae,Mountain Lion,Uncommon
Yosemite National Park,Mammal,Carnivora,Mephitidae,Striped Skunk,Common
Yosemite National Park,Mammal,Carnivora,Mephitidae,Spotted Skunk,Uncommon
Yosemite National Park,Mammal,Carnivora,Mustelidae,Wolverine,Rare
Yosemite National Park,Mammal,Carnivora,Mustelidae,River Otter,Rare
Yosemite National Park,Mammal,Carnivora,Mustelidae,"American Marten, Marten",Uncommon
Yosemite National Park,Mammal,Carnivora,Mustelidae,Ermine,Uncommon
Yosemite National Park,Mammal,Carnivora,Mustelidae,Long-Tailed Weasel,Uncommon
Yosemite National Park,Mammal,Carnivora,Mustelidae,American Mink,Rare
Yosemite National Park,Mammal,Carnivora,Mustelidae,Fisher,Uncommon
Yosemite National Park,Mammal,Carnivora,Mustelidae,Badger,Rare
Yosemite National Park,Mammal,Carnivora,Procyonidae,Ringtail,Common
Yosemite National Park,Mammal,Carnivora,Procyonidae,Raccoon,Common
Yosemite National Park,Mammal,Carnivora,Ursidae,Black Bear,Common
Yosemite National Park,Mammal,Carnivora,Ursidae,"Brown Bear, Grizzly Bear",nan
Yosemite National Park,Mammal,Chiroptera,Molossidae,Western Mastiff Bat,Uncommon
Yosemite National Park,Mammal,Chiroptera,Molossidae,Mexican Free-Tailed Bat,Common
Yosemite National Park,Mammal,Chiroptera,Vespertilionidae,"Pallid Bat, Pallid Bat",Common
Yosemite National Park,Mammal,Chiroptera,Vespertilionidae,Townsend's Big-Eared Bat,Uncommon
Yosemite National Park,Mammal,Chiroptera,Vespertilionidae,Big Brown Bat,Common
Yosemite National Park,Mammal,Chiroptera,Vespertilionidae,"Spotted Bat, Spotted Bat",Uncommon
Yosemite National Park,Mammal,Chiroptera,Vespertilionidae,"Silver-Haired Bat, Silver-Haired Bat",Uncommon
Yosemite National Park,Mammal,Chiroptera,Vespertilionidae,Western Red Bat,Uncommon
Yosemite National Park,Mammal,Chiroptera,Vespertilionidae,"Hoary Bat, Hoary Bat",Uncommon
Yosemite National Park,Mammal,Chiroptera,Vespertilionidae,California Myotis,Common
Yosemite National Park,Mammal,Chiroptera,Vespertilionidae,Small-Footed Myotis,Rare
Yosemite National Park,Mammal,Chiroptera,Vespertilionidae,"Long-Eared Myotis, Long-Eared Myotis",Uncommon
Yosemite National Park,Mammal,Chiroptera,Vespertilionidae,Little Brown Myotis,Uncommon
Yosemite National Park,Mammal,Chiroptera,Vespertilionidae,"Fringed Myotis, Fringed Myotis",Uncommon
Yosemite National Park,Mammal,Chiroptera,Vespertilionidae,"Long-Legged Myotis, Long-Legged Myotis",Uncommon
Yosemite National Park,Mammal,Chiroptera,Vespertilionidae,"Yuma Myotis, Yuma Myotis",Common
Yosemite National Park,Mammal,Chiroptera,Vespertilionidae,Canyon Bat,Uncommon
Yosemite National Park,Mammal,Didelphimorphia,Didelphidae,Virginia Opossum,Rare
Yosemite National Park,Mammal,Lagomorpha,Leporidae,Sierra Nevada Snowshoe Hare,Uncommon
Yosemite National Park,Mammal,Lagomorpha,Leporidae,Western White-Tailed Jackrabbit,Uncommon
Yosemite National Park,Mammal,Lagomorpha,Leporidae,Brush Rabbit,Rare
Yosemite National Park,Mammal,Lagomorpha,Ochotonidae,Pika,Uncommon
Yosemite National Park,Mammal,Rodentia,Aplodontiidae,Sierra Nevada Mountain Beaver,Uncommon
Yosemite National Park,Mammal,Rodentia,Castoridae,Beaver,Rare
Yosemite National Park,Mammal,Rodentia,Cricetidae,California Meadow Mouse,Common
Yosemite National Park,Mammal,Rodentia,Cricetidae,Long-Tailed Vole,Common
Yosemite National Park,Mammal,Rodentia,Cricetidae,Montane Vole,Common
Yosemite National Park,Mammal,Rodentia,Cricetidae,Bushy-Tailed Woodrat,Uncommon
Yosemite National Park,Mammal,Rodentia,Cricetidae,Big-Eared Woodrat,Common
Yosemite National Park,Mammal,Rodentia,Cricetidae,Big-Eared Woodrat,Common
Yosemite National Park,Mammal,Rodentia,Cricetidae,"Brush Deermouse, Brush Mouse",Common
Yosemite National Park,Mammal,Rodentia,Cricetidae,California Mouse,Uncommon
Yosemite National Park,Mammal,Rodentia,Cricetidae,"Deer Mouse, North American Deermouse",Abundant
Yosemite National Park,Mammal,Rodentia,Cricetidae,"Pi_On Deermouse, Pi_On Mouse, Pinyon Mouse",Uncommon
Yosemite National Park,Mammal,Rodentia,Cricetidae,"Heather Vole, Western Heather Vole",Rare
Yosemite National Park,Mammal,Rodentia,Cricetidae,Western Harvest Mouse,Rare
Yosemite National Park,Mammal,Rodentia,Dipodidae,Western Jumping Mouse,Common
Yosemite National Park,Mammal,Rodentia,Erethizontidae,Porcupine,Uncommon
Yosemite National Park,Mammal,Rodentia,Geomyidae,Botta's Pocket Gopher,Common
Yosemite National Park,Mammal,Rodentia,Geomyidae,Mountain Pocket Gopher,Common
Yosemite National Park,Mammal,Rodentia,Heteromyidae,California Pocket Mouse,Uncommon
Yosemite National Park,Mammal,Rodentia,Muridae,House Mouse,Uncommon
Yosemite National Park,Mammal,Rodentia,Muridae,Black Rat,Rare
Yosemite National Park,Mammal,Rodentia,Sciuridae,Golden-Mantled Ground Squirrel,Common
Yosemite National Park,Mammal,Rodentia,Sciuridae,Northern Flying Squirrel,Common
Yosemite National Park,Mammal,Rodentia,Sciuridae,Yellow-Bellied Marmot,Common
Yosemite National Park,Mammal,Rodentia,Sciuridae,California Ground Squirrel,Common
Yosemite National Park,Mammal,Rodentia,Sciuridae,Western Gray Squirrel,Common
Yosemite National Park,Mammal,Rodentia,Sciuridae,Alpine Chipmunk,Uncommon
Yosemite National Park,Mammal,Rodentia,Sciuridae,Yellow-Pine Chipmunk,Occasional
Yosemite National Park,Mammal,Rodentia,Sciuridae,Merriam's Chipmunk,Uncommon
Yosemite National Park,Mammal,Rodentia,Sciuridae,Least Chipmunk,Occasional
Yosemite National Park,Mammal,Rodentia,Sciuridae,Long-Eared Chipmunk,Uncommon
Yosemite National Park,Mammal,Rodentia,Sciuridae,"Allen's Chipmunk, Shadow Chipmunk",Uncommon
Yosemite National Park,Mammal,Rodentia,Sciuridae,Lodgepole Chipmunk,Common
Yosemite National Park,Mammal,Rodentia,Sciuridae,Inyo Chipmunk,Unknown
Yosemite National Park,Mammal,Rodentia,Sciuridae,Chickaree,Common
Yosemite National Park,Mammal,Rodentia,Sciuridae,Belding's Ground Squirrel,Common
Yosemite National Park,Mammal,Soricomorpha,Soricidae,Mount Lyell Shrew,Rare
Yosemite National Park,Mammal,Soricomorpha,Soricidae,Montane Shrew,Common
Yosemite National Park,Mammal,Soricomorpha,Soricidae,Water Shrew,Rare
Yosemite National Park,Mammal,Soricomorpha,Soricidae,Inyo Shrew,Uncommon
Yosemite National Park,Mammal,Soricomorpha,Soricidae,Trowbridge's Shrew,Rare
Yosemite National Park,Mammal,Soricomorpha,Talpidae,Broad-Footed Mole,Common
Yosemite National Park,Bird,Accipitriformes,Accipitridae,Cooper's Hawk,Uncommon
Yosemite National Park,Bird,Accipitriformes,Accipitridae,Northern Goshawk,Uncommon
Yosemite National Park,Bird,Accipitriformes,Accipitridae,Sharp-Shinned Hawk,Rare
Yosemite National Park,Bird,Accipitriformes,Accipitridae,Golden Eagle,Uncommon
Yosemite National Park,Bird,Accipitriformes,Accipitridae,Red-Tailed Hawk,Common
Yosemite National Park,Bird,Accipitriformes,Accipitridae,Rough-Legged Hawk,Rare
Yosemite National Park,Bird,Accipitriformes,Accipitridae,Red-Shouldered Hawk,Uncommon
Yosemite National Park,Bird,Accipitriformes,Accipitridae,Ferruginous Hawk,Occasional
Yosemite National Park,Bird,Accipitriformes,Accipitridae,Swainson's Hawk,Occasional
Yosemite National Park,Bird,Accipitriformes,Accipitridae,Northern Harrier,Rare
Yosemite National Park,Bird,Accipitriformes,Accipitridae,White-Tailed Kite,Occasional
Yosemite National Park,Bird,Accipitriformes,Accipitridae,Bald Eagle,Rare
Yosemite National Park,Bird,Accipitriformes,Cathartidae,Turkey Vulture,Rare
Yosemite National Park,Bird,Accipitriformes,Cathartidae,California Condor,nan
Yosemite National Park,Bird,Accipitriformes,Pandionidae,Osprey,Rare
Yosemite National Park,Bird,Anseriformes,Anatidae,Wood Duck,Rare
Yosemite National Park,Bird,Anseriformes,Anatidae,Northern Pintail,Occasional
Yosemite National Park,Bird,Anseriformes,Anatidae,American Wigeon,Occasional
Yosemite National Park,Bird,Anseriformes,Anatidae,Northern Shoveler,Occasional
Yosemite National Park,Bird,Anseriformes,Anatidae,Green-Winged Teal,Rare
Yosemite National Park,Bird,Anseriformes,Anatidae,Cinnamon Teal,Rare
Yosemite National Park,Bird,Anseriformes,Anatidae,Blue-Winged Teal,Rare
Yosemite National Park,Bird,Anseriformes,Anatidae,Mallard,Uncommon
Yosemite National Park,Bird,Anseriformes,Anatidae,Gadwall,Occasional
Yosemite National Park,Bird,Anseriformes,Anatidae,Lesser Scaup,Occasional
Yosemite National Park,Bird,Anseriformes,Anatidae,Ring-Necked Duck,Uncommon
Yosemite National Park,Bird,Anseriformes,Anatidae,Canvasback,Occasional
Yosemite National Park,Bird,Anseriformes,Anatidae,Canada Goose,Common
Yosemite National Park,Bird,Anseriformes,Anatidae,Bufflehead,Rare
Yosemite National Park,Bird,Anseriformes,Anatidae,Common Goldeneye,Occasional
Yosemite National Park,Bird,Anseriformes,Anatidae,Barrow's Goldeneye,Occasional
Yosemite National Park,Bird,Anseriformes,Anatidae,Snow Goose,Occasional
Yosemite National Park,Bird,Anseriformes,Anatidae,Tundra Swan,Occasional
Yosemite National Park,Bird,Anseriformes,Anatidae,Harlequin Duck,Rare
Yosemite National Park,Bird,Anseriformes,Anatidae,Hooded Merganser,Rare
Yosemite National Park,Bird,Anseriformes,Anatidae,Common Merganser,Common
Yosemite National Park,Bird,Anseriformes,Anatidae,Ruddy Duck,Occasional
Yosemite National Park,Bird,Apodiformes,nan,Calliope Hummingbird,Common
Yosemite National Park,Bird,Apodiformes,Apodidae,White-Throated Swift,Common
Yosemite National Park,Bird,Apodiformes,Apodidae,Vaux's Swift,Rare
Yosemite National Park,Bird,Apodiformes,Apodidae,Black Swift,Common
Yosemite National Park,Bird,Apodiformes,Trochilidae,Black-Chinned Hummingbird,Rare
Yosemite National Park,Bird,Apodiformes,Trochilidae,Anna's Hummingbird,Common
Yosemite National Park,Bird,Apodiformes,Trochilidae,Broad-Tailed Hummingbird,Occasional
Yosemite National Park,Bird,Apodiformes,Trochilidae,Rufous Hummingbird,Uncommon
Yosemite National Park,Bird,Apodiformes,Trochilidae,Allen's Hummingbird,Rare
Yosemite National Park,Bird,Caprimulgiformes,Caprimulgidae,Common Nighthawk,Rare
Yosemite National Park,Bird,Caprimulgiformes,Caprimulgidae,Common Poorwill,Uncommon
Yosemite National Park,Bird,Charadriiformes,Charadriidae,Killdeer,Rare
Yosemite National Park,Bird,Charadriiformes,Laridae,Caspian Tern,Occasional
Yosemite National Park,Bird,Charadriiformes,Laridae,California Gull,Uncommon
Yosemite National Park,Bird,Charadriiformes,Laridae,Ring-Billed Gull,Rare
Yosemite National Park,Bird,Charadriiformes,Recurvirostridae,Black-Necked Stilt,Occasional
Yosemite National Park,Bird,Charadriiformes,Recurvirostridae,American Avocet,Occasional
Yosemite National Park,Bird,Charadriiformes,Scolopacidae,Spotted Sandpiper,Uncommon
Yosemite National Park,Bird,Charadriiformes,Scolopacidae,Least Sandpiper,Occasional
Yosemite National Park,Bird,Charadriiformes,Scolopacidae,Wilson's Snipe,Rare
Yosemite National Park,Bird,Charadriiformes,Scolopacidae,Red Phalarope,Occasional
Yosemite National Park,Bird,Charadriiformes,Scolopacidae,Red-Necked Phalarope,Rare
Yosemite National Park,Bird,Charadriiformes,Scolopacidae,Wilson's Phalarope,Occasional
Yosemite National Park,Bird,Charadriiformes,Scolopacidae,Greater Yellowlegs,Occasional
Yosemite National Park,Bird,Charadriiformes,Scolopacidae,Willet,Occasional
Yosemite National Park,Bird,Charadriiformes,Scolopacidae,Solitary Sandpiper,Occasional
Yosemite National Park,Bird,Columbiformes,Columbidae,Rock Pigeon,Rare
Yosemite National Park,Bird,Columbiformes,Columbidae,Band-Tailed Pigeon,Common
Yosemite National Park,Bird,Columbiformes,Columbidae,Eurasian Collared Dove,Rare
Yosemite National Park,Bird,Columbiformes,Columbidae,Mourning Dove,Uncommon
Yosemite National Park,Bird,Coraciiformes,Alcedinidae,Belted Kingfisher,Rare
Yosemite National Park,Bird,Cuculiformes,Cuculidae,Greater Roadrunner,Rare
Yosemite National Park,Bird,Falconiformes,Falconidae,Merlin,Rare
Yosemite National Park,Bird,Falconiformes,Falconidae,Prairie Falcon,Rare
Yosemite National Park,Bird,Falconiformes,Falconidae,Peregrine Falcon,Rare
Yosemite National Park,Bird,Falconiformes,Falconidae,American Kestrel,Uncommon
Yosemite National Park,Bird,Galliformes,Odontophoridae,California Quail,Common
Yosemite National Park,Bird,Galliformes,Odontophoridae,Mountain Quail,Common
Yosemite National Park,Bird,Galliformes,Phasianidae,Greater Sage-Grouse,Occasional
Yosemite National Park,Bird,Galliformes,Phasianidae,Sooty Grouse,Uncommon
Yosemite National Park,Bird,Galliformes,Phasianidae,White-Tailed Ptarmigan,Uncommon
Yosemite National Park,Bird,Galliformes,Phasianidae,Wild Turkey,Rare
Yosemite National Park,Bird,Gaviiformes,Gaviidae,Common Loon,Occasional
Yosemite National Park,Bird,Gaviiformes,Gaviidae,Pacific Loon,Occasional
Yosemite National Park,Bird,Gruiformes,Gruidae,Sandhill Crane,Rare
Yosemite National Park,Bird,Gruiformes,Rallidae,Yellow Rail,Occasional
Yosemite National Park,Bird,Gruiformes,Rallidae,American Coot,Rare
Yosemite National Park,Bird,Gruiformes,Rallidae,Sora,Occasional
Yosemite National Park,Bird,Gruiformes,Rallidae,Virginia Rail,Rare
Yosemite National Park,Bird,Passeriformes,nan,House Finch,Common
Yosemite National Park,Bird,Passeriformes,nan,Purple Finch,Common
Yosemite National Park,Bird,Passeriformes,Aegithalidae,Bushtit,Common
Yosemite National Park,Bird,Passeriformes,Alaudidae,Horned Lark,Uncommon
Yosemite National Park,Bird,Passeriformes,Bombycillidae,Cedar Waxwing,Rare
Yosemite National Park,Bird,Passeriformes,Bombycillidae,Bohemian Waxwing,Occasional
Yosemite National Park,Bird,Passeriformes,Calcariidae,Chestnut-Collared Longspur,Occasional
Yosemite National Park,Bird,Passeriformes,Cardinalidae,Lazuli Bunting,Uncommon
Yosemite National Park,Bird,Passeriformes,Cardinalidae,Blue Grosbeak,Rare
Yosemite National Park,Bird,Passeriformes,Cardinalidae,Indigo Bunting,Occasional
Yosemite National Park,Bird,Passeriformes,Cardinalidae,Rose-Breasted Grosbeak,Occasional
Yosemite National Park,Bird,Passeriformes,Cardinalidae,Black-Headed Grosbeak,Common
Yosemite National Park,Bird,Passeriformes,Cardinalidae,Western Tanager,Common
Yosemite National Park,Bird,Passeriformes,Certhiidae,Brown Creeper,Common
Yosemite National Park,Bird,Passeriformes,Cinclidae,American Dipper,Uncommon
Yosemite National Park,Bird,Passeriformes,Corvidae,Western Scrub-Jay,Abundant
Yosemite National Park,Bird,Passeriformes,Corvidae,American Crow,Rare
Yosemite National Park,Bird,Passeriformes,Corvidae,Common Raven,Abundant
Yosemite National Park,Bird,Passeriformes,Corvidae,Steller's Jay,Abundant
Yosemite National Park,Bird,Passeriformes,Corvidae,Pinyon Jay,Occasional
Yosemite National Park,Bird,Passeriformes,Corvidae,Clark's Nutcracker,Common
Yosemite National Park,Bird,Passeriformes,Corvidae,Black-Billed Magpie,Occasional
Yosemite National Park,Bird,Passeriformes,Corvidae,Yellow-Billed Magpie,Occasional
Yosemite National Park,Bird,Passeriformes,Emberizidae,Rufous-Crowned Sparrow,Uncommon
Yosemite National Park,Bird,Passeriformes,Emberizidae,Grasshopper Sparrow,Rare
Yosemite National Park,Bird,Passeriformes,Emberizidae,Black-Throated Sparrow,Occasional
Yosemite National Park,Bird,Passeriformes,Emberizidae,Sage Sparrow,Uncommon
Yosemite National Park,Bird,Passeriformes,Emberizidae,Lark Sparrow,Rare
Yosemite National Park,Bird,Passeriformes,Emberizidae,Gray-Headed Junco,Occasional
Yosemite National Park,Bird,Passeriformes,Emberizidae,Slate-Colored Junco,Uncommon
Yosemite National Park,Bird,Passeriformes,Emberizidae,Oregon Junco,Abundant
Yosemite National Park,Bird,Passeriformes,Emberizidae,Lincoln's Sparrow,Uncommon
Yosemite National Park,Bird,Passeriformes,Emberizidae,Song Sparrow,Abundant
Yosemite National Park,Bird,Passeriformes,Emberizidae,California Towhee,Rare
Yosemite National Park,Bird,Passeriformes,Emberizidae,Savannah Sparrow,Uncommon
Yosemite National Park,Bird,Passeriformes,Emberizidae,"Fox Sparrow, Red Fox Sparrow",Common
Yosemite National Park,Bird,Passeriformes,Emberizidae,Green-Tailed Towhee,Uncommon
Yosemite National Park,Bird,Passeriformes,Emberizidae,Spotted Towhee,Common
Yosemite National Park,Bird,Passeriformes,Emberizidae,Vesper Sparrow,Occasional
Yosemite National Park,Bird,Passeriformes,Emberizidae,Black-Chinned Sparrow,Rare
Yosemite National Park,Bird,Passeriformes,Emberizidae,Brewer's Sparrow,Occasional
Yosemite National Park,Bird,Passeriformes,Emberizidae,Clay-Colored Sparrow,Occasional
Yosemite National Park,Bird,Passeriformes,Emberizidae,Chipping Sparrow,Common
Yosemite National Park,Bird,Passeriformes,Emberizidae,White-Throated Sparrow,Occasional
Yosemite National Park,Bird,Passeriformes,Emberizidae,Golden-Crowned Sparrow,Common
Yosemite National Park,Bird,Passeriformes,Emberizidae,Gambel's White-Crowned Sparrow,Common
Yosemite National Park,Bird,Passeriformes,Emberizidae,Mountain White-Crowned Sparrow,Common
Yosemite National Park,Bird,Passeriformes,Emberizidae,Harris's Sparrow,Occasional
Yosemite National Park,Bird,Passeriformes,Fringillidae,Evening Grosbeak,Uncommon
Yosemite National Park,Bird,Passeriformes,Fringillidae,Cassin's Finch,Common
Yosemite National Park,Bird,Passeriformes,Fringillidae,Gray-Crowned Rosy Finch,Common
Yosemite National Park,Bird,Passeriformes,Fringillidae,Red Crossbill,Uncommon
Yosemite National Park,Bird,Passeriformes,Fringillidae,Pine Grosbeak,Uncommon
Yosemite National Park,Bird,Passeriformes,Fringillidae,Lawrence's Goldfinch,Rare
Yosemite National Park,Bird,Passeriformes,Fringillidae,Pine Siskin,Common
Yosemite National Park,Bird,Passeriformes,Fringillidae,Lesser Goldfinch,Common
Yosemite National Park,Bird,Passeriformes,Fringillidae,American Goldfinch,Uncommon
Yosemite National Park,Bird,Passeriformes,Hirundinidae,Barn Swallow,Uncommon
Yosemite National Park,Bird,Passeriformes,Hirundinidae,Cliff Swallow,Uncommon
Yosemite National Park,Bird,Passeriformes,Hirundinidae,Bank Swallow,Occasional
Yosemite National Park,Bird,Passeriformes,Hirundinidae,Northern Rough-Winged Swallow,Uncommon
Yosemite National Park,Bird,Passeriformes,Hirundinidae,Tree Swallow,Uncommon
Yosemite National Park,Bird,Passeriformes,Hirundinidae,Violet-Green Swallow,Common
Yosemite National Park,Bird,Passeriformes,Icteridae,Red-Winged Blackbird,Common
Yosemite National Park,Bird,Passeriformes,Icteridae,Bobolink,Occasional
Yosemite National Park,Bird,Passeriformes,Icteridae,Brewer's Blackbird,Abundant
Yosemite National Park,Bird,Passeriformes,Icteridae,Bullock's Oriole,Common
Yosemite National Park,Bird,Passeriformes,Icteridae,Scott's Oriole,Uncommon
Yosemite National Park,Bird,Passeriformes,Icteridae,Brown-Headed Cowbird,Common
Yosemite National Park,Bird,Passeriformes,Icteridae,Great-Tailed Grackle,Occasional
Yosemite National Park,Bird,Passeriformes,Icteridae,Western Meadowlark,Uncommon
Yosemite National Park,Bird,Passeriformes,Icteridae,Yellow-Headed Blackbird,Rare
Yosemite National Park,Bird,Passeriformes,Laniidae,Northern Shrike,Occasional
Yosemite National Park,Bird,Passeriformes,Laniidae,Loggerhead Shrike,Rare
Yosemite National Park,Bird,Passeriformes,Mimidae,Gray Catbird,Occasional
Yosemite National Park,Bird,Passeriformes,Mimidae,Northern Mockingbird,Rare
Yosemite National Park,Bird,Passeriformes,Mimidae,Sage Thrasher,Occasional
Yosemite National Park,Bird,Passeriformes,Mimidae,California Thrasher,Uncommon
Yosemite National Park,Bird,Passeriformes,Motacillidae,American Pipit,Uncommon
Yosemite National Park,Bird,Passeriformes,Paridae,Oak Titmouse,Common
Yosemite National Park,Bird,Passeriformes,Paridae,Mountain Chickadee,Abundant
Yosemite National Park,Bird,Passeriformes,Paridae,Chestnut-Backed Chickadee,Uncommon
Yosemite National Park,Bird,Passeriformes,Parulidae,Wilson's Warbler,Uncommon
Yosemite National Park,Bird,Passeriformes,Parulidae,Macgillivray's Warbler,Uncommon
Yosemite National Park,Bird,Passeriformes,Parulidae,Common Yellowthroat,Occasional
Yosemite National Park,Bird,Passeriformes,Parulidae,Yellow-Breasted Chat,Occasional
Yosemite National Park,Bird,Passeriformes,Parulidae,Black-And-White Warbler,Occasional
Yosemite National Park,Bird,Passeriformes,Parulidae,Painted Redstart,Occasional
Yosemite National Park,Bird,Passeriformes,Parulidae,Orange-Crowned Warbler,Common
Yosemite National Park,Bird,Passeriformes,Parulidae,Tennessee Warbler,Occasional
Yosemite National Park,Bird,Passeriformes,Parulidae,Nashville Warbler,Common
Yosemite National Park,Bird,Passeriformes,Parulidae,Virginia's Warbler,Occasional
Yosemite National Park,Bird,Passeriformes,Parulidae,Ovenbird,Occasional
Yosemite National Park,Bird,Passeriformes,Parulidae,Northern Parula,Occasional
Yosemite National Park,Bird,Passeriformes,Parulidae,Cerulean Warbler,Occasional
Yosemite National Park,Bird,Passeriformes,Parulidae,Hooded Warbler,Occasional
Yosemite National Park,Bird,Passeriformes,Parulidae,Audubon's Warbler,Abundant
Yosemite National Park,Bird,Passeriformes,Parulidae,Myrtle Warbler (Yellow-Rumped),Occasional
Yosemite National Park,Bird,Passeriformes,Parulidae,Magnolia Warbler,Rare
Yosemite National Park,Bird,Passeriformes,Parulidae,Black-Throated Gray Warbler,Common
Yosemite National Park,Bird,Passeriformes,Parulidae,Hermit Warbler,Common
Yosemite National Park,Bird,Passeriformes,Parulidae,Palm Warbler,Occasional
Yosemite National Park,Bird,Passeriformes,Parulidae,Yellow Warbler,Common
Yosemite National Park,Bird,Passeriformes,Parulidae,American Redstart,Occasional
Yosemite National Park,Bird,Passeriformes,Parulidae,Blackpoll Warbler,Occasional
Yosemite National Park,Bird,Passeriformes,Parulidae,Townsend's Warbler,Uncommon
Yosemite National Park,Bird,Passeriformes,Passeridae,House Sparrow,Common
Yosemite National Park,Bird,Passeriformes,Polioptilidae,Blue-Gray Gnatcatcher,Rare
Yosemite National Park,Bird,Passeriformes,Ptilogonatidae,Phainopepla,Occasional
Yosemite National Park,Bird,Passeriformes,Regulidae,Ruby-Crowned Kinglet,Abundant
Yosemite National Park,Bird,Passeriformes,Regulidae,Golden-Crowned Kinglet,Abundant
Yosemite National Park,Bird,Passeriformes,Sittidae,Red-Breasted Nuthatch,Common
Yosemite National Park,Bird,Passeriformes,Sittidae,White-Breasted Nuthatch,Common
Yosemite National Park,Bird,Passeriformes,Sittidae,Pygmy Nuthatch,Uncommon
Yosemite National Park,Bird,Passeriformes,Sturnidae,European Starling,Common
Yosemite National Park,Bird,Passeriformes,Sylviidae,Wrentit,Common
Yosemite National Park,Bird,Passeriformes,Troglodytidae,Canyon Wren,Common
Yosemite National Park,Bird,Passeriformes,Troglodytidae,Marsh Wren,Rare
Yosemite National Park,Bird,Passeriformes,Troglodytidae,Rock Wren,Uncommon
Yosemite National Park,Bird,Passeriformes,Troglodytidae,Bewick's Wren,Uncommon
Yosemite National Park,Bird,Passeriformes,Troglodytidae,House Wren,Common
Yosemite National Park,Bird,Passeriformes,Troglodytidae,Pacific Wren,Uncommon
Yosemite National Park,Bird,Passeriformes,Turdidae,Hermit Thrush,Common
Yosemite National Park,Bird,Passeriformes,Turdidae,Swainson's Thrush,Uncommon
Yosemite National Park,Bird,Passeriformes,Turdidae,Varied Thrush,Uncommon
Yosemite National Park,Bird,Passeriformes,Turdidae,Townsend's Solitaire,Uncommon
Yosemite National Park,Bird,Passeriformes,Turdidae,Mountain Bluebird,Uncommon
Yosemite National Park,Bird,Passeriformes,Turdidae,Western Bluebird,Common
Yosemite National Park,Bird,Passeriformes,Turdidae,American Robin,Abundant
Yosemite National Park,Bird,Passeriformes,Tyrannidae,Olive-Sided Flycatcher,Common
Yosemite National Park,Bird,Passeriformes,Tyrannidae,Western Wood-Pewee,Common
Yosemite National Park,Bird,Passeriformes,Tyrannidae,Pacific-Slope Flycatcher,Uncommon
Yosemite National Park,Bird,Passeriformes,Tyrannidae,Hammond's Flycatcher,Common
Yosemite National Park,Bird,Passeriformes,Tyrannidae,Dusky Flycatcher,Uncommon
Yosemite National Park,Bird,Passeriformes,Tyrannidae,Willow Flycatcher,Rare
Yosemite National Park,Bird,Passeriformes,Tyrannidae,Gray Flycatcher,Occasional
Yosemite National Park,Bird,Passeriformes,Tyrannidae,Ash-Throated Flycatcher,Rare
Yosemite National Park,Bird,Passeriformes,Tyrannidae,Vermilion Flycatcher,Occasional
Yosemite National Park,Bird,Passeriformes,Tyrannidae,Black Phoebe,Common
Yosemite National Park,Bird,Passeriformes,Tyrannidae,Say's Phoebe,Rare
Yosemite National Park,Bird,Passeriformes,Tyrannidae,Eastern Kingbird,Rare
Yosemite National Park,Bird,Passeriformes,Tyrannidae,Western Kingbird,Rare
Yosemite National Park,Bird,Passeriformes,Vireonidae,Cassin's Vireo,Common
Yosemite National Park,Bird,Passeriformes,Vireonidae,Warbling Vireo,Common
Yosemite National Park,Bird,Passeriformes,Vireonidae,Hutton's Vireo,Uncommon
Yosemite National Park,Bird,Passeriformes,Vireonidae,Red-Eyed Vireo,Occasional
Yosemite National Park,Bird,Pelecaniformes,Ardeidae,Great Egret,Occasional
Yosemite National Park,Bird,Pelecaniformes,Ardeidae,Great Blue Heron,Uncommon
Yosemite National Park,Bird,Pelecaniformes,Ardeidae,American Bittern,Occasional
Yosemite National Park,Bird,Pelecaniformes,Ardeidae,Green Heron,Occasional
Yosemite National Park,Bird,Pelecaniformes,Ardeidae,Snowy Egret,Occasional
Yosemite National Park,Bird,Pelecaniformes,Ardeidae,Black-Crowned Night Heron,Occasional
Yosemite National Park,Bird,Pelecaniformes,Pelecanidae,American White Pelican,Rare
Yosemite National Park,Bird,Pelecaniformes,Pelecanidae,Brown Pelican,Rare
Yosemite National Park,Bird,Pelecaniformes,Threskiornithidae,White-Faced Ibis,Occasional
Yosemite National Park,Bird,Piciformes,Picidae,Northern Flicker,Common
Yosemite National Park,Bird,Piciformes,Picidae,Pileated Woodpecker,Uncommon
Yosemite National Park,Bird,Piciformes,Picidae,Acorn Woodpecker,Abundant
Yosemite National Park,Bird,Piciformes,Picidae,Lewis's Woodpecker,Rare
Yosemite National Park,Bird,Piciformes,Picidae,White-Headed Woodpecker,Common
Yosemite National Park,Bird,Piciformes,Picidae,Black-Backed Woodpecker,Rare
Yosemite National Park,Bird,Piciformes,Picidae,Nuttall's Woodpecker,Common
Yosemite National Park,Bird,Piciformes,Picidae,Downy Woodpecker,Uncommon
Yosemite National Park,Bird,Piciformes,Picidae,Hairy Woodpecker,Common
Yosemite National Park,Bird,Piciformes,Picidae,Red-Naped Sapsucker,Rare
Yosemite National Park,Bird,Piciformes,Picidae,Red-Breasted Sapsucker,Common
Yosemite National Park,Bird,Piciformes,Picidae,Williamson's Sapsucker,Uncommon
Yosemite National Park,Bird,Podicipediformes,Podicipedidae,Clark's Grebe,Rare
Yosemite National Park,Bird,Podicipediformes,Podicipedidae,Western Grebe,Occasional
Yosemite National Park,Bird,Podicipediformes,Podicipedidae,Horned Grebe,Occasional
Yosemite National Park,Bird,Podicipediformes,Podicipedidae,Eared Grebe,Occasional
Yosemite National Park,Bird,Podicipediformes,Podicipedidae,Pied-Billed Grebe,Rare
Yosemite National Park,Bird,Strigiformes,Strigidae,Northern Saw-Whet Owl,Rare
Yosemite National Park,Bird,Strigiformes,Strigidae,Short-Eared Owl,Rare
Yosemite National Park,Bird,Strigiformes,Strigidae,Long-Eared Owl,Rare
Yosemite National Park,Bird,Strigiformes,Strigidae,Burrowing Owl,Occasional
Yosemite National Park,Bird,Strigiformes,Strigidae,Great Horned Owl,Common
Yosemite National Park,Bird,Strigiformes,Strigidae,Northern Pygmy Owl,Uncommon
Yosemite National Park,Bird,Strigiformes,Strigidae,Western Screech-Owl,Common
Yosemite National Park,Bird,Strigiformes,Strigidae,Flammulated Owl,Uncommon
Yosemite National Park,Bird,Strigiformes,Strigidae,Great Gray Owl,Rare
Yosemite National Park,Bird,Strigiformes,Strigidae,Spotted Owl,Uncommon
Yosemite National Park,Bird,Strigiformes,Tytonidae,Barn Owl,Occasional
Yosemite National Park,Bird,Suliformes,Phalacrocoracidae,Double-Crested Cormorant,Occasional
Yosemite National Park,Reptile,Squamata,Anguidae,Sierra (Northern) Alligator Lizard,Common
Yosemite National Park,Reptile,Squamata,Anguidae,San Diego (Southern) Alligator Lizard,Common
Yosemite National Park,Reptile,Squamata,Charinidae,Northern Rubber Boa,Uncommon
Yosemite National Park,Reptile,Squamata,Colubridae,Western Yellow-Bellied Racer,Uncommon
Yosemite National Park,Reptile,Squamata,Colubridae,Sharp-Tailed Snake,Uncommon
Yosemite National Park,Reptile,Squamata,Colubridae,"Ringneck Snake, Ring-Necked Snake",Rare
Yosemite National Park,Reptile,Squamata,Colubridae,California Nightsnake,Uncommon
Yosemite National Park,Reptile,Squamata,Colubridae,California Kingsnake,Uncommon
Yosemite National Park,Reptile,Squamata,Colubridae,Sierra Mountain Kingsnake,Uncommon
Yosemite National Park,Reptile,Squamata,Colubridae,California Striped Racer (Whipsnake),Uncommon
Yosemite National Park,Reptile,Squamata,Colubridae,Pacific Gopher Snake,Uncommon
Yosemite National Park,Reptile,Squamata,Colubridae,Sierra (Aquatic) Garter Snake,Common
Yosemite National Park,Reptile,Squamata,Colubridae,Mountain (Terrestrial) Garter Snake,Common
Yosemite National Park,Reptile,Squamata,Colubridae,Valley Garter Snake,Uncommon
Yosemite National Park,Reptile,Squamata,Iguanidae,Coast Horned Lizard,nan
Yosemite National Park,Reptile,Squamata,Iguanidae,Sagebrush Lizard,Common
Yosemite National Park,Reptile,Squamata,Iguanidae,Western Fence Lizard,Common
Yosemite National Park,Reptile,Squamata,Scincidae,Gilbert's Skink,Uncommon
Yosemite National Park,Reptile,Squamata,Scincidae,Western Skink,Uncommon
Yosemite National Park,Reptile,Squamata,Teiidae,California (Western) Whiptail,Uncommon
Yosemite National Park,Reptile,Squamata,Viperidae,Northern Pacific Rattlesnake,Common
Yosemite National Park,Reptile,Testudines,Emydidae,Pacific (Western) Pond Turtle,Uncommon
Yosemite National Park,Amphibian,Anura,Bufonidae,California Toad (Western Toad),Unknown
Yosemite National Park,Amphibian,Anura,Bufonidae,Yosemite Toad,Uncommon
Yosemite National Park,Amphibian,Anura,Hylidae,"Northern Pacific Treefrog, Pacific Chorus Frog, Pacific Treefrog",Common
Yosemite National Park,Amphibian,Anura,Ranidae,Bullfrog,Uncommon
Yosemite National Park,Amphibian,Anura,Ranidae,Foothill Yellow-Legged Frog,nan
Yosemite National Park,Amphibian,Anura,Ranidae,California Red-Legged Frog,nan
Yosemite National Park,Amphibian,Anura,Ranidae,California Red-Legged Frog,nan
Yosemite National Park,Amphibian,Anura,Ranidae,Sierra Nevada Yellow-Legged Frog,Uncommon
Yosemite National Park,Amphibian,Caudata,Plethodontidae,Arboreal Salamander,Uncommon
Yosemite National Park,Amphibian,Caudata,Plethodontidae,Hell Hollow Slender Salamander,Unknown
Yosemite National Park,Amphibian,Caudata,Plethodontidae,Gregarius Slender Salamander,Unknown
Yosemite National Park,Amphibian,Caudata,Plethodontidae,Sierra Nevada Ensatina,Uncommon
Yosemite National Park,Amphibian,Caudata,Plethodontidae,Yellow-Eyed Ensatina,Uncommon
Yosemite National Park,Amphibian,Caudata,Plethodontidae,Mount Lyell Salamander,Rare
Yosemite National Park,Amphibian,Caudata,Salamandridae,Sierra Newt,Common
Yosemite National Park,Fish,Cypriniformes,Catostomidae,Sacramento Sucker,Abundant
Yosemite National Park,Fish,Cypriniformes,Cyprinidae,Hardhead,Uncommon
Yosemite National Park,Fish,Cypriniformes,Cyprinidae,Sacramento Pikeminnow,Unknown
Yosemite National Park,Fish,Perciformes,Centrarchidae,Smallmouth Bass,Unknown
Yosemite National Park,Fish,Salmoniformes,Salmonidae,Lahontan Cutthroat Trout,Rare
Yosemite National Park,Fish,Salmoniformes,Salmonidae,Rainbow Trout,Unknown
Yosemite National Park,Fish,Salmoniformes,Salmonidae,California Golden Trout,Unknown
Yosemite National Park,Fish,Salmoniformes,Salmonidae,Brown Trout,Common
Yosemite National Park,Fish,Salmoniformes,Salmonidae,Brook Trout,Unknown
Yosemite National Park,Fish,Scorpaeniformes,Cottidae,Riffle Sculpin,Uncommon
Yosemite National Park,Vascular Plant,nan,nan,None,nan
Yosemite National Park,Vascular Plant,nan,nan,None,Common
Yosemite National Park,Vascular Plant,nan,nan,None,Common
Yosemite National Park,Vascular Plant,nan,nan,None,Rare
Yosemite National Park,Vascular Plant,nan,nan,Desert Arrow-Grass,Rare
Yosemite National Park,Vascular Plant,Alismatales,Alismataceae,"American Waterplantain, European Water Plantain",Uncommon
Yosemite National Park,Vascular Plant,Alismatales,Alismataceae,"Arumleaf Arrowhead, Arum-Leaf Arrowhead, Nothern Arrowhead, Wapato",Rare
Yosemite National Park,Vascular Plant,Alismatales,Alismataceae,"Broadleaf Arrowhead, Common Arrowhead, Duck-Potato, Wapato",Rare
Yosemite National Park,Vascular Plant,Alismatales,Araceae,"Inflated Duckweed, Swollen Duckweed",Uncommon
Yosemite National Park,Vascular Plant,Alismatales,Araceae,Least Duckweed,Uncommon
Yosemite National Park,Vascular Plant,Alismatales,Juncaginaceae,"Awl-Leaf Lilaea, Flowering Quillwort",Uncommon
Yosemite National Park,Vascular Plant,Alismatales,Juncaginaceae,"Arrow-Grass, Seaside Arrowgrass",Rare
Yosemite National Park,Vascular Plant,Alismatales,Juncaginaceae,None,Rare
Yosemite National Park,Vascular Plant,Alismatales,Potamogetonaceae,None,Rare
Yosemite National Park,Vascular Plant,Alismatales,Potamogetonaceae,None,Rare
Yosemite National Park,Vascular Plant,Alismatales,Potamogetonaceae,"Filiform Pondweed, Fineleaf Pondweed, Threadleaf Pondweed",Uncommon
Yosemite National Park,Vascular Plant,Alismatales,Potamogetonaceae,Leafy Pondweed,Uncommon
Yosemite National Park,Vascular Plant,Alismatales,Potamogetonaceae,"Grassy Pondweed, Variableleaf Pondweed",Uncommon
Yosemite National Park,Vascular Plant,Alismatales,Potamogetonaceae,"Broadleaf Pondweed, Floating Pondweed, Floatingleaf Pondweed",Uncommon
Yosemite National Park,Vascular Plant,Alismatales,Potamogetonaceae,None,Uncommon
Yosemite National Park,Vascular Plant,Alismatales,Potamogetonaceae,Small Pondweed,Rare
Yosemite National Park,Vascular Plant,Alismatales,Potamogetonaceae,"Robbins Pondweed, Robbins' Pondweed",Rare
Yosemite National Park,Vascular Plant,Apiales,Apiaceae,Brewer's Angelica,Common
Yosemite National Park,Vascular Plant,Apiales,Apiaceae,"Poison Angelica, Sierra Angelica",Uncommon
Yosemite National Park,Vascular Plant,Apiales,Apiaceae,"Bur Chervil, Burr Chervil",Uncommon
Yosemite National Park,Vascular Plant,Apiales,Apiaceae,"Douglas' Waterhemlock, Water Hemlock, Western Water Hemlock",Uncommon
Yosemite National Park,Vascular Plant,Apiales,Apiaceae,Gray Springparsley,Uncommon
Yosemite National Park,Vascular Plant,Apiales,Apiaceae,None,Common
Yosemite National Park,Vascular Plant,Apiales,Apiaceae,"American Wild Carrot, Rattlesnake Carrot, Rattlesnake Weed, Southwest Wild Carrot",Uncommon
Yosemite National Park,Vascular Plant,Apiales,Apiaceae,Sweet Fennel,Rare
Yosemite National Park,Vascular Plant,Apiales,Apiaceae,"Common Cowparsnip, Cow Parsnip",Common
Yosemite National Park,Vascular Plant,Apiales,Apiaceae,"Gray's Licoriceroot, Gray's Licorice-Root",Common
Yosemite National Park,Vascular Plant,Apiales,Apiaceae,"Congdon's Lomatium, Mariposa Desertparsley",nan
Yosemite National Park,Vascular Plant,Apiales,Apiaceae,Fernleaf Biscuitroot,Rare
Yosemite National Park,Vascular Plant,Apiales,Apiaceae,"Bigseed Biscuitroot, Bigseed Lomatium, Largefruit Biscuitroot, Large-Fruit Desert-Parsley, Long Mamma",nan
Yosemite National Park,Vascular Plant,Apiales,Apiaceae,Parish's Biscuitroot,nan
Yosemite National Park,Vascular Plant,Apiales,Apiaceae,Sierra Biscuitroot,Common
Yosemite National Park,Vascular Plant,Apiales,Apiaceae,Common Lomatium,Uncommon
Yosemite National Park,Vascular Plant,Apiales,Apiaceae,"California Sweetcicely, California Sweet-Cicely",Common
Yosemite National Park,Vascular Plant,Apiales,Apiaceae,None,Common
Yosemite National Park,Vascular Plant,Apiales,Apiaceae,"Sweetanise, Western Sweetroot",Common
Yosemite National Park,Vascular Plant,Apiales,Apiaceae,Western Cowbane,Uncommon
Yosemite National Park,Vascular Plant,Apiales,Apiaceae,Bolander's Yampah,nan
Yosemite National Park,Vascular Plant,Apiales,Apiaceae,Bolander's Yampah,Common
Yosemite National Park,Vascular Plant,Apiales,Apiaceae,Howell's Yampah,Uncommon
Yosemite National Park,Vascular Plant,Apiales,Apiaceae,Kellogg's Yampah,nan
Yosemite National Park,Vascular Plant,Apiales,Apiaceae,Lemmon's Yampah,Uncommon
Yosemite National Park,Vascular Plant,Apiales,Apiaceae,Parish's Yampah,Common
Yosemite National Park,Vascular Plant,Apiales,Apiaceae,Nevada Podistera,Rare
Yosemite National Park,Vascular Plant,Apiales,Apiaceae,Purple Sanicle,Uncommon
Yosemite National Park,Vascular Plant,Apiales,Apiaceae,"Northern Sanicle, Sierra Sanicle",Uncommon
Yosemite National Park,Vascular Plant,Apiales,Apiaceae,Turkey Pea,Uncommon
Yosemite National Park,Vascular Plant,Apiales,Apiaceae,"Button Parsley, Woollyhead Parsnip",Common
Yosemite National Park,Vascular Plant,Apiales,Apiaceae,Hartweg's Umbrellawort,nan
Yosemite National Park,Vascular Plant,Apiales,Apiaceae,"Knotted Hedgeparsley, Knotted Hedge-Parsley",Uncommon
Yosemite National Park,Vascular Plant,Apiales,Apiaceae,"False Carrot, False Hedge-Parsley, Falsecarrot",Uncommon
Yosemite National Park,Vascular Plant,Apiales,Araliaceae,California Spikenard,Rare
Yosemite National Park,Vascular Plant,Asparagales,Amaryllidaceae,Narrowleaf Onion,Uncommon
Yosemite National Park,Vascular Plant,Asparagales,Amaryllidaceae,Twincrest Onion,nan
Yosemite National Park,Vascular Plant,Asparagales,Amaryllidaceae,"Dusky Onion, Sierra Onion",Common
Yosemite National Park,Vascular Plant,Asparagales,Amaryllidaceae,Glassy Onion,Rare
Yosemite National Park,Vascular Plant,Asparagales,Amaryllidaceae,"Red Sierra Onion, Red Sierran Onion",nan
Yosemite National Park,Vascular Plant,Asparagales,Amaryllidaceae,Red Sierra Onion,Uncommon
Yosemite National Park,Vascular Plant,Asparagales,Amaryllidaceae,"Red Sierra Onion, Red Sierran Onion",Uncommon
Yosemite National Park,Vascular Plant,Asparagales,Amaryllidaceae,Threebract Onion,Rare
Yosemite National Park,Vascular Plant,Asparagales,Amaryllidaceae,"Pacific Onion, Swamp Onion",Common
Yosemite National Park,Vascular Plant,Asparagales,Amaryllidaceae,Yosemite Onion,Rare
Yosemite National Park,Vascular Plant,Asparagales,Asparagaceae,Harvest Brodiaea,Common
Yosemite National Park,Vascular Plant,Asparagales,Asparagaceae,Small Camas,nan
Yosemite National Park,Vascular Plant,Asparagales,Asparagaceae,Small Camas,Common
Yosemite National Park,Vascular Plant,Asparagales,Asparagaceae,Wavyleaf Soap Plant,Common
Yosemite National Park,Vascular Plant,Asparagales,Asparagaceae,"Bluedick, Bluedicks",Uncommon
Yosemite National Park,Vascular Plant,Asparagales,Asparagaceae,Roundtooth Snakelily,Uncommon
Yosemite National Park,Vascular Plant,Asparagales,Asparagaceae,Twining Snakelily,Uncommon
Yosemite National Park,Vascular Plant,Asparagales,Asparagaceae,None,Uncommon
Yosemite National Park,Vascular Plant,Asparagales,Asparagaceae,None,Uncommon
Yosemite National Park,Vascular Plant,Asparagales,Asparagaceae,Dudley's Triteleia,nan
Yosemite National Park,Vascular Plant,Asparagales,Asparagaceae,"White Brodiaea, Wild Hyacinth",Uncommon
Yosemite National Park,Vascular Plant,Asparagales,Asparagaceae,Prettyface,Common
Yosemite National Park,Vascular Plant,Asparagales,Asparagaceae,Prettyface,Common
Yosemite National Park,Vascular Plant,Asparagales,Asparagaceae,Ithuriel's Spear,nan
Yosemite National Park,Vascular Plant,Asparagales,Asparagaceae,Coast Range Triteleia,nan
Yosemite National Park,Vascular Plant,Asparagales,Asparagaceae,Sierra Triteleia,Common
Yosemite National Park,Vascular Plant,Asparagales,Iridaceae,"Hartweg's Iris, Rainbow Iris",Uncommon
Yosemite National Park,Vascular Plant,Asparagales,Iridaceae,"Rocky Mountain Iris, Western Blue Flag, Wild Iris, Wildiris",Uncommon
Yosemite National Park,Vascular Plant,Asparagales,Iridaceae,Western Blue-Eyed Grass,Uncommon
Yosemite National Park,Vascular Plant,Asparagales,Iridaceae,"Elmer's Blueeyed Grass, Elmer's Blue-Eyed Grass, Elmer's Blue-Eyed-Grass",Rare
Yosemite National Park,Vascular Plant,Asparagales,Iridaceae,Idaho Blue-Eyed Grass,nan
Yosemite National Park,Vascular Plant,Asparagales,Iridaceae,Idaho Blue-Eyed Grass,Common
Yosemite National Park,Vascular Plant,Asparagales,Orchidaceae,Phantom Orchid,Uncommon
Yosemite National Park,Vascular Plant,Asparagales,Orchidaceae,"Spotted Coralroot, Summer Coralroot",Common
Yosemite National Park,Vascular Plant,Asparagales,Orchidaceae,"Hooded Coralroot, Striped Coralroot",Uncommon
Yosemite National Park,Vascular Plant,Asparagales,Orchidaceae,"Mountain Lady's Slipper, Mountain Ladyslipper",Rare
Yosemite National Park,Vascular Plant,Asparagales,Orchidaceae,"Giant Helleborine, Stream Orchid",Rare
Yosemite National Park,Vascular Plant,Asparagales,Orchidaceae,Broadleaf Helleborine,Rare
Yosemite National Park,Vascular Plant,Asparagales,Orchidaceae,"Rattlesnake Plantain, Western Rattlesnake Plantain",Uncommon
Yosemite National Park,Vascular Plant,Asparagales,Orchidaceae,"Broadleaf Twayblade, Broad-Lip Twayblade, Broadlipped Listera, Broadlipped Twayblade",Uncommon
Yosemite National Park,Vascular Plant,Asparagales,Orchidaceae,Coleman's Piperia,Rare
Yosemite National Park,Vascular Plant,Asparagales,Orchidaceae,Royal Rein Orchid,Uncommon
Yosemite National Park,Vascular Plant,Asparagales,Orchidaceae,"Alaska Bog Orchid, Alaska Rein Orchid, Alaskan Rein-Orchid, Slender-Spire Orchid",Uncommon
Yosemite National Park,Vascular Plant,Asparagales,Orchidaceae,"Bog Orchid, Sierra Bog Orchid",Uncommon
Yosemite National Park,Vascular Plant,Asparagales,Orchidaceae,"Canyon Bog Orchid, Sparse-Flowered Bog Orchid",Uncommon
Yosemite National Park,Vascular Plant,Asparagales,Orchidaceae,None,Rare
Yosemite National Park,Vascular Plant,Asparagales,Orchidaceae,"Creamy Ladies'-Tresses, Creamy Lady's Tresses, Western Lady's Tresses",Rare
Yosemite National Park,Vascular Plant,Asparagales,Orchidaceae,"Hooded Ladiestresses, Hooded Ladies'-Tresses, Hooded Lady's Tresses",Common
Yosemite National Park,Vascular Plant,Asparagales,Orchidaceae,None,Rare
Yosemite National Park,Vascular Plant,Asterales,Asteraceae,"Bloodwort, Carpenter's Weed, Common Yarrow, Hierba De Las Cortaduras, Milenrama, Milfoil, Plumajillo, Western Yarrow, Yarrow",Common
Yosemite National Park,Vascular Plant,Asterales,Asteraceae,American Trailplant,Common
Yosemite National Park,Vascular Plant,Asterales,Asteraceae,"Western Eupatorium, Western Joepyeweed, Western Snakeroot",Uncommon
Yosemite National Park,Vascular Plant,Asterales,Asteraceae,"Orange Agoseris, Orange-Flowered False-Dandelion",Uncommon
Yosemite National Park,Vascular Plant,Asterales,Asteraceae,Tall Agoseris,Uncommon
Yosemite National Park,Vascular Plant,Asterales,Asteraceae,"Arizona Mountain Dandelion, False Agoseris",Uncommon
Yosemite National Park,Vascular Plant,Asterales,Asteraceae,Pale Agoseris,Uncommon
Yosemite National Park,Vascular Plant,Asterales,Asteraceae,"Bigflower Agoseris, Shortbeak Agoseris",Uncommon
Yosemite National Park,Vascular Plant,Asterales,Asteraceae,"Annual Agoseris, Annual Goatsbeard, Mountain Dandelion",Common
Yosemite National Park,Vascular Plant,Asterales,Asteraceae,Spearleaf Agoseris,Uncommon
Yosemite National Park,Vascular Plant,Asterales,Asteraceae,"Common Pearlyeverlasting, Pearly Everlasting, Pearly-Everlasting, Western Pearly Everlasting, Western Pearlyeverlasting",Common
Yosemite National Park,Vascular Plant,Asterales,Asteraceae,"Silver Pussytoes, Silvery Pussytoes",Uncommon
Yosemite National Park,Vascular Plant,Asterales,Asteraceae,"Flattop Pussytoes, Flat-Top Pussytoes, Meadow Everlasting",Uncommon
Yosemite National Park,Vascular Plant,Asterales,Asteraceae,Rocky Mountain Pussytoes,Uncommon
Yosemite National Park,Vascular Plant,Asterales,Asteraceae,"Rosy Pussytoes, Rosy Pussy-Toes",nan
Yosemite National Park,Vascular Plant,Asterales,Asteraceae,Rosy Pussytoes,Unknown
Yosemite National Park,Vascular Plant,Asterales,Asteraceae,"Brown Everlasting, Umber Pussytoes",Uncommon
Yosemite National Park,Vascular Plant,Asterales,Asteraceae,"Chamomile, Dog Fennel, Dogfennel, Mayweed, Mayweed Chamomile, Mayweed Dogfennel, Stinking Chamomile, Stinkweed",Uncommon
Yosemite National Park,Vascular Plant,Asterales,Asteraceae,"Clasping Arnica, Streambank Arnica",Uncommon
Yosemite National Park,Vascular Plant,Asterales,Asteraceae,Chamisso Arnica,Uncommon
Yosemite National Park,Vascular Plant,Asterales,Asteraceae,"Heartleaf Arnica, Heart-Leaf Leopardbane",Uncommon
Yosemite National Park,Vascular Plant,Asterales,Asteraceae,Rayless Arnica,Uncommon
Yosemite National Park,Vascular Plant,Asterales,Asteraceae,None,Uncommon
Yosemite National Park,Vascular Plant,Asterales,Asteraceae,Broadleaf Arnica,Uncommon
Yosemite National Park,Vascular Plant,Asterales,Asteraceae,"Longleaf Arnica, Spearleaf Arnica",Uncommon
Yosemite National Park,Vascular Plant,Asterales,Asteraceae,"Hairy Arnica, Wooly Arnica",Uncommon
Yosemite National Park,Vascular Plant,Asterales,Asteraceae,Nevada Arnica,Common
Yosemite National Park,Vascular Plant,Asterales,Asteraceae,Sonne's Arnica,Uncommon
Yosemite National Park,Vascular Plant,Asterales,Asteraceae,"Gray Low Sagebrush, Little Sagebrush",Uncommon
Yosemite National Park,Vascular Plant,Asterales,Asteraceae,"Bolander's Silver Sagebrush, Silver Sagebrush",Uncommon
Yosemite National Park,Vascular Plant,Asterales,Asteraceae,"Douglas' Mugwort, Douglas' Sagewort",Common
Yosemite National Park,Vascular Plant,Asterales,Asteraceae,"False Tarragon, Green Sagewort, Silky Wormwood, Tarragon, Wormwood",Common
Yosemite National Park,Vascular Plant,Asterales,Asteraceae,"Columbia River Wormwood, Mountain Sagewort, White Sagebrush",Common
Yosemite National Park,Vascular Plant,Asterales,Asteraceae,Boreal Sagebrush,Uncommon
Yosemite National Park,Vascular Plant,Asterales,Asteraceae,Timberline Sagebrush,Common
Yosemite National Park,Vascular Plant,Asterales,Asteraceae,Big Sagebrush,Uncommon
Yosemite National Park,Vascular Plant,Asterales,Asteraceae,"Basin Big Sagebrush, Big Sagebrush",Unknown
Yosemite National Park,Vascular Plant,Asterales,Asteraceae,"Big Sagebrush, Mountain Big Sagebrush",Uncommon
Yosemite National Park,Vascular Plant,Asterales,Asteraceae,None,Common
Yosemite National Park,Vascular Plant,Asterales,Asteraceae,Chile Aster,Uncommon
Yosemite National Park,Vascular Plant,Asterales,Asteraceae,None,Common
Yosemite National Park,Vascular Plant,Asterales,Asteraceae,Eaton's Aster,nan
Yosemite National Park,Vascular Plant,Asterales,Asteraceae,None,Uncommon
Yosemite National Park,Vascular Plant,Asterales,Asteraceae,Parry's Aster,Uncommon
Yosemite National Park,Vascular Plant,Asterales,Asteraceae,Thickstem Aster,Common
Yosemite National Park,Vascular Plant,Asterales,Asteraceae,Western Aster,Common
Yosemite National Park,Vascular Plant,Asterales,Asteraceae,Yosemite Aster,Common
Yosemite National Park,Vascular Plant,Asterales,Asteraceae,None,Uncommon
Yosemite National Park,Vascular Plant,Asterales,Asteraceae,Coyotebrush,Uncommon
Yosemite National Park,Vascular Plant,Asterales,Asteraceae,Deltoid Balsamroot,Uncommon
Yosemite National Park,Vascular Plant,Asterales,Asteraceae,None,nan
Yosemite National Park,Vascular Plant,Asterales,Asteraceae,"California Balsamroot, Silvery Balsamroot",Rare
Yosemite National Park,Vascular Plant,Asterales,Asteraceae,Arrowleaf Balsamroot,Uncommon
Yosemite National Park,Vascular Plant,Asterales,Asteraceae,None,Uncommon
Yosemite National Park,Vascular Plant,Asterales,Asteraceae,"Threelobe Beggarticks, Three-Lobe Beggarticks",Unknown
Yosemite National Park,Vascular Plant,Asterales,Asteraceae,"California Brickellbush, Jepson's Brickellbush",Common
Yosemite National Park,Vascular Plant,Asterales,Asteraceae,"Mountain Brickellbush, Tasselflower Brickellbush, Tasselflower Brickellia",Uncommon
Yosemite National Park,Vascular Plant,Asterales,Asteraceae,Soft Western Rosinweed,Uncommon
Yosemite National Park,Vascular Plant,Asterales,Asteraceae,None,Uncommon
Yosemite National Park,Vascular Plant,Asterales,Asteraceae,Butte County Western Rosinweed,nan
Yosemite National Park,Vascular Plant,Asterales,Asteraceae,"Compact-Headed Thistle, Italian Plumeless Thistle, Italian Thistle",nan
Yosemite National Park,Vascular Plant,Asterales,Asteraceae,"Bachelor's Button, Cornflower, Garden Cornflower",Uncommon
Yosemite National Park,Vascular Plant,Asterales,Asteraceae,"Malta Starthistle, Maltese Star Thistle, Maltese Star-Thistle, Napa Thistle, Spotted Knapweed, Tocalote",Uncommon
Yosemite National Park,Vascular Plant,Asterales,Asteraceae,"Yellow Star Thistle, Yellow Starthistle, Yellow Star-Thistle",Uncommon
Yosemite National Park,Vascular Plant,Asterales,Asteraceae,"Sierra Pincushion, Southern Sierra Pincushion",Uncommon
Yosemite National Park,Vascular Plant,Asterales,Asteraceae,"Douglas' Dustymaiden, Dusty-Maiden",Uncommon
Yosemite National Park,Vascular Plant,Asterales,Asteraceae,Yellow Pincushion,nan
Yosemite National Park,Vascular Plant,Asterales,Asteraceae,Yellow Pincushion,Unknown
Yosemite National Park,Vascular Plant,Asterales,Asteraceae,Yellow Pincushion,Uncommon
Yosemite National Park,Vascular Plant,Asterales,Asteraceae,None,Uncommon
Yosemite National Park,Vascular Plant,Asterales,Asteraceae,None,Uncommon
Yosemite National Park,Vascular Plant,Asterales,Asteraceae,None,Uncommon
Yosemite National Park,Vascular Plant,Asterales,Asteraceae,None,Common
Yosemite National Park,Vascular Plant,Asterales,Asteraceae,"Anderson's Thistle, Rose Thistle",Common
Yosemite National Park,Vascular Plant,Asterales,Asteraceae,Douglas' Thistle,nan
Yosemite National Park,Vascular Plant,Asterales,Asteraceae,Cobwebby Thistle,Common
Yosemite National Park,Vascular Plant,Asterales,Asteraceae,Meadow Thistle,Common
Yosemite National Park,Vascular Plant,Asterales,Asteraceae,"Bull Thistle, Common Thistle, Spear Thistle",Common
Yosemite National Park,Vascular Plant,Asterales,Asteraceae,"Blessed Thistle, Blessed-Thistle",Uncommon
Yosemite National Park,Vascular Plant,Asterales,Asteraceae,"Canada Horseweed, Canadian Horseweed, Horseweed, Horseweed Fleabane, Mares Tail, Marestail",Common
Yosemite National Park,Vascular Plant,Asterales,Asteraceae,Garden Coreopsis,nan
Yosemite National Park,Vascular Plant,Asterales,Asteraceae,"Longleaf Hawksbeard, Long-Leaf Hawksbeard, Tapertip Hawksbeard",Uncommon
Yosemite National Park,Vascular Plant,Asterales,Asteraceae,"Smooth Hawksbeard, Smooth Hawk's-Beard",Uncommon
Yosemite National Park,Vascular Plant,Asterales,Asteraceae,"Gray Hawksbeard, Limestone Hawksbeard",Uncommon
Yosemite National Park,Vascular Plant,Asterales,Asteraceae,"Dwarf Alpine Hawksbeard, Small Hawksbeard, Tiny Hawksbeard",Uncommon
Yosemite National Park,Vascular Plant,Asterales,Asteraceae,"Largeflower Hawksbeard, Large-Flower Hawk's-Beard, Western Hawksbeard",Uncommon
Yosemite National Park,Vascular Plant,Asterales,Asteraceae,None,Uncommon
Yosemite National Park,Vascular Plant,Asterales,Asteraceae,Goldenfleece,Uncommon
Yosemite National Park,Vascular Plant,Asterales,Asteraceae,"Bloomer's Goldenbush, Rabbitbush",Common
Yosemite National Park,Vascular Plant,Asterales,Asteraceae,Cliff Goldenbush,Uncommon
Yosemite National Park,Vascular Plant,Asterales,Asteraceae,Whitestem Goldenbush,Uncommon
Yosemite National Park,Vascular Plant,Asterales,Asteraceae,"Bighead Goldenbush, Singlehead Goldenbush, Single-Head Heath-Goldenrod",Uncommon
Yosemite National Park,Vascular Plant,Asterales,Asteraceae,"Sierra Daisy, Stalked Fleabane",Uncommon
Yosemite National Park,Vascular Plant,Asterales,Asteraceae,"Annual Fleabane, Eastern Daisy Fleabane",Uncommon
Yosemite National Park,Vascular Plant,Asterales,Asteraceae,Shining Fleabane,Rare
Yosemite National Park,Vascular Plant,Asterales,Asteraceae,"Brewer's Daisy, Brewer's Fleabane",Common
Yosemite National Park,Vascular Plant,Asterales,Asteraceae,"Clokey's Daisy, Clokey's Fleabane",Rare
Yosemite National Park,Vascular Plant,Asterales,Asteraceae,"Cushion Daisy, Fernleaf Fleabane, Fern-Leaf Fleabane",nan
Yosemite National Park,Vascular Plant,Asterales,Asteraceae,"Cutleaf Daisy, Dwarf Mountain Fleabane, Fernleaf Fleabane",Common
Yosemite National Park,Vascular Plant,Asterales,Asteraceae,"Coulter's Fleabane, Large Mountain Fleabane, Whiteray Daisy",Common
Yosemite National Park,Vascular Plant,Asterales,Asteraceae,"Spreading Daisy, Spreading Fleabane",Uncommon
Yosemite National Park,Vascular Plant,Asterales,Asteraceae,Eaton's Fleabane,Rare
Yosemite National Park,Vascular Plant,Asterales,Asteraceae,Elmer's Erigeron,Uncommon
Yosemite National Park,Vascular Plant,Asterales,Asteraceae,Hartweg's Fleabane,Uncommon
Yosemite National Park,Vascular Plant,Asterales,Asteraceae,"California Rayless Daisy, California Rayless Fleabane",Rare
Yosemite National Park,Vascular Plant,Asterales,Asteraceae,"Desert Yellow Fleabane, Linearleaf Daisy",Rare
Yosemite National Park,Vascular Plant,Asterales,Asteraceae,"Subalpine Fleabane, Wandering Daisy, Wandering Fleabane",nan
Yosemite National Park,Vascular Plant,Asterales,Asteraceae,Subalpine Fleabane,Common
Yosemite National Park,Vascular Plant,Asterales,Asteraceae,Subalpine Fleabane,Common
Yosemite National Park,Vascular Plant,Asterales,Asteraceae,"Dwarf Daisy, Pygmy Fleabane",Uncommon
Yosemite National Park,Vascular Plant,Asterales,Asteraceae,"Daisy Fleabane, Prairie Fleabane, Rough Fleabane",Uncommon
Yosemite National Park,Vascular Plant,Asterales,Asteraceae,"Slender Daisy, Slender Fleabane",Rare
Yosemite National Park,Vascular Plant,Asterales,Asteraceae,"Loose Daisy, Rambling Fleabane",Rare
Yosemite National Park,Vascular Plant,Asterales,Asteraceae,Golden-Yarrow,Common
Yosemite National Park,Vascular Plant,Asterales,Asteraceae,Congdon's Woolly Sunflower,Rare
Yosemite National Park,Vascular Plant,Asterales,Asteraceae,"Common Woolly Sunflower, Woody Eriophyllum, Woolly Eriophyllum, Wooly Daisy",nan
Yosemite National Park,Vascular Plant,Asterales,Asteraceae,Common Woolly Sunflower,Uncommon
Yosemite National Park,Vascular Plant,Asterales,Asteraceae,Common Woolly Sunflower,Uncommon
Yosemite National Park,Vascular Plant,Asterales,Asteraceae,"Common Woolly Sunflower, Wholeleaf Eriophyllum",Common
Yosemite National Park,Vascular Plant,Asterales,Asteraceae,Yosemite Woolly Sunflower,Rare
Yosemite National Park,Vascular Plant,Asterales,Asteraceae,"Western Goldenrod, Western Goldentop",Uncommon
Yosemite National Park,Vascular Plant,Asterales,Asteraceae,Narrowleaf Cottonrose,Common
Yosemite National Park,Vascular Plant,Asterales,Asteraceae,"Firewheel, Indian Blanket, Indianblanket, Rosering Gaillardia",Uncommon
Yosemite National Park,Vascular Plant,Asterales,Asteraceae,None,Uncommon
Yosemite National Park,Vascular Plant,Asterales,Asteraceae,None,Rare
Yosemite National Park,Vascular Plant,Asterales,Asteraceae,None,nan
Yosemite National Park,Vascular Plant,Asterales,Asteraceae,None,Uncommon
Yosemite National Park,Vascular Plant,Asterales,Asteraceae,None,Rare
Yosemite National Park,Vascular Plant,Asterales,Asteraceae,"Cudweed, Lowland Cudweed, Marsh Everlasting, Western Marsh Cudweed",Uncommon
Yosemite National Park,Vascular Plant,Asterales,Asteraceae,None,Uncommon
Yosemite National Park,Vascular Plant,Asterales,Asteraceae,Great Valley Gumweed,Common
Yosemite National Park,Vascular Plant,Asterales,Asteraceae,Idaho Gumweed,Common
Yosemite National Park,Vascular Plant,Asterales,Asteraceae,Whitney's Bristleweed,Uncommon
Yosemite National Park,Vascular Plant,Asterales,Asteraceae,Bigelow's Sneezeweed,Common
Yosemite National Park,Vascular Plant,Asterales,Asteraceae,Nevada Helianthella,Uncommon
Yosemite National Park,Vascular Plant,Asterales,Asteraceae,"Annual Sunflower, Common Sunflower, Sunflower, Wild Sunflower",Uncommon
Yosemite National Park,Vascular Plant,Asterales,Asteraceae,Serpentine Sunflower,Uncommon
Yosemite National Park,Vascular Plant,Asterales,Asteraceae,California Sunflower,Rare
Yosemite National Park,Vascular Plant,Asterales,Asteraceae,Kellogg's Tarweed,nan
Yosemite National Park,Vascular Plant,Asterales,Asteraceae,"Telegraph Weed, Telegraphweed",Uncommon
Yosemite National Park,Vascular Plant,Asterales,Asteraceae,Sessileflower False Goldenaster,Rare
Yosemite National Park,Vascular Plant,Asterales,Asteraceae,Bristly Hairy Goldaster,Rare
Yosemite National Park,Vascular Plant,Asterales,Asteraceae,"Hairy False Goldenaster, Hairy False Golden-Aster",nan
Yosemite National Park,Vascular Plant,Asterales,Asteraceae,"White Hawkweed, Whiteflower Hawkweed",Common
Yosemite National Park,Vascular Plant,Asterales,Asteraceae,Southern Hawkweed,nan
Yosemite National Park,Vascular Plant,Asterales,Asteraceae,Slender Hawkweed,Common
Yosemite National Park,Vascular Plant,Asterales,Asteraceae,"Prickly Hawkweed, Shaggy Hawkweed",Common
Yosemite National Park,Vascular Plant,Asterales,Asteraceae,"Houndstongue Hawkweed, Scouler's Woollyweed, Woolyweed",Rare
Yosemite National Park,Vascular Plant,Asterales,Asteraceae,Yellowflower Tarweed,Rare
Yosemite National Park,Vascular Plant,Asterales,Asteraceae,"Alpine Hulsea, Pacific Hulsea",Common
Yosemite National Park,Vascular Plant,Asterales,Asteraceae,Shortleaf Alpinegold,Rare
Yosemite National Park,Vascular Plant,Asterales,Asteraceae,"Redray Alpinegold, Redray Hulsea",Rare
Yosemite National Park,Vascular Plant,Asterales,Asteraceae,Dwarf Alpinegold,nan
Yosemite National Park,Vascular Plant,Asterales,Asteraceae,"Smooth Cat's Ear, Smooth Catsear",Uncommon
Yosemite National Park,Vascular Plant,Asterales,Asteraceae,"Common Cat's-Ear, False Dandelion, Frogbit, Gosmore, Hairy Cat's Ear, Hairy Catsear, Spotted Catsear",Uncommon
Yosemite National Park,Vascular Plant,Asterales,Asteraceae,"China Lettuce, Prickly Lettuce, Wild Lettuce",Uncommon
Yosemite National Park,Vascular Plant,Asterales,Asteraceae,None,Uncommon
Yosemite National Park,Vascular Plant,Asterales,Asteraceae,"California Goldfields, Goldfields",Common
Yosemite National Park,Vascular Plant,Asterales,Asteraceae,Alkali Goldfields,nan
Yosemite National Park,Vascular Plant,Asterales,Asteraceae,Sierra Tidytips,Uncommon
Yosemite National Park,Vascular Plant,Asterales,Asteraceae,None,Common
Yosemite National Park,Vascular Plant,Asterales,Asteraceae,Sierra Lessingia,Common
Yosemite National Park,Vascular Plant,Asterales,Asteraceae,"Oxeye Daisy, Ox-Eye Daisy, Oxeyedaisy, Oxeye-Daisy",Uncommon
Yosemite National Park,Vascular Plant,Asterales,Asteraceae,Hoary Tansyaster,Uncommon
Yosemite National Park,Vascular Plant,Asterales,Asteraceae,Bolander's Madia,Uncommon
Yosemite National Park,Vascular Plant,Asterales,Asteraceae,Common Madia,Common
Yosemite National Park,Vascular Plant,Asterales,Asteraceae,Spring Madia,Common
Yosemite National Park,Vascular Plant,Asterales,Asteraceae,Small Tarweed,Common
Yosemite National Park,Vascular Plant,Asterales,Asteraceae,"Cluster Tarweed, Mountain Tarplant, Mountain Tarweed",Uncommon
Yosemite National Park,Vascular Plant,Asterales,Asteraceae,"Grassy Tarweed, Slender Tarweed",Common
Yosemite National Park,Vascular Plant,Asterales,Asteraceae,"Least Tarweed, Oppositeleaved Tarweed",Common
Yosemite National Park,Vascular Plant,Asterales,Asteraceae,Yosemite Tarweed,Uncommon
Yosemite National Park,Vascular Plant,Asterales,Asteraceae,"Woolly Desertdandelion, Wooly Desert Dandelion",Uncommon
Yosemite National Park,Vascular Plant,Asterales,Asteraceae,Q-Tips,Uncommon
Yosemite National Park,Vascular Plant,Asterales,Asteraceae,"Nodding Microseris, Nodding Silverpuffs",Uncommon
Yosemite National Park,Vascular Plant,Asterales,Asteraceae,Cupped Monolopia,nan
Yosemite National Park,Vascular Plant,Asterales,Asteraceae,Bolander's Mock Dandelion,Rare
Yosemite National Park,Vascular Plant,Asterales,Asteraceae,Foothill Sunburst,nan
Yosemite National Park,Vascular Plant,Asterales,Asteraceae,Short Woollyheads,Rare
Yosemite National Park,Vascular Plant,Asterales,Asteraceae,Oregon Woollyheads,nan
Yosemite National Park,Vascular Plant,Asterales,Asteraceae,Slender Woollyheads,Uncommon
Yosemite National Park,Vascular Plant,Asterales,Asteraceae,Alpineflames,Common
Yosemite National Park,Vascular Plant,Asterales,Asteraceae,"Silky Raillardella, Silvermat",Uncommon
Yosemite National Park,Vascular Plant,Asterales,Asteraceae,"Greenleaf Silvermat, Stem Raillardella",Uncommon
Yosemite National Park,Vascular Plant,Asterales,Asteraceae,Wireweed,Uncommon
Yosemite National Park,Vascular Plant,Asterales,Asteraceae,California Coneflower,Uncommon
Yosemite National Park,Vascular Plant,Asterales,Asteraceae,"Blackeyed Susan, Pinewoods Coneflower",Uncommon
Yosemite National Park,Vascular Plant,Asterales,Asteraceae,Rayless Ragwort,Uncommon
Yosemite National Park,Vascular Plant,Asterales,Asteraceae,Woolly Groundsel,Uncommon
Yosemite National Park,Vascular Plant,Asterales,Asteraceae,Clark's Ragwort,Rare
Yosemite National Park,Vascular Plant,Asterales,Asteraceae,None,Uncommon
Yosemite National Park,Vascular Plant,Asterales,Asteraceae,"Douglas' Groundsel, Douglas' Ragwort, Douglas' Senecio",Uncommon
Yosemite National Park,Vascular Plant,Asterales,Asteraceae,Dwarf Mountain Ragwort,nan
Yosemite National Park,Vascular Plant,Asterales,Asteraceae,"Dwarf Mountain Ragwort, Western Groundsel",Uncommon
Yosemite National Park,Vascular Plant,Asterales,Asteraceae,"Columbia Groundsel, Columbia Ragwort",Common
Yosemite National Park,Vascular Plant,Asterales,Asteraceae,"Lambstongue Groundsel, Lambstongue Ragwort",Common
Yosemite National Park,Vascular Plant,Asterales,Asteraceae,Alpine Groundsel,Uncommon
Yosemite National Park,Vascular Plant,Asterales,Asteraceae,Falsegold Groundsel,Rare
Yosemite National Park,Vascular Plant,Asterales,Asteraceae,"Sierra Groundsel, Sierra Ragwort",Common
Yosemite National Park,Vascular Plant,Asterales,Asteraceae,"Tall Groundsel, Tall Ragwort",Rare
Yosemite National Park,Vascular Plant,Asterales,Asteraceae,Cleftleaf Groundsel,Uncommon
Yosemite National Park,Vascular Plant,Asterales,Asteraceae,"Arrowleaf Groundsel, Arrowleaf Ragwort",Common
Yosemite National Park,Vascular Plant,Asterales,Asteraceae,"Common Groundsel, Old-Man-In-The-Spring",Uncommon
Yosemite National Park,Vascular Plant,Asterales,Asteraceae,Hoary Groundsel,Common
Yosemite National Park,Vascular Plant,Asterales,Asteraceae,California Goldenrod,Uncommon
Yosemite National Park,Vascular Plant,Asterales,Asteraceae,None,Common
Yosemite National Park,Vascular Plant,Asterales,Asteraceae,"Arctic Goldenrod, Manyray Goldenrod, Mountain Goldenrod, Rocky Mountain Goldenrod",Common
Yosemite National Park,Vascular Plant,Asterales,Asteraceae,"Field Burrweed, Field Soliva",Uncommon
Yosemite National Park,Vascular Plant,Asterales,Asteraceae,Spiny Sowthistle,Uncommon
Yosemite National Park,Vascular Plant,Asterales,Asteraceae,"Annual Sowthistle, Common Sowthistle, Common Sow-Thistle, Pualele, Sow Thistle, Sow-Thistle",Uncommon
Yosemite National Park,Vascular Plant,Asterales,Asteraceae,"Gray Chickensage, Gray Tansey",Rare
Yosemite National Park,Vascular Plant,Asterales,Asteraceae,"Stemless Goldenweed, Stemless Mock Goldenweed",Rare
Yosemite National Park,Vascular Plant,Asterales,Asteraceae,"Creeping Wirelettuce, Lettuce Wirelettuce",Uncommon
Yosemite National Park,Vascular Plant,Asterales,Asteraceae,"Lesser Wirelettuce, Narrowleaf Wirelettuce, Uinta Wirelettuce, Wright's Wirelettuce",Uncommon
Yosemite National Park,Vascular Plant,Asterales,Asteraceae,Wand Wirelettuce,Uncommon
Yosemite National Park,Vascular Plant,Asterales,Asteraceae,Feverfew,Unknown
Yosemite National Park,Vascular Plant,Asterales,Asteraceae,"Blowball, Common Dandelion, Dandelion, Faceclock",Common
Yosemite National Park,Vascular Plant,Asterales,Asteraceae,"Common Salsify, Goat's Beard, Goatsbeard, Meadow Goat's-Beard, Salsifis Majeur, Salsify, Western Goat's Beard, Western Salsify, Wild Oysterplant, Yellow Goat's Beard, Yellow Salsify",Uncommon
Yosemite National Park,Vascular Plant,Asterales,Asteraceae,None,Uncommon
Yosemite National Park,Vascular Plant,Asterales,Asteraceae,Lindley's Silverpuffs,Uncommon
Yosemite National Park,Vascular Plant,Asterales,Asteraceae,Mock Leopardbane,Rare
Yosemite National Park,Vascular Plant,Asterales,Asteraceae,California Compassplant,Uncommon
Yosemite National Park,Vascular Plant,Asterales,Asteraceae,Hall's Mule-Ears,Rare
Yosemite National Park,Vascular Plant,Asterales,Asteraceae,"Woolly Mule-Ears, Wooly Wyethia",Uncommon
Yosemite National Park,Vascular Plant,Asterales,Campanulaceae,None,Uncommon
Yosemite National Park,Vascular Plant,Asterales,Campanulaceae,Sierra Calicoflower,Uncommon
Yosemite National Park,Vascular Plant,Asterales,Campanulaceae,Common Bluecup,Uncommon
Yosemite National Park,Vascular Plant,Asterales,Campanulaceae,"Rareflower Heterocodon, Western Pearlflower",Uncommon
Yosemite National Park,Vascular Plant,Asterales,Campanulaceae,Common Threadplant,Uncommon
Yosemite National Park,Vascular Plant,Asterales,Campanulaceae,Sierra Threadplant,Uncommon
Yosemite National Park,Vascular Plant,Asterales,Campanulaceae,"Fleshy Porterella, Porterplant",nan
Yosemite National Park,Vascular Plant,Asterales,Campanulaceae,Small Venus' Looking-Glass,Uncommon
Yosemite National Park,Vascular Plant,Asterales,Menyanthaceae,"Bog-Bean, Buckbean, Buck-Bean, Common Bogbean",Uncommon
Yosemite National Park,Vascular Plant,Boraginales,Boraginaceae,"Bugloss Fiddleneck, Tarweed Fiddleneck",nan
Yosemite National Park,Vascular Plant,Boraginales,Boraginaceae,"Coast Buckthorn, Coast Fiddleneck, Common Fiddleneck, Intermediate Fiddleneck",Common
Yosemite National Park,Vascular Plant,Boraginales,Boraginaceae,"Menzies' Fiddleneck, Rigid Fiddleneck",Uncommon
Yosemite National Park,Vascular Plant,Boraginales,Boraginaceae,"Common Cryptantha, Quill Cryptantha",Common
Yosemite National Park,Vascular Plant,Boraginales,Boraginaceae,"Basin Cryptantha, Wickes Cryptantha, Wilkes Cryptantha",Common
Yosemite National Park,Vascular Plant,Boraginales,Boraginaceae,"Hedgehog Cryptantha, Prickly Cryptantha",Uncommon
Yosemite National Park,Vascular Plant,Boraginales,Boraginaceae,Weakstem Cryptantha,Common
Yosemite National Park,Vascular Plant,Boraginales,Boraginaceae,Truckee Cryptantha,Rare
Yosemite National Park,Vascular Plant,Boraginales,Boraginaceae,Napa Cryptantha,nan
Yosemite National Park,Vascular Plant,Boraginales,Boraginaceae,"Round-Spike Catseye, Roundspike Cryptantha",nan
Yosemite National Park,Vascular Plant,Boraginales,Boraginaceae,"Pointed Catseye, Pointed Cryptantha, Prickly Cryptantha",Uncommon
Yosemite National Park,Vascular Plant,Boraginales,Boraginaceae,Sierra Cryptantha,Uncommon
Yosemite National Park,Vascular Plant,Boraginales,Boraginaceae,"Pine Cryptantha, Pinewoods Cryptantha",Uncommon
Yosemite National Park,Vascular Plant,Boraginales,Boraginaceae,"Torrey's Cat's-Eye, Torrey's Cryptantha",Uncommon
Yosemite National Park,Vascular Plant,Boraginales,Boraginaceae,Pacific Hound's Tongue,Uncommon
Yosemite National Park,Vascular Plant,Boraginales,Boraginaceae,Western Hound's Tongue,Uncommon
Yosemite National Park,Vascular Plant,Boraginales,Boraginaceae,"Common Houndstongue, Gypsyflower, Gypsy-Flower, Hound's Tongue, Houndstongue",nan
Yosemite National Park,Vascular Plant,Boraginales,Boraginaceae,California Yerba Santa,Common
Yosemite National Park,Vascular Plant,Boraginales,Boraginaceae,"Jessica Sticktight, Meadow Stickseed",Uncommon
Yosemite National Park,Vascular Plant,Boraginales,Boraginaceae,Pink Stickseed,Uncommon
Yosemite National Park,Vascular Plant,Boraginales,Boraginaceae,"Sierra Stickseed, Sierran Stickseed",Uncommon
Yosemite National Park,Vascular Plant,Boraginales,Boraginaceae,"Velvet Stickseed, Velvety Stickseed",Common
Yosemite National Park,Vascular Plant,Boraginales,Boraginaceae,"Mountain Bluebells, Shortstyle Bluebells, Tall Fringe Bluebells, Tall Fringed Bluebells",Uncommon
Yosemite National Park,Vascular Plant,Boraginales,Boraginaceae,"Little Combseed, Purple Prairieclover",Rare
Yosemite National Park,Vascular Plant,Boraginales,Boraginaceae,Sleeping Popcornflower,Uncommon
Yosemite National Park,Vascular Plant,Boraginales,Boraginaceae,Forget-Me-Not Popcornflower,Rare
Yosemite National Park,Vascular Plant,Boraginales,Boraginaceae,Rusty Popcornflower,Uncommon
Yosemite National Park,Vascular Plant,Boraginales,Boraginaceae,Stalked Popcornflower,Uncommon
Yosemite National Park,Vascular Plant,Boraginales,Boraginaceae,Torrey's Popcornflower,Uncommon
Yosemite National Park,Vascular Plant,Boraginales,Boraginaceae,Torrey's Popcornflower,Rare
Yosemite National Park,Vascular Plant,Boraginales,Hydrophyllaceae,Violet Draperia,Common
Yosemite National Park,Vascular Plant,Boraginales,Hydrophyllaceae,California Hesperochiron,Uncommon
Yosemite National Park,Vascular Plant,Boraginales,Hydrophyllaceae,Dwarf Hesperochiron,Uncommon
Yosemite National Park,Vascular Plant,Boraginales,Hydrophyllaceae,"Squaw-Lettuce, Western Waterleaf",Common
Yosemite National Park,Vascular Plant,Boraginales,Hydrophyllaceae,Small Baby Blue Eyes,Common
Yosemite National Park,Vascular Plant,Boraginales,Hydrophyllaceae,Fivespot,Uncommon
Yosemite National Park,Vascular Plant,Boraginales,Hydrophyllaceae,Baby Blue Eyes,Uncommon
Yosemite National Park,Vascular Plant,Boraginales,Hydrophyllaceae,"Groovelover, Smallflower Nemophila",Rare
Yosemite National Park,Vascular Plant,Boraginales,Hydrophyllaceae,"Littlefoot Blue-Eyes, Littlefoot Nemophila",Uncommon
Yosemite National Park,Vascular Plant,Boraginales,Hydrophyllaceae,"Sierra Baby Blue Eyes, Sierra Blue-Eyes",Common
Yosemite National Park,Vascular Plant,Boraginales,Hydrophyllaceae,Caterpillar Phacelia,Uncommon
Yosemite National Park,Vascular Plant,Boraginales,Hydrophyllaceae,Congdon's Phacelia,Uncommon
Yosemite National Park,Vascular Plant,Boraginales,Hydrophyllaceae,"Kaweah River Phacelia, Kaweah River Scorpion-Weed",Uncommon
Yosemite National Park,Vascular Plant,Boraginales,Hydrophyllaceae,Eisen's Phacelia,Uncommon
Yosemite National Park,Vascular Plant,Boraginales,Hydrophyllaceae,None,Common
Yosemite National Park,Vascular Plant,Boraginales,Hydrophyllaceae,Varileaf Phacelia,Uncommon
Yosemite National Park,Vascular Plant,Boraginales,Hydrophyllaceae,Low Phacelia,Uncommon
Yosemite National Park,Vascular Plant,Boraginales,Hydrophyllaceae,Waterleaf Phacelia,Uncommon
Yosemite National Park,Vascular Plant,Boraginales,Hydrophyllaceae,Imbricate Phacelia,Uncommon
Yosemite National Park,Vascular Plant,Boraginales,Hydrophyllaceae,Changeable Phacelia,Uncommon
Yosemite National Park,Vascular Plant,Boraginales,Hydrophyllaceae,Broadlobe Phacelia,Rare
Yosemite National Park,Vascular Plant,Boraginales,Hydrophyllaceae,Purpus' Phacelia,nan
Yosemite National Park,Vascular Plant,Boraginales,Hydrophyllaceae,Quick's Phacelia,Uncommon
Yosemite National Park,Vascular Plant,Boraginales,Hydrophyllaceae,Racemose Phacelia,Uncommon
Yosemite National Park,Vascular Plant,Boraginales,Hydrophyllaceae,"Branched Scorpion-Weed, Branching Phacelia",nan
Yosemite National Park,Vascular Plant,Boraginales,Hydrophyllaceae,"Branched Scorpion-Weed, Branching Phacelia",nan
Yosemite National Park,Vascular Plant,Boraginales,Hydrophyllaceae,Branching Phacelia,Uncommon
Yosemite National Park,Vascular Plant,Boraginales,Hydrophyllaceae,Branching Phacelia,nan
Yosemite National Park,Vascular Plant,Boraginales,Hydrophyllaceae,"Facelia, Fiddleneck, Lacy Phacelia, Lacy Scorpion-Weed",Rare
Yosemite National Park,Vascular Plant,Boraginales,Hydrophyllaceae,Mariposa Phacelia,Uncommon
Yosemite National Park,Vascular Plant,Boraginales,Hydrophyllaceae,Blue Fiestaflower,Uncommon
Yosemite National Park,Vascular Plant,Brassicales,Brassicaceae,"Broad Pod Anelsonia, Daggerpod",Rare
Yosemite National Park,Vascular Plant,Brassicales,Brassicaceae,"Mouseear Cress, Mouse-Ear Cress",Uncommon
Yosemite National Park,Vascular Plant,Brassicales,Brassicaceae,Davidson's Rockcress,Uncommon
Yosemite National Park,Vascular Plant,Brassicales,Brassicaceae,"Canadian Rockcress, Drummond Rockcress, Drummond's Rockcress",Uncommon
Yosemite National Park,Vascular Plant,Brassicales,Brassicaceae,"Rock Cress, Tower Rockcress",Uncommon
Yosemite National Park,Vascular Plant,Brassicales,Brassicaceae,Mountain Rockcress,nan
Yosemite National Park,Vascular Plant,Brassicales,Brassicaceae,"Creamflower Rockcress, Hairy Rockcress",Rare
Yosemite National Park,Vascular Plant,Brassicales,Brassicaceae,Dropseed Rockcress,Rare
Yosemite National Park,Vascular Plant,Brassicales,Brassicaceae,Holboell's Rockcress,Uncommon
Yosemite National Park,Vascular Plant,Brassicales,Brassicaceae,"A Holboell Rock-Cress, Second Rockcress",Uncommon
Yosemite National Park,Vascular Plant,Brassicales,Brassicaceae,Inyo Rockcress,Rare
Yosemite National Park,Vascular Plant,Brassicales,Brassicaceae,Soldier Rockcress,Uncommon
Yosemite National Park,Vascular Plant,Brassicales,Brassicaceae,Lemmon's Rockcress,Uncommon
Yosemite National Park,Vascular Plant,Brassicales,Brassicaceae,Lyall's Rockcress,Rare
Yosemite National Park,Vascular Plant,Brassicales,Brassicaceae,Lyall's Rockcress,Uncommon
Yosemite National Park,Vascular Plant,Brassicales,Brassicaceae,Howell's Pioneer Rockcress,Uncommon
Yosemite National Park,Vascular Plant,Brassicales,Brassicaceae,Pioneer Rockcress,Common
Yosemite National Park,Vascular Plant,Brassicales,Brassicaceae,Bristlyleaf Rockcress,Uncommon
Yosemite National Park,Vascular Plant,Brassicales,Brassicaceae,Greene's Rockcress,Rare
Yosemite National Park,Vascular Plant,Brassicales,Brassicaceae,Yosemite Rockcress,Rare
Yosemite National Park,Vascular Plant,Brassicales,Brassicaceae,Elegant Rockcress,Common
Yosemite National Park,Vascular Plant,Brassicales,Brassicaceae,"Spreading Rockcress, Spreadingpod Rockcress",Uncommon
Yosemite National Park,Vascular Plant,Brassicales,Brassicaceae,"Common Sandweed, Dwarf Anthysanus",Uncommon
Yosemite National Park,Vascular Plant,Brassicales,Brassicaceae,"American Yellowrocket, Erectpod Wintercress, Wintercress",Common
Yosemite National Park,Vascular Plant,Brassicales,Brassicaceae,"Black Mustard, Shortpod Mustard",Uncommon
Yosemite National Park,Vascular Plant,Brassicales,Brassicaceae,"Bird's Rape, Birdsrape Mustard, Field Mustard, Rape, Rape Mustard, Turnip Rape, Wild Mustard, Wild Rutabaga, Wild Turnip",Uncommon
Yosemite National Park,Vascular Plant,Brassicales,Brassicaceae,"Shepherdspurse, Shepherd's-Purse",Uncommon
Yosemite National Park,Vascular Plant,Brassicales,Brassicaceae,Brewer's Bittercress,Uncommon
Yosemite National Park,Vascular Plant,Brassicales,Brassicaceae,Milkmaids,Uncommon
Yosemite National Park,Vascular Plant,Brassicales,Brassicaceae,"Idaho Bittercress, Little Western Bittercress",Uncommon
Yosemite National Park,Vascular Plant,Brassicales,Brassicaceae,Serpentine Bittercress,Uncommon
Yosemite National Park,Vascular Plant,Brassicales,Brassicaceae,"Sierra Tansymustard, Sierran Tansy Mustard, Sierran Tansymustard",Uncommon
Yosemite National Park,Vascular Plant,Brassicales,Brassicaceae,"Mountain Tansy Mustard, Mountain Tansymustard, Mountain Tansy-Mustard",nan
Yosemite National Park,Vascular Plant,Brassicales,Brassicaceae,None,Uncommon
Yosemite National Park,Vascular Plant,Brassicales,Brassicaceae,Menzies' Tansymustard,Common
Yosemite National Park,Vascular Plant,Brassicales,Brassicaceae,"Arc Dome Draba, Slender Draba",Common
Yosemite National Park,Vascular Plant,Brassicales,Brassicaceae,Cushion Draba,Uncommon
Yosemite National Park,Vascular Plant,Brassicales,Brassicaceae,Denseleaf Draba,Uncommon
Yosemite National Park,Vascular Plant,Brassicales,Brassicaceae,"Granite Draba, Lemmon's Draba",Uncommon
Yosemite National Park,Vascular Plant,Brassicales,Brassicaceae,None,Uncommon
Yosemite National Park,Vascular Plant,Brassicales,Brassicaceae,Tall Draba,Rare
Yosemite National Park,Vascular Plant,Brassicales,Brassicaceae,"Spring Draba, Spring Whitlowgrass",Common
Yosemite National Park,Vascular Plant,Brassicales,Brassicaceae,"Coast Wallflower, Sand Dune Wallflower, Western Wallflower",nan
Yosemite National Park,Vascular Plant,Brassicales,Brassicaceae,None,Common
Yosemite National Park,Vascular Plant,Brassicales,Brassicaceae,None,Common
Yosemite National Park,Vascular Plant,Brassicales,Brassicaceae,Shortpod Mustard,Uncommon
Yosemite National Park,Vascular Plant,Brassicales,Brassicaceae,"Ovalpurse, Prostrate Hutchinsia",nan
Yosemite National Park,Vascular Plant,Brassicales,Brassicaceae,"Common Pepperweed, Miner's Pepperwort",nan
Yosemite National Park,Vascular Plant,Brassicales,Brassicaceae,Bigseed Pepperweed,Uncommon
Yosemite National Park,Vascular Plant,Brassicales,Brassicaceae,Bourgeau's Pepperweed,Unknown
Yosemite National Park,Vascular Plant,Brassicales,Brassicaceae,Hairy Pepperweed,Uncommon
Yosemite National Park,Vascular Plant,Brassicales,Brassicaceae,"Poorman's-Pepperwort, Virginia Pepperweed",Uncommon
Yosemite National Park,Vascular Plant,Brassicales,Brassicaceae,Annual Honesty,Unknown
Yosemite National Park,Vascular Plant,Brassicales,Brassicaceae,Wallflower Phoenicaulis,Rare
Yosemite National Park,Vascular Plant,Brassicales,Brassicaceae,Wild Radish,Uncommon
Yosemite National Park,Vascular Plant,Brassicales,Brassicaceae,"Cultivated Radish, Garden Radish, Radish, Wild Radish",Uncommon
Yosemite National Park,Vascular Plant,Brassicales,Brassicaceae,"Bluntleaf Yellowcress, Blunt-Leaf Yellowcress",Uncommon
Yosemite National Park,Vascular Plant,Brassicales,Brassicaceae,Curvepod Yellowcress,Uncommon
Yosemite National Park,Vascular Plant,Brassicales,Brassicaceae,Watercress,Uncommon
Yosemite National Park,Vascular Plant,Brassicales,Brassicaceae,"Charlock, Charlock Mustard, Corn Mustard, Corn-Mustard, Wild Mustard",Uncommon
Yosemite National Park,Vascular Plant,Brassicales,Brassicaceae,"Jim Hill Mustard, Tall Hedge-Mustard, Tall Mustard, Tall Tumblemustard, Tumble Mustard, Tumblemustard, Tumbleweed Mustard",Uncommon
Yosemite National Park,Vascular Plant,Brassicales,Brassicaceae,"Hairypod Hedgemustard, Hedge Mustard, Hedge Tumblemustard, Hedgemustard, Hedge-Mustard, Hedgeweed, Wild Mustard",Uncommon
Yosemite National Park,Vascular Plant,Brassicales,Brassicaceae,"Variableleaf Jewelflower, Variedleaf Twistflower",Uncommon
Yosemite National Park,Vascular Plant,Brassicales,Brassicaceae,"Mountain Twistflower, Shieldplant",nan
Yosemite National Park,Vascular Plant,Brassicales,Brassicaceae,Shieldplant,Common
Yosemite National Park,Vascular Plant,Brassicales,Brassicaceae,Shieldplant,Common
Yosemite National Park,Vascular Plant,Brassicales,Brassicaceae,"American Awlwort, American Waterawlwort",Uncommon
Yosemite National Park,Vascular Plant,Brassicales,Brassicaceae,"Lacepod Mustard, Sand Fringepod, Sand Lacepod",Uncommon
Yosemite National Park,Vascular Plant,Brassicales,Brassicaceae,Dobie Pod,Uncommon
Yosemite National Park,Vascular Plant,Brassicales,Limnanthaceae,White Meadowfoam,Uncommon
Yosemite National Park,Vascular Plant,Brassicales,Limnanthaceae,White Meadowfoam,Uncommon
Yosemite National Park,Vascular Plant,Brassicales,Limnanthaceae,Mountain Meadowfoam,Uncommon
Yosemite National Park,Vascular Plant,Brassicales,Limnanthaceae,Foothill Meadowfoam,Uncommon
Yosemite National Park,Vascular Plant,Caryophyllales,Amaranthaceae,"Pigweed, Pigweed Amaranth, Prostrate Pigweed, Tumble Pigweed, Tumbleweed, White Pigweed",Uncommon
Yosemite National Park,Vascular Plant,Caryophyllales,Amaranthaceae,"Mat Amaranth, Prostrate Amaranth, Prostrate Pigweed",Unknown
Yosemite National Park,Vascular Plant,Caryophyllales,Amaranthaceae,"California Amaranth, California Pigweed",nan
Yosemite National Park,Vascular Plant,Caryophyllales,Amaranthaceae,"Common Lambsquarters, Lambsquarters, Lambsquarters Goosefoot, White Goosefoot",Uncommon
Yosemite National Park,Vascular Plant,Caryophyllales,Amaranthaceae,"Dark Goosefoot, Pinyon Goosefoot",Uncommon
Yosemite National Park,Vascular Plant,Caryophyllales,Amaranthaceae,"Jerusalem Oak, Jerusalem Oak Goosefoot, Jerusalem-Oak",Uncommon
Yosemite National Park,Vascular Plant,Caryophyllales,Amaranthaceae,Cutleaf Goosefoot,nan
Yosemite National Park,Vascular Plant,Caryophyllales,Amaranthaceae,"Clammy Goosefoot, Ridged Goosefoot",nan
Yosemite National Park,Vascular Plant,Caryophyllales,Amaranthaceae,"Nuttall's Monolepis, Nuttall's Povertyweed, Nuttall's Poverty-Weed, Patata, Patota",Uncommon
Yosemite National Park,Vascular Plant,Caryophyllales,Amaranthaceae,"Beaver Monolepis, Beaver Povertyweed",Uncommon
Yosemite National Park,Vascular Plant,Caryophyllales,Caryophyllaceae,"Prickly Sandwort, Spiny Sandwort",Uncommon
Yosemite National Park,Vascular Plant,Caryophyllales,Caryophyllaceae,"Ballhead Sandwort, Loosehead Sandwort",nan
Yosemite National Park,Vascular Plant,Caryophyllales,Caryophyllaceae,Suffrutescent Sandwort,Uncommon
Yosemite National Park,Vascular Plant,Caryophyllales,Caryophyllaceae,None,Uncommon
Yosemite National Park,Vascular Plant,Caryophyllales,Caryophyllaceae,"Field Chickweed, Field Mouse-Ear Chickweed, Starry Chickweed",Common
Yosemite National Park,Vascular Plant,Caryophyllales,Caryophyllaceae,None,Rare
Yosemite National Park,Vascular Plant,Caryophyllales,Caryophyllaceae,"Big Chickweed, Common Mouse-Ear Chickweed",Uncommon
Yosemite National Park,Vascular Plant,Caryophyllales,Caryophyllaceae,Sticky Chickweed,Uncommon
Yosemite National Park,Vascular Plant,Caryophyllales,Caryophyllaceae,None,Uncommon
Yosemite National Park,Vascular Plant,Caryophyllales,Caryophyllaceae,Hairy Rupturewort,Uncommon
Yosemite National Park,Vascular Plant,Caryophyllales,Caryophyllaceae,Hairy Rupturewort,Uncommon
Yosemite National Park,Vascular Plant,Caryophyllales,Caryophyllaceae,Rose Campion,Uncommon
Yosemite National Park,Vascular Plant,Caryophyllales,Caryophyllaceae,California Sandwort,Uncommon
Yosemite National Park,Vascular Plant,Caryophyllales,Caryophyllaceae,Douglas' Stitchwort,Uncommon
Yosemite National Park,Vascular Plant,Caryophyllales,Caryophyllaceae,Brittle Sandwort,Uncommon
Yosemite National Park,Vascular Plant,Caryophyllales,Caryophyllaceae,"Alpine Sandwort, Twinflower Sandwort",Rare
Yosemite National Park,Vascular Plant,Caryophyllales,Caryophyllaceae,"Annual Sandwort, Dwarf Sandwort",Rare
Yosemite National Park,Vascular Plant,Caryophyllales,Caryophyllaceae,"Beautiful Sandwort, Boreal Stitchwort",Uncommon
Yosemite National Park,Vascular Plant,Caryophyllales,Caryophyllaceae,Bog Stitchwort,Uncommon
Yosemite National Park,Vascular Plant,Caryophyllales,Caryophyllaceae,Fourleaf Manyseed,Uncommon
Yosemite National Park,Vascular Plant,Caryophyllales,Caryophyllaceae,"Sticky Starwort, Sticky-Starwort, Tuber Starwort",Uncommon
Yosemite National Park,Vascular Plant,Caryophyllales,Caryophyllaceae,Sierra Starwort,Rare
Yosemite National Park,Vascular Plant,Caryophyllales,Caryophyllaceae,Annual Pearlwort,Uncommon
Yosemite National Park,Vascular Plant,Caryophyllales,Caryophyllaceae,Western Pearlwort,Uncommon
Yosemite National Park,Vascular Plant,Caryophyllales,Caryophyllaceae,"Alpine Pearlwort, Arctic Pearlwort",Uncommon
Yosemite National Park,Vascular Plant,Caryophyllales,Caryophyllaceae,"Bouncing Bet, Bouncingbet, Bouncingbet Soapweed, Soapwort, Sweet Betty",Uncommon
Yosemite National Park,Vascular Plant,Caryophyllales,Caryophyllaceae,"Catchfly, Sleepy Campion, Sleepy Catchfly, Sleepy Silene",Uncommon
Yosemite National Park,Vascular Plant,Caryophyllales,Caryophyllaceae,"Palmer's Campion, Palmer's Catchfly",Uncommon
Yosemite National Park,Vascular Plant,Caryophyllales,Caryophyllaceae,Bridges' Catchfly,Uncommon
Yosemite National Park,Vascular Plant,Caryophyllales,Caryophyllaceae,Indian Pink,Uncommon
Yosemite National Park,Vascular Plant,Caryophyllales,Caryophyllaceae,"Common Catchfly, Windmill Catchfly",Uncommon
Yosemite National Park,Vascular Plant,Caryophyllales,Caryophyllaceae,"Bladder Campion, Bladder-Campion, Evening Lychnis, White Campion, White Cockle",Uncommon
Yosemite National Park,Vascular Plant,Caryophyllales,Caryophyllaceae,Lemmon's Catchfly,Common
Yosemite National Park,Vascular Plant,Caryophyllales,Caryophyllaceae,"Menzies' Campion, White Catchfly",Uncommon
Yosemite National Park,Vascular Plant,Caryophyllales,Caryophyllaceae,"Sargent's Campion, Sargent's Catchfly",Uncommon
Yosemite National Park,Vascular Plant,Caryophyllales,Caryophyllaceae,"Corn Spurry, Devil's Gut, Field Spurry, Pickpurse, Sandweed",nan
Yosemite National Park,Vascular Plant,Caryophyllales,Caryophyllaceae,"Purple Sandspurry, Red Sandspurry",Uncommon
Yosemite National Park,Vascular Plant,Caryophyllales,Caryophyllaceae,Sitka Starwort,Uncommon
Yosemite National Park,Vascular Plant,Caryophyllales,Caryophyllaceae,"Northern Chickweed, Northern Starwort",Rare
Yosemite National Park,Vascular Plant,Caryophyllales,Caryophyllaceae,"Crisp Starwort, Crispleaved Chickweed, Curled Starwort",Uncommon
Yosemite National Park,Vascular Plant,Caryophyllales,Caryophyllaceae,"Chickweed, Longstalk Starwort",Uncommon
Yosemite National Park,Vascular Plant,Caryophyllales,Caryophyllaceae,"Chickweed, Common Chickweed, Nodding Chickweed",Common
Yosemite National Park,Vascular Plant,Caryophyllales,Caryophyllaceae,"Shiny Chickweed, Shiny Starwort",Uncommon
Yosemite National Park,Vascular Plant,Caryophyllales,Caryophyllaceae,Rocky Mountain Chickweed,nan
Yosemite National Park,Vascular Plant,Caryophyllales,Caryophyllaceae,"Umbellate Chickweed, Umbrella Starwort",Uncommon
Yosemite National Park,Vascular Plant,Caryophyllales,Droseraceae,Roundleaf Sundew,Rare
Yosemite National Park,Vascular Plant,Caryophyllales,Molluginaceae,"Carpetweed, Carpet-Weed, Green Carpetweed, Green Carpet-Weed, Indian Chickweed",Uncommon
Yosemite National Park,Vascular Plant,Caryophyllales,Montiaceae,"Desert Rockpurslane, Fringed Redmaids, Redmaids",Uncommon
Yosemite National Park,Vascular Plant,Caryophyllales,Montiaceae,None,Common
Yosemite National Park,Vascular Plant,Caryophyllales,Montiaceae,None,Common
Yosemite National Park,Vascular Plant,Caryophyllales,Montiaceae,Lanceleaf Springbeauty,Uncommon
Yosemite National Park,Vascular Plant,Caryophyllales,Montiaceae,Alpine Springbeauty,Rare
Yosemite National Park,Vascular Plant,Caryophyllales,Montiaceae,Sierra Springbeauty,Rare
Yosemite National Park,Vascular Plant,Caryophyllales,Montiaceae,Streambank Springbeauty,Uncommon
Yosemite National Park,Vascular Plant,Caryophyllales,Montiaceae,Miner's Lettuce,Common
Yosemite National Park,Vascular Plant,Caryophyllales,Montiaceae,Redstem Springbeauty,nan
Yosemite National Park,Vascular Plant,Caryophyllales,Montiaceae,Congdon's Lewisia,Rare
Yosemite National Park,Vascular Plant,Caryophyllales,Montiaceae,"Yosemite Bitterroot, Yosemite Lewisia",Rare
Yosemite National Park,Vascular Plant,Caryophyllales,Montiaceae,Sierra Lewisia,Common
Yosemite National Park,Vascular Plant,Caryophyllales,Montiaceae,Kellogg's Lewisia,Uncommon
Yosemite National Park,Vascular Plant,Caryophyllales,Montiaceae,"Nevada Bitterroot, Nevada Bitter-Root, Nevada Lewisia",Common
Yosemite National Park,Vascular Plant,Caryophyllales,Montiaceae,"Alpine Bitterroot, Alpine Lewisia, Pigmy Bitterroot",Common
Yosemite National Park,Vascular Plant,Caryophyllales,Montiaceae,"Threeleaf Bitterroot, Threeleaf Lewisia",Common
Yosemite National Park,Vascular Plant,Caryophyllales,Montiaceae,"Toadlily, Water Indianlettuce, Water Miner's Lettuce, Water Minerslettuce",Common
Yosemite National Park,Vascular Plant,Caryophyllales,Montiaceae,"Annual Water Minerslettuce, Fountain Miner's Lettuce",Uncommon
Yosemite National Park,Vascular Plant,Caryophyllales,Montiaceae,"Narrowleaf Indianlettuce, Narrowleaf Minerslettuce",Uncommon
Yosemite National Park,Vascular Plant,Caryophyllales,Montiaceae,Littleleaf Minerslettuce,Common
Yosemite National Park,Vascular Plant,Caryophyllales,Polygonaceae,Pink Spineflower,Uncommon
Yosemite National Park,Vascular Plant,Caryophyllales,Polygonaceae,Hairyflower Buckwheat,Uncommon
Yosemite National Park,Vascular Plant,Caryophyllales,Polygonaceae,Frosted Buckwheat,Common
Yosemite National Park,Vascular Plant,Caryophyllales,Polygonaceae,Lobb's Buckwheat,Uncommon
Yosemite National Park,Vascular Plant,Caryophyllales,Polygonaceae,Marumleaf Buckwheat,Uncommon
Yosemite National Park,Vascular Plant,Caryophyllales,Polygonaceae,"Naked Buckwheat, Nakedstem Buckwheat",nan
Yosemite National Park,Vascular Plant,Caryophyllales,Polygonaceae,Naked Buckwheat,Common
Yosemite National Park,Vascular Plant,Caryophyllales,Polygonaceae,Naked Buckwheat,Common
Yosemite National Park,Vascular Plant,Caryophyllales,Polygonaceae,Naked Buckwheat,Rare
Yosemite National Park,Vascular Plant,Caryophyllales,Polygonaceae,Cushion Buckwheat,Common
Yosemite National Park,Vascular Plant,Caryophyllales,Polygonaceae,Nevada City Buckwheat,nan
Yosemite National Park,Vascular Plant,Caryophyllales,Polygonaceae,Nevada City Buckwheat,Uncommon
Yosemite National Park,Vascular Plant,Caryophyllales,Polygonaceae,"Mount Rose Buckwheat, Rosy Buckwheat",Uncommon
Yosemite National Park,Vascular Plant,Caryophyllales,Polygonaceae,Wand Buckwheat,Common
Yosemite National Park,Vascular Plant,Caryophyllales,Polygonaceae,Redding Buckwheat,Common
Yosemite National Park,Vascular Plant,Caryophyllales,Polygonaceae,Spurry Buckwheat,Common
Yosemite National Park,Vascular Plant,Caryophyllales,Polygonaceae,Sulphur-Flower Buckwheat,Uncommon
Yosemite National Park,Vascular Plant,Caryophyllales,Polygonaceae,"Sulphurflower Buckwheat, Sulphur-Flower Buckwheat",Uncommon
Yosemite National Park,Vascular Plant,Caryophyllales,Polygonaceae,"Nevada Buckwheat, Sulphur-Flower Buckwheat",Uncommon
Yosemite National Park,Vascular Plant,Caryophyllales,Polygonaceae,Bastardsage,Common
Yosemite National Park,Vascular Plant,Caryophyllales,Polygonaceae,"Bastardsage, Shrubby Buckwheat",Unknown
Yosemite National Park,Vascular Plant,Caryophyllales,Polygonaceae,"Alpine Mountainsorrel, Mountain Sorrel",Common
Yosemite National Park,Vascular Plant,Caryophyllales,Polygonaceae,"Colored Smartweed, Devil's Shoestring, Longroot Smartweed, Swamp Smartweed, Tanweed",Rare
Yosemite National Park,Vascular Plant,Caryophyllales,Polygonaceae,Water Smartweed,Uncommon
Yosemite National Park,Vascular Plant,Caryophyllales,Polygonaceae,"Common Knotweed, Doorweed, Matweed, Ovalleaf Knotweed, Oval-Leaf Knotweed, Prostrate Knotweed",Uncommon
Yosemite National Park,Vascular Plant,Caryophyllales,Polygonaceae,American Bistort,Common
Yosemite National Park,Vascular Plant,Caryophyllales,Polygonaceae,California Knotweed,Uncommon
Yosemite National Park,Vascular Plant,Caryophyllales,Polygonaceae,"Black Bindweed, Black-Bindweed, Climbing Buckwheat, Climbing Knotweed, Cornbind, Dullseed Cornbind, Pink Smartweed, Wild Buckwheat",Uncommon
Yosemite National Park,Vascular Plant,Caryophyllales,Polygonaceae,Douglas' Knotweed,Common
Yosemite National Park,Vascular Plant,Caryophyllales,Polygonaceae,Johnston's Knotweed,Common
Yosemite National Park,Vascular Plant,Caryophyllales,Polygonaceae,"Annual Smartweed, Marshpepper Knotweed, Mild Water-Pepper",Rare
Yosemite National Park,Vascular Plant,Caryophyllales,Polygonaceae,Swamp Smartweed,nan
Yosemite National Park,Vascular Plant,Caryophyllales,Polygonaceae,"Curltop Ladysthumb, Curlytop Knotweed, Curlytop Smartweed, Dock-Leaf Smartweed, Nodding Smartweed, Pale Smartweed",Rare
Yosemite National Park,Vascular Plant,Caryophyllales,Polygonaceae,"Broadleaf Knotweed, Dwarf Knotweed, Zigzag Knotweed",Common
Yosemite National Park,Vascular Plant,Caryophyllales,Polygonaceae,"Ladysthumb, Lady's-Thumb, Ladysthumb Smartweed, Spotted Knotweed, Spotted Ladysthumb, Spotted Smartweed",Common
Yosemite National Park,Vascular Plant,Caryophyllales,Polygonaceae,"Mountain Lice, Poke Knotweed",Common
Yosemite National Park,Vascular Plant,Caryophyllales,Polygonaceae,Kellogg's Knotweed,Uncommon
Yosemite National Park,Vascular Plant,Caryophyllales,Polygonaceae,"Bushy Knotweed, Tall Knotweed, Yellow Knotweed, Yellow-Flower Knotweed",Uncommon
Yosemite National Park,Vascular Plant,Caryophyllales,Polygonaceae,Shasta Knotweed,Uncommon
Yosemite National Park,Vascular Plant,Caryophyllales,Polygonaceae,"Woodland Pterostegia, Woodland Threadstem",Uncommon
Yosemite National Park,Vascular Plant,Caryophyllales,Polygonaceae,"Common Sheep Sorrel, Field Sorrel, Red Sorrel, Sheep Sorrel",Common
Yosemite National Park,Vascular Plant,Caryophyllales,Polygonaceae,"Clustered Dock, Sharp Dock",Common
Yosemite National Park,Vascular Plant,Caryophyllales,Polygonaceae,"Curly Dock, Narrowleaf Dock, Sour Dock, Yellow Dock",Common
Yosemite National Park,Vascular Plant,Caryophyllales,Polygonaceae,"Alpine Sheep Sorrel, Fewleaved Dock, Meadow Dock",Common
Yosemite National Park,Vascular Plant,Caryophyllales,Polygonaceae,Fiddle Dock,Rare
Yosemite National Park,Vascular Plant,Caryophyllales,Polygonaceae,"California Dock, Toothed Willow Dock",Uncommon
Yosemite National Park,Vascular Plant,Caryophyllales,Polygonaceae,None,Uncommon
Yosemite National Park,Vascular Plant,Caryophyllales,Portulacaceae,"Akulikuli-Kula, Common Purslane, Duckweed, Garden Purslane, Little Hogweed, Little-Hogweed, Purslane, Pursley, Wild Portulaca",nan
Yosemite National Park,Vascular Plant,Celastrales,Celastraceae,"California Grass Of Parnassus, California Grass-Of-Parnassus",Uncommon
Yosemite National Park,Vascular Plant,Cornales,Cornaceae,Pacific Dogwood,Common
Yosemite National Park,Vascular Plant,Cornales,Cornaceae,"Redosier, Redosier Dogwood",nan
Yosemite National Park,Vascular Plant,Cornales,Cornaceae,Western Dogwood,Uncommon
Yosemite National Park,Vascular Plant,Cornales,Cornaceae,"Redosier Dogwood, Siberian Dogwood, Tatarian Dogwood",Common
Yosemite National Park,Vascular Plant,Cornales,Hydrangeaceae,Lewis' Mock Orange,Uncommon
Yosemite National Park,Vascular Plant,Cornales,Loasaceae,Sierra Blazingstar,Uncommon
Yosemite National Park,Vascular Plant,Cornales,Loasaceae,"Bushy Blazingstar, Nevada Blazingstar, Scattered Blazingstar",Uncommon
Yosemite National Park,Vascular Plant,Cornales,Loasaceae,Lindley's Blazingstar,nan
Yosemite National Park,Vascular Plant,Crossosomatales,Staphyleaceae,Sierra Bladdernut,Rare
Yosemite National Park,Vascular Plant,Cucurbitales,Cucurbitaceae,"California Manroot, Valley Manroot",Uncommon
Yosemite National Park,Vascular Plant,Cucurbitales,Cucurbitaceae,Sierra Manroot,Uncommon
Yosemite National Park,Vascular Plant,Cucurbitales,Cucurbitaceae,Taw Manroot,nan
Yosemite National Park,Vascular Plant,Cucurbitales,Datiscaceae,Durango Root,Uncommon
Yosemite National Park,Vascular Plant,Dioscoreales,Nartheciaceae,California Bog Asphodel,Rare
Yosemite National Park,Vascular Plant,Dipsacales,Adoxaceae,None,Uncommon
Yosemite National Park,Vascular Plant,Dipsacales,Adoxaceae,Mexican Elder,Uncommon
Yosemite National Park,Vascular Plant,Dipsacales,Adoxaceae,European Red Elderberry,Uncommon
Yosemite National Park,Vascular Plant,Dipsacales,Adoxaceae,Common Viburnum,nan
Yosemite National Park,Vascular Plant,Dipsacales,Caprifoliaceae,None,Uncommon
Yosemite National Park,Vascular Plant,Dipsacales,Caprifoliaceae,Purpleflower Honeysuckle,Uncommon
Yosemite National Park,Vascular Plant,Dipsacales,Caprifoliaceae,Chaparral Honeysuckle,Uncommon
Yosemite National Park,Vascular Plant,Dipsacales,Caprifoliaceae,Twinberry Honeysuckle,Uncommon
Yosemite National Park,Vascular Plant,Dipsacales,Caprifoliaceae,Common Snowberry,Uncommon
Yosemite National Park,Vascular Plant,Dipsacales,Caprifoliaceae,Creeping Snowberry,Common
Yosemite National Park,Vascular Plant,Dipsacales,Caprifoliaceae,Roundleaf Snowberry,Uncommon
Yosemite National Park,Vascular Plant,Dipsacales,Valerianaceae,None,Uncommon
Yosemite National Park,Vascular Plant,Dipsacales,Valerianaceae,"Longspur Seablush, Long-Spur Seablush",nan
Yosemite National Park,Vascular Plant,Dipsacales,Valerianaceae,California Valerian,Uncommon
Yosemite National Park,Vascular Plant,Dipsacales,Valerianaceae,None,nan
Yosemite National Park,Vascular Plant,Equisetales,Equisetaceae,"Common Horsetail, Field Horsetail, Scouringrush, Western Horsetail",Common
Yosemite National Park,Vascular Plant,Equisetales,Equisetaceae,Scouringrush Horsetail,Common
Yosemite National Park,Vascular Plant,Equisetales,Equisetaceae,"Horsetail, Smooth Horsetail, Smooth Scouringrush, Smooth Scouring-Rush",Common
Yosemite National Park,Vascular Plant,Ericales,Ericaceae,Sugarstick,Rare
Yosemite National Park,Vascular Plant,Ericales,Ericaceae,Pinemat Manzanita,Common
Yosemite National Park,Vascular Plant,Ericales,Ericaceae,None,Common
Yosemite National Park,Vascular Plant,Ericales,Ericaceae,Mariposa Manzanita,Common
Yosemite National Park,Vascular Plant,Ericales,Ericaceae,"Sticky Whiteleaf Manzanita, Whiteleaf Manzanita",Uncommon
Yosemite National Park,Vascular Plant,Ericales,Ericaceae,"Western Moss Heather, White Heather",Common
Yosemite National Park,Vascular Plant,Ericales,Ericaceae,"Pipsissewa, Prince's Pine",Uncommon
Yosemite National Park,Vascular Plant,Ericales,Ericaceae,"Alpine Spicywintergreen, Western Wintergreen",Uncommon
Yosemite National Park,Vascular Plant,Ericales,Ericaceae,"Bog Kalmia, Bog Laurel, Box Laurel, Swamp Laurel",nan
Yosemite National Park,Vascular Plant,Ericales,Ericaceae,None,Common
Yosemite National Park,Vascular Plant,Ericales,Ericaceae,Mountain Laurel,nan
Yosemite National Park,Vascular Plant,Ericales,Ericaceae,"Glandular Labrador Tea, Western Labrador Tea",Common
Yosemite National Park,Vascular Plant,Ericales,Ericaceae,Sierra Laurel,Rare
Yosemite National Park,Vascular Plant,Ericales,Ericaceae,"One-Sided Wintergreen, Sidebells Wintergreen",Uncommon
Yosemite National Park,Vascular Plant,Ericales,Ericaceae,"Brewer's Mountain Heather, Purple Mountainheath, Red Mountainheather",Common
Yosemite National Park,Vascular Plant,Ericales,Ericaceae,"Fringed Pinesap, Sierra Sap",Uncommon
Yosemite National Park,Vascular Plant,Ericales,Ericaceae,"Giant Bird's Nest, Giant Pinedrops, Woodland Pinedrops",Common
Yosemite National Park,Vascular Plant,Ericales,Ericaceae,"Bog Wintergreen, Liverleaf Wintergreen, Pink Wintergreen",nan
Yosemite National Park,Vascular Plant,Ericales,Ericaceae,"Bog Wintergreen, Liverleaf Wintergreen",Uncommon
Yosemite National Park,Vascular Plant,Ericales,Ericaceae,"Lesser Wintergreen, Snowline Wintergreen",Uncommon
Yosemite National Park,Vascular Plant,Ericales,Ericaceae,White-Veined Wintergreen,Common
Yosemite National Park,Vascular Plant,Ericales,Ericaceae,"California Azalea, Sonoma Azalea, Western Azalea",Common
Yosemite National Park,Vascular Plant,Ericales,Ericaceae,Snowplant,Common
Yosemite National Park,Vascular Plant,Ericales,Ericaceae,None,Common
Yosemite National Park,Vascular Plant,Ericales,Ericaceae,Red Huckleberry,Rare
Yosemite National Park,Vascular Plant,Ericales,Ericaceae,None,Common
Yosemite National Park,Vascular Plant,Ericales,Polemoniaceae,Purple False Gilyflower,Uncommon
Yosemite National Park,Vascular Plant,Ericales,Polemoniaceae,"Dense False Gilia, Dense False Gilyflower",Common
Yosemite National Park,Vascular Plant,Ericales,Polemoniaceae,"Dense False Gilia, Dense False Gilyflower",Common
Yosemite National Park,Vascular Plant,Ericales,Polemoniaceae,"Mountain False Gilia, White False Gilyflower",Uncommon
Yosemite National Park,Vascular Plant,Ericales,Polemoniaceae,"Grand Collomia, Largeflowered Collomia",Common
Yosemite National Park,Vascular Plant,Ericales,Polemoniaceae,Variableleaf Collomia,Uncommon
Yosemite National Park,Vascular Plant,Ericales,Polemoniaceae,"Narrowleaf Mountaintrumpet, Narrow-Leaf Mountain-Trumpet, Slenderleaf Collomia, Tiny Trumpet",Uncommon
Yosemite National Park,Vascular Plant,Ericales,Polemoniaceae,"Staining Collomia, Yellowstain Collomia",Uncommon
Yosemite National Park,Vascular Plant,Ericales,Polemoniaceae,"Fewflower Woolstar, Great Basin Woollystar",Uncommon
Yosemite National Park,Vascular Plant,Ericales,Polemoniaceae,"Miniature Gilia, Smoothleaf Gilia",Uncommon
Yosemite National Park,Vascular Plant,Ericales,Polemoniaceae,Bluehead Gilia,nan
Yosemite National Park,Vascular Plant,Ericales,Polemoniaceae,Foothill Gilia,Uncommon
Yosemite National Park,Vascular Plant,Ericales,Polemoniaceae,Bluehead Gilia,nan
Yosemite National Park,Vascular Plant,Ericales,Polemoniaceae,Bridges' Gilia,nan
Yosemite National Park,Vascular Plant,Ericales,Polemoniaceae,Bridges' Gilia,Uncommon
Yosemite National Park,Vascular Plant,Ericales,Polemoniaceae,Bridges' Gilia,Common
Yosemite National Park,Vascular Plant,Ericales,Polemoniaceae,Bird's-Eye Gilia,Uncommon
Yosemite National Park,Vascular Plant,Ericales,Polemoniaceae,"Scarlet Gilia, Skyrocket Gilia",nan
Yosemite National Park,Vascular Plant,Ericales,Polemoniaceae,Scarlet Gilia,Uncommon
Yosemite National Park,Vascular Plant,Ericales,Polemoniaceae,"Scarlet Gilia, Scarlet Skyrocket, Skyrocket Gilia",Uncommon
Yosemite National Park,Vascular Plant,Ericales,Polemoniaceae,"Common Prickly Gilia, Granite Gilia, Granite Prickly Gilia, Granite Prickly Phlox",Uncommon
Yosemite National Park,Vascular Plant,Ericales,Polemoniaceae,True Babystars,Uncommon
Yosemite National Park,Vascular Plant,Ericales,Polemoniaceae,"Bristlyleaf Linanthus, Whiskerbrush",Common
Yosemite National Park,Vascular Plant,Ericales,Polemoniaceae,"Evening Snow, Eveningsnow",Common
Yosemite National Park,Vascular Plant,Ericales,Polemoniaceae,Thread Linanthus,Uncommon
Yosemite National Park,Vascular Plant,Ericales,Polemoniaceae,"Harkness' Flaxflower, Threeseed Linanthus",Uncommon
Yosemite National Park,Vascular Plant,Ericales,Polemoniaceae,Mustang Clover,Uncommon
Yosemite National Park,Vascular Plant,Ericales,Polemoniaceae,"Nuttall's Deserttrumpets, Nuttall's Linanthus",Uncommon
Yosemite National Park,Vascular Plant,Ericales,Polemoniaceae,Divaricate Navarretia,Uncommon
Yosemite National Park,Vascular Plant,Ericales,Polemoniaceae,Divaricate Navarretia,nan
Yosemite National Park,Vascular Plant,Ericales,Polemoniaceae,Needleleaf Navarretia,Uncommon
Yosemite National Park,Vascular Plant,Ericales,Polemoniaceae,Sticky Pincushionplant,nan
Yosemite National Park,Vascular Plant,Ericales,Polemoniaceae,"Douglas Phlox, Tufted Phlox",nan
Yosemite National Park,Vascular Plant,Ericales,Polemoniaceae,Dwarf Phlox,Rare
Yosemite National Park,Vascular Plant,Ericales,Polemoniaceae,Spreading Phlox,Common
Yosemite National Park,Vascular Plant,Ericales,Polemoniaceae,Slender Phlox,Common
Yosemite National Park,Vascular Plant,Ericales,Polemoniaceae,"Cushion Phlox, Powder Phlox",Uncommon
Yosemite National Park,Vascular Plant,Ericales,Polemoniaceae,Showy Phlox,nan
Yosemite National Park,Vascular Plant,Ericales,Polemoniaceae,Moving Polemonium,Uncommon
Yosemite National Park,Vascular Plant,Ericales,Polemoniaceae,Skypilot,Uncommon
Yosemite National Park,Vascular Plant,Ericales,Polemoniaceae,"Western Jacob's-Ladder, Western Polemonium",Rare
Yosemite National Park,Vascular Plant,Ericales,Polemoniaceae,None,Rare
Yosemite National Park,Vascular Plant,Ericales,Primulaceae,"Pimpernel, Scarlet Pimpernel",Uncommon
Yosemite National Park,Vascular Plant,Ericales,Primulaceae,Pygmyflower Rockjasmine,Uncommon
Yosemite National Park,Vascular Plant,Ericales,Primulaceae,Alpine Shootingstar,Common
Yosemite National Park,Vascular Plant,Ericales,Primulaceae,Mosquito Bills,Uncommon
Yosemite National Park,Vascular Plant,Ericales,Primulaceae,Sierrra Shootingstar,Common
Yosemite National Park,Vascular Plant,Ericales,Primulaceae,Sierra Shootingstar,Uncommon
Yosemite National Park,Vascular Plant,Ericales,Primulaceae,Sierra Primrose,Uncommon
Yosemite National Park,Vascular Plant,Ericales,Primulaceae,"Broadleaf Starflower, Western Starflower",Rare
Yosemite National Park,Vascular Plant,Fabales,Fabaceae,Bolander's Milkvetch,Uncommon
Yosemite National Park,Vascular Plant,Fabales,Fabaceae,Congdon's Milkvetch,Uncommon
Yosemite National Park,Vascular Plant,Fabales,Fabaceae,Spiny Milkvetch,Rare
Yosemite National Park,Vascular Plant,Fabales,Fabaceae,"Freckled Milkvetch, Homely Milkvetch",Uncommon
Yosemite National Park,Vascular Plant,Fabales,Fabaceae,"Sierran Milkvetch, Woollypod Milkvetch",Uncommon
Yosemite National Park,Vascular Plant,Fabales,Fabaceae,"Balloonpod Milkvetch, Whitney's Milkvetch",Uncommon
Yosemite National Park,Vascular Plant,Fabales,Fabaceae,California Redbud,Common
Yosemite National Park,Vascular Plant,Fabales,Fabaceae,Large Leather-Root,Uncommon
Yosemite National Park,Vascular Plant,Fabales,Fabaceae,California Pea,Uncommon
Yosemite National Park,Vascular Plant,Fabales,Fabaceae,Nevada Pea,Uncommon
Yosemite National Park,Vascular Plant,Fabales,Fabaceae,"Lanszwert's Pea, Lanszwert's Peavine",nan
Yosemite National Park,Vascular Plant,Fabales,Fabaceae,"Everlasting Peavine, Everlasting-Pea, Perennial Pea, Perennial Peavine, Perennial Sweetpea",Uncommon
Yosemite National Park,Vascular Plant,Fabales,Fabaceae,None,Uncommon
Yosemite National Park,Vascular Plant,Fabales,Fabaceae,"Snub Pea, Sulfur Pea",Uncommon
Yosemite National Park,Vascular Plant,Fabales,Fabaceae,Fremont's Birdsfoot Trefoil,Uncommon
Yosemite National Park,Vascular Plant,Fabales,Fabaceae,Big Deervetch,Common
Yosemite National Park,Vascular Plant,Fabales,Fabaceae,"Foothill Deervetch, Maresfat",nan
Yosemite National Park,Vascular Plant,Fabales,Fabaceae,Desert Deervetch,Uncommon
Yosemite National Park,Vascular Plant,Fabales,Fabaceae,"Nevada Bird's-Foot Trefoil, Nevada Trefoil",Common
Yosemite National Park,Vascular Plant,Fabales,Fabaceae,"Streambank Bird's-Foot Trefoil, Streambank Trefoil",Common
Yosemite National Park,Vascular Plant,Fabales,Fabaceae,Common Deerweed,Uncommon
Yosemite National Park,Vascular Plant,Fabales,Fabaceae,"Bishop's Lotus, Strigose Bird's-Foot Trefoil, Strigose Bird's-Foot-Trefoil",Uncommon
Yosemite National Park,Vascular Plant,Fabales,Fabaceae,Chilean Bird's-Foot Trefoil,nan
Yosemite National Park,Vascular Plant,Fabales,Fabaceae,Drew's Silky Lupine,Uncommon
Yosemite National Park,Vascular Plant,Fabales,Fabaceae,Sicklekeel Lupine,Common
Yosemite National Park,Vascular Plant,Fabales,Fabaceae,Silver Lupine,Uncommon
Yosemite National Park,Vascular Plant,Fabales,Fabaceae,Anderson's Lupine,nan
Yosemite National Park,Vascular Plant,Fabales,Fabaceae,"Longspur Lupine, Spurred Lupine",Uncommon
Yosemite National Park,Vascular Plant,Fabales,Fabaceae,None,Uncommon
Yosemite National Park,Vascular Plant,Fabales,Fabaceae,Lake Tahoe Lupine,Uncommon
Yosemite National Park,Vascular Plant,Fabales,Fabaceae,Spider Lupine,Uncommon
Yosemite National Park,Vascular Plant,Fabales,Fabaceae,"Bicolor Lupine, Miniature Lupine",Common
Yosemite National Park,Vascular Plant,Fabales,Fabaceae,Brewer's Lupine,Common
Yosemite National Park,Vascular Plant,Fabales,Fabaceae,Matted Lupine,Uncommon
Yosemite National Park,Vascular Plant,Fabales,Fabaceae,Matted Lupine,Uncommon
Yosemite National Park,Vascular Plant,Fabales,Fabaceae,Shaggy Lupine,Common
Yosemite National Park,Vascular Plant,Fabales,Fabaceae,Summer Lupine,Uncommon
Yosemite National Park,Vascular Plant,Fabales,Fabaceae,Greenstipule Lupine,Uncommon
Yosemite National Park,Vascular Plant,Fabales,Fabaceae,Green Slender Lupine,Rare
Yosemite National Park,Vascular Plant,Fabales,Fabaceae,"Gray's Lupine, Sierra Lupine",Common
Yosemite National Park,Vascular Plant,Fabales,Fabaceae,"Broadleaf Lupine, Broad-Leaf Lupine",nan
Yosemite National Park,Vascular Plant,Fabales,Fabaceae,None,Common
Yosemite National Park,Vascular Plant,Fabales,Fabaceae,None,Uncommon
Yosemite National Park,Vascular Plant,Fabales,Fabaceae,None,Common
Yosemite National Park,Vascular Plant,Fabales,Fabaceae,None,Uncommon
Yosemite National Park,Vascular Plant,Fabales,Fabaceae,None,Uncommon
Yosemite National Park,Vascular Plant,Fabales,Fabaceae,None,Uncommon
Yosemite National Park,Vascular Plant,Fabales,Fabaceae,"Annual Lupine, Sky Lupine",Common
Yosemite National Park,Vascular Plant,Fabales,Fabaceae,None,Uncommon
Yosemite National Park,Vascular Plant,Fabales,Fabaceae,Inyo Meadow Lupine,Rare
Yosemite National Park,Vascular Plant,Fabales,Fabaceae,Riverbank Lupine,nan
Yosemite National Park,Vascular Plant,Fabales,Fabaceae,Harlequin Annual Lupine,Uncommon
Yosemite National Park,Vascular Plant,Fabales,Fabaceae,"Black Medic, Black Medic Clover, Black Medick, Hop Clover, Hop Medic, Nonesuch, Yellow Trefoil",Uncommon
Yosemite National Park,Vascular Plant,Fabales,Fabaceae,"Bur Clover, Bur Medick, Burclover, California Burclover, Toothed Medick",Uncommon
Yosemite National Park,Vascular Plant,Fabales,Fabaceae,Alfalfa,Uncommon
Yosemite National Park,Vascular Plant,Fabales,Fabaceae,White Sweetclover,Uncommon
Yosemite National Park,Vascular Plant,Fabales,Fabaceae,Sourclover,Uncommon
Yosemite National Park,Vascular Plant,Fabales,Fabaceae,"Cornilla Real, Field Melilot, Ribbed Melilot, Yellow Sweetclover, Yellow Sweet-Clover",Uncommon
Yosemite National Park,Vascular Plant,Fabales,Fabaceae,None,Uncommon
Yosemite National Park,Vascular Plant,Fabales,Fabaceae,Parasol Clover,Rare
Yosemite National Park,Vascular Plant,Fabales,Fabaceae,Forest Clover,Common
Yosemite National Park,Vascular Plant,Fabales,Fabaceae,Foothill Clover,Uncommon
Yosemite National Park,Vascular Plant,Fabales,Fabaceae,Cup Clover,Rare
Yosemite National Park,Vascular Plant,Fabales,Fabaceae,"Hop Clover, Smallhop Clover, Suckling Clover",Uncommon
Yosemite National Park,Vascular Plant,Fabales,Fabaceae,Pinpoint Clover,Uncommon
Yosemite National Park,Vascular Plant,Fabales,Fabaceae,None,Common
Yosemite National Park,Vascular Plant,Fabales,Fabaceae,"Littlehead Clover, Smallhead Clover, Small-Head Clover",Common
Yosemite National Park,Vascular Plant,Fabales,Fabaceae,None,nan
Yosemite National Park,Vascular Plant,Fabales,Fabaceae,None,Common
Yosemite National Park,Vascular Plant,Fabales,Fabaceae,Clammy Clover,Uncommon
Yosemite National Park,Vascular Plant,Fabales,Fabaceae,Fewflower Clover,Uncommon
Yosemite National Park,Vascular Plant,Fabales,Fabaceae,Red Clover,Uncommon
Yosemite National Park,Vascular Plant,Fabales,Fabaceae,"Dutch Clover, Ladino Clover, White Clover, White Dutch Clover",Uncommon
Yosemite National Park,Vascular Plant,Fabales,Fabaceae,"Whitetip Clover, White-Tip Clover",Uncommon
Yosemite National Park,Vascular Plant,Fabales,Fabaceae,Tomcat Clover,Uncommon
Yosemite National Park,Vascular Plant,Fabales,Fabaceae,"Cow Clover, Cows Clover, Sierra Clover",Uncommon
Yosemite National Park,Vascular Plant,Fabales,Fabaceae,None,Uncommon
Yosemite National Park,Vascular Plant,Fabales,Fabaceae,"Purple Vetch, Reddish Tufted Vetch",Rare
Yosemite National Park,Vascular Plant,Fagales,Betulaceae,"Mountain Alder, Speckled Alder, Thinleaf Alder",Rare
Yosemite National Park,Vascular Plant,Fagales,Betulaceae,"Rhombie Leaf Alder, White Alder",Uncommon
Yosemite National Park,Vascular Plant,Fagales,Betulaceae,"California Hazel, California Hazelnut",Common
Yosemite National Park,Vascular Plant,Fagales,Fagaceae,"Bush Chinquapin, Sierra Chinkapin",Common
Yosemite National Park,Vascular Plant,Fagales,Fagaceae,Tanoak,Rare
Yosemite National Park,Vascular Plant,Fagales,Fagaceae,Canyon Live Oak,Abundant
Yosemite National Park,Vascular Plant,Fagales,Fagaceae,Blue Oak,Uncommon
Yosemite National Park,Vascular Plant,Fagales,Fagaceae,Oregon White Oak,Uncommon
Yosemite National Park,Vascular Plant,Fagales,Fagaceae,California Black Oak,Common
Yosemite National Park,Vascular Plant,Fagales,Fagaceae,"California White Oak, Valley Oak",Uncommon
Yosemite National Park,Vascular Plant,Fagales,Fagaceae,None,Common
Yosemite National Park,Vascular Plant,Fagales,Fagaceae,Interior Live Oak,Common
Yosemite National Park,Vascular Plant,Fagales,Myricaceae,"Sierra Bayberry, Sierra Sweet-Bay",Rare
Yosemite National Park,Vascular Plant,Garryales,Garryaceae,Bearbrush,Uncommon
Yosemite National Park,Vascular Plant,Gentianales,Apocynaceae,"Bitterroot, Flytrap Dogbane, Spreading Dogbane",Common
Yosemite National Park,Vascular Plant,Gentianales,Apocynaceae,"Common Dogbane, Dogbane, Hemp Dogbane, Indian Hemp, Indian-Hemp, Prairie Dogbane",Common
Yosemite National Park,Vascular Plant,Gentianales,Apocynaceae,"California Milkweed, Round-Hood Milkweed, Woolly Milkweed",nan
Yosemite National Park,Vascular Plant,Gentianales,Apocynaceae,"Heartleaf Milkweed, Purple Milkweed",Common
Yosemite National Park,Vascular Plant,Gentianales,Apocynaceae,"Mexican Whorled Milkweed, Narrowleaf Milkweed, Narrow-Leaved Milkweed",Uncommon
Yosemite National Park,Vascular Plant,Gentianales,Apocynaceae,Showy Milkweed,Common
Yosemite National Park,Vascular Plant,Gentianales,Apocynaceae,"Bigleaf Periwinkle, Greater Periwinkle, Periwinkle",Uncommon
Yosemite National Park,Vascular Plant,Gentianales,Gentianaceae,Charming Centaury,Common
Yosemite National Park,Vascular Plant,Gentianales,Gentianaceae,"Mountain Bog Gentian, Rainier Pleated Gentian",Rare
Yosemite National Park,Vascular Plant,Gentianales,Gentianaceae,Tioga Gentian,Common
Yosemite National Park,Vascular Plant,Gentianales,Gentianaceae,"Autumn Dwarf Gentian, Autumn Dwarfgentian, Autumn Dwarf-Gentian",Common
Yosemite National Park,Vascular Plant,Gentianales,Gentianaceae,"Dane's Dwarf Gentian, Dane's Dwarfgentian",Rare
Yosemite National Park,Vascular Plant,Gentianales,Gentianaceae,"Sierra Fringed Gentian, Sierra Gentian",Common
Yosemite National Park,Vascular Plant,Gentianales,Gentianaceae,"Oneflower Fringed Gentian, Oneflower Gentian",Uncommon
Yosemite National Park,Vascular Plant,Gentianales,Gentianaceae,"Alpinebog Swertia, Felwort, Star Gentian",Uncommon
Yosemite National Park,Vascular Plant,Gentianales,Gentianaceae,None,Common
Yosemite National Park,Vascular Plant,Gentianales,Rubiaceae,None,Rare
Yosemite National Park,Vascular Plant,Gentianales,Rubiaceae,"Bedstraw, Catchweed Bedstraw, Cleavers, Cleaverwort, Goose Grass, Scarthgrass, Stickywilly, Sticky-Willy, White Hedge",Uncommon
Yosemite National Park,Vascular Plant,Gentianales,Rubiaceae,"Twinleaf Bedstraw, Twin-Leaf Bedstraw",Uncommon
Yosemite National Park,Vascular Plant,Gentianales,Rubiaceae,Bolander's Bedstraw,Common
Yosemite National Park,Vascular Plant,Gentianales,Rubiaceae,None,Rare
Yosemite National Park,Vascular Plant,Gentianales,Rubiaceae,Alpine Bedstraw,nan
Yosemite National Park,Vascular Plant,Gentianales,Rubiaceae,None,Common
Yosemite National Park,Vascular Plant,Gentianales,Rubiaceae,"Manyflower Bedstraw, Shrubby Bedstraw",nan
Yosemite National Park,Vascular Plant,Gentianales,Rubiaceae,Wall Bedstraw,Uncommon
Yosemite National Park,Vascular Plant,Gentianales,Rubiaceae,Graceful Bedstraw,Uncommon
Yosemite National Park,Vascular Plant,Gentianales,Rubiaceae,Sequoia Bedstraw,nan
Yosemite National Park,Vascular Plant,Gentianales,Rubiaceae,Sequoia Bedstraw,Uncommon
Yosemite National Park,Vascular Plant,Gentianales,Rubiaceae,None,Common
Yosemite National Park,Vascular Plant,Gentianales,Rubiaceae,None,Uncommon
Yosemite National Park,Vascular Plant,Gentianales,Rubiaceae,"Fragrant Bedstraw, Sweet Bedstraw, Sweetscented Bedstraw",Uncommon
Yosemite National Park,Vascular Plant,Gentianales,Rubiaceae,"Milk Kelloggia, Milky Kelloggia",Common
Yosemite National Park,Vascular Plant,Geraniales,Geraniaceae,Longbeak Stork's Bill,Uncommon
Yosemite National Park,Vascular Plant,Geraniales,Geraniaceae,Shortfruit Stork's Bill,Uncommon
Yosemite National Park,Vascular Plant,Geraniales,Geraniaceae,"Alfilaree, Alfilaria, California Filaree, Cutleaf Filaree, Filaree, Redstem Filaree, Redstem Stork's Bill, Stork's Bill",Uncommon
Yosemite National Park,Vascular Plant,Geraniales,Geraniaceae,California Cranesbill,Uncommon
Yosemite National Park,Vascular Plant,Geraniales,Geraniaceae,"Carolina Crane's-Bill, Carolina Geranium",Uncommon
Yosemite National Park,Vascular Plant,Geraniales,Geraniaceae,Cutleaf Geranium,Uncommon
Yosemite National Park,Vascular Plant,Geraniales,Geraniaceae,Richardson's Geranium,Common
Yosemite National Park,Vascular Plant,Geraniales,Geraniaceae,Robert's Geranium,Uncommon
Yosemite National Park,Vascular Plant,Isoetales,Isoetaceae,Bolander's Quillwort,Common
Yosemite National Park,Vascular Plant,Isoetales,Isoetaceae,Howell's Quillwort,Uncommon
Yosemite National Park,Vascular Plant,Isoetales,Isoetaceae,Nuttall's Quillwort,Uncommon
Yosemite National Park,Vascular Plant,Isoetales,Isoetaceae,Western Quillwort,Rare
Yosemite National Park,Vascular Plant,Lamiales,Lamiaceae,"Horsemint Giant Hyssop, Nettleleaf Giant Hyssop",Common
Yosemite National Park,Vascular Plant,Lamiales,Lamiaceae,"Creeping Charlie, Gill-Over-The-Ground, Ground Ivy, Groundivy, Haymaids",Uncommon
Yosemite National Park,Vascular Plant,Lamiales,Lamiaceae,"Common Henbit, Giraffehead, Henbit, Henbit Deadnettle",Uncommon
Yosemite National Park,Vascular Plant,Lamiales,Lamiaceae,Woodbalm,Rare
Yosemite National Park,Vascular Plant,Lamiales,Lamiaceae,"Bugleweed, Northern Bugleweed, Northern Water-Horehound, Oneflower Bugleweed",Rare
Yosemite National Park,Vascular Plant,Lamiales,Lamiaceae,"Horehound, White Horehound",Uncommon
Yosemite National Park,Vascular Plant,Lamiales,Lamiaceae,"Field Mint, Wild Mint",Uncommon
Yosemite National Park,Vascular Plant,Lamiales,Lamiaceae,None,Uncommon
Yosemite National Park,Vascular Plant,Lamiales,Lamiaceae,"Blue Monardella, Gray Monardella, Pale Monardella",Uncommon
Yosemite National Park,Vascular Plant,Lamiales,Lamiaceae,"Mustang Mint, Mustang Monardella, Mustang Mountainbalm",Common
Yosemite National Park,Vascular Plant,Lamiales,Lamiaceae,"Alpine Mountainbalm, Mountain Monardella",Common
Yosemite National Park,Vascular Plant,Lamiales,Lamiaceae,Shelton's Monardella,Uncommon
Yosemite National Park,Vascular Plant,Lamiales,Lamiaceae,None,Common
Yosemite National Park,Vascular Plant,Lamiales,Lamiaceae,Sierra Mint,Uncommon
Yosemite National Park,Vascular Plant,Lamiales,Lamiaceae,Chia,Uncommon
Yosemite National Park,Vascular Plant,Lamiales,Lamiaceae,Yerba Buena,nan
Yosemite National Park,Vascular Plant,Lamiales,Lamiaceae,Sierra Skullcap,Rare
Yosemite National Park,Vascular Plant,Lamiales,Lamiaceae,Grayleaf Skullcap,Uncommon
Yosemite National Park,Vascular Plant,Lamiales,Lamiaceae,Danny's Skullcap,Uncommon
Yosemite National Park,Vascular Plant,Lamiales,Lamiaceae,None,Uncommon
Yosemite National Park,Vascular Plant,Lamiales,Lamiaceae,"White Hedgenettle, Whitestem Hedgenettle",Uncommon
Yosemite National Park,Vascular Plant,Lamiales,Lamiaceae,Vinegarweed,Uncommon
Yosemite National Park,Vascular Plant,Lamiales,Lamiaceae,Oblong Bluecurls,Uncommon
Yosemite National Park,Vascular Plant,Lamiales,Lentibulariaceae,"Conespur Bladderpod, Humped Bladderwort",Uncommon
Yosemite National Park,Vascular Plant,Lamiales,Lentibulariaceae,"Flatleaf Bladderwort, Flat-Leaf Bladderwort, Mountain Bladderwort",Rare
Yosemite National Park,Vascular Plant,Lamiales,Lentibulariaceae,Lesser Bladderwort,nan
Yosemite National Park,Vascular Plant,Lamiales,Lentibulariaceae,None,Uncommon
Yosemite National Park,Vascular Plant,Lamiales,Linderniaceae,"Moistbank Pimpernel, Shortstalk Lindernia, Yellowseed False Pimpernel, Yellow-Seed False Pimpernel",nan
Yosemite National Park,Vascular Plant,Lamiales,Linderniaceae,"False Pimpernel, Yellowseed False Pimpernel, Yellow-Seed False Pimpernel",Rare
Yosemite National Park,Vascular Plant,Lamiales,Oleaceae,"California Ash, Two-Petal Ash",Uncommon
Yosemite National Park,Vascular Plant,Lamiales,Oleaceae,Oregon Ash,Uncommon
Yosemite National Park,Vascular Plant,Lamiales,Orobanchaceae,None,nan
Yosemite National Park,Vascular Plant,Lamiales,Orobanchaceae,"Pine Indian Paintbrush, Wavyleaf Indian Paintbrush, Wavyleaf Paintbrush",nan
Yosemite National Park,Vascular Plant,Lamiales,Orobanchaceae,Wavyleaf Indian Paintbrush,Uncommon
Yosemite National Park,Vascular Plant,Lamiales,Orobanchaceae,Wavyleaf Indian Paintbrush,Uncommon
Yosemite National Park,Vascular Plant,Lamiales,Orobanchaceae,Wavyleaf Indian Paintbrush,Uncommon
Yosemite National Park,Vascular Plant,Lamiales,Orobanchaceae,"Attenuate Indian Paintbrush, Indian Paintbrush",Uncommon
Yosemite National Park,Vascular Plant,Lamiales,Orobanchaceae,Denseflower Indian Paintbrush,Rare
Yosemite National Park,Vascular Plant,Lamiales,Orobanchaceae,"Exserted Indian Paintbrush, Owl Clover",Uncommon
Yosemite National Park,Vascular Plant,Lamiales,Orobanchaceae,Texas Indian Paintbrush,Rare
Yosemite National Park,Vascular Plant,Lamiales,Orobanchaceae,Cutleaf Indian Paintbrush,Common
Yosemite National Park,Vascular Plant,Lamiales,Orobanchaceae,"Lemmon's Indian Paintbrush, Lemmon's Paintbrush",Common
Yosemite National Park,Vascular Plant,Lamiales,Orobanchaceae,None,Uncommon
Yosemite National Park,Vascular Plant,Lamiales,Orobanchaceae,Giant Red Indian Paintbrush,Common
Yosemite National Park,Vascular Plant,Lamiales,Orobanchaceae,"Annual Indian Paintbrush, Lesser Indian Paintbrush",Rare
Yosemite National Park,Vascular Plant,Lamiales,Orobanchaceae,"Dwarf Alpine Indian Paintbrush, Dwarf Alpine Paintbrush",Rare
Yosemite National Park,Vascular Plant,Lamiales,Orobanchaceae,Mountain Indian Paintbrush,Uncommon
Yosemite National Park,Vascular Plant,Lamiales,Orobanchaceae,"Hairy Paintbrush, Parrothead Indian Paintbrush",Uncommon
Yosemite National Park,Vascular Plant,Lamiales,Orobanchaceae,"Hairy Indian Paintbrush, Slender Paintbrush",Uncommon
Yosemite National Park,Vascular Plant,Lamiales,Orobanchaceae,Stiffbranch Bird's Beak,Rare
Yosemite National Park,Vascular Plant,Lamiales,Orobanchaceae,Stiffbranch Bird's Beak,Uncommon
Yosemite National Park,Vascular Plant,Lamiales,Orobanchaceae,"Slender Bird's Beak, Slender Bird'sbeak",Common
Yosemite National Park,Vascular Plant,Lamiales,Orobanchaceae,Gray's Broomrape,Uncommon
Yosemite National Park,Vascular Plant,Lamiales,Orobanchaceae,"Clustered Broomrape, Clustered Broom-Rape, Purple Broomrape, Tufted Broomrape",Uncommon
Yosemite National Park,Vascular Plant,Lamiales,Orobanchaceae,"Naked Broomrape, Naked Broom-Rape, Oneflowered Broomrape",Uncommon
Yosemite National Park,Vascular Plant,Lamiales,Orobanchaceae,"Cryptantha Owlclover, Cryptantha Owl's-Clover",nan
Yosemite National Park,Vascular Plant,Lamiales,Orobanchaceae,"Golden-Tongue Owl-Clover, Yellow Owlclover, Yellow Owl's-Clover",Rare
Yosemite National Park,Vascular Plant,Lamiales,Orobanchaceae,Little Elephantshead,Common
Yosemite National Park,Vascular Plant,Lamiales,Orobanchaceae,"Bull Elephant's-Head, Elephanthead Lousewort",Uncommon
Yosemite National Park,Vascular Plant,Lamiales,Orobanchaceae,"Bearded Lousewort, Pinewoods Lousewort",Uncommon
Yosemite National Park,Vascular Plant,Lamiales,Phrymaceae,Purplelip Pansy Monkeyflower,nan
Yosemite National Park,Vascular Plant,Lamiales,Phrymaceae,Yellow And White Monkeyflower,Rare
Yosemite National Park,Vascular Plant,Lamiales,Phrymaceae,Bolander's Monkeyflower,Uncommon
Yosemite National Park,Vascular Plant,Lamiales,Phrymaceae,Brewer's Monkeyflower,Common
Yosemite National Park,Vascular Plant,Lamiales,Phrymaceae,"Crimson Monkeyflower, Scarlet Monkeyflower, Scarlet Monkey-Flower",Uncommon
Yosemite National Park,Vascular Plant,Lamiales,Phrymaceae,Congdon's Monkeyflower,Rare
Yosemite National Park,Vascular Plant,Lamiales,Phrymaceae,Brownies,Rare
Yosemite National Park,Vascular Plant,Lamiales,Phrymaceae,"Hetch Hetchy Monkey-Flower, Slenderstem Monkeyflower",Rare
Yosemite National Park,Vascular Plant,Lamiales,Phrymaceae,"Floriferous Monkeyflower, Manyflowered Monkeyflower, Purplestem Monkeyflower",Uncommon
Yosemite National Park,Vascular Plant,Lamiales,Phrymaceae,"Common Monkeyflower, Seep Monkeyflower",Common
Yosemite National Park,Vascular Plant,Lamiales,Phrymaceae,Smallflower Monkeyflower,Rare
Yosemite National Park,Vascular Plant,Lamiales,Phrymaceae,Kellogg's Monkeyflower,Rare
Yosemite National Park,Vascular Plant,Lamiales,Phrymaceae,Cutleaf Monkeyflower,Rare
Yosemite National Park,Vascular Plant,Lamiales,Phrymaceae,Layne's Monkeyflower,Common
Yosemite National Park,Vascular Plant,Lamiales,Phrymaceae,"Least Monkeyflower, Slender Monkeyflower",Uncommon
Yosemite National Park,Vascular Plant,Lamiales,Phrymaceae,"Lewis' Monkeyflower, Purple Monkeyflower",Common
Yosemite National Park,Vascular Plant,Lamiales,Phrymaceae,"Foul Odor Monkeyflower, Foul-Odor Monkeyflower",Common
Yosemite National Park,Vascular Plant,Lamiales,Phrymaceae,"Mointain Monkeyflower, Mountain Monkeyflower",Rare
Yosemite National Park,Vascular Plant,Lamiales,Phrymaceae,"Musk Monkeyflower, Muskflower",Common
Yosemite National Park,Vascular Plant,Lamiales,Phrymaceae,Palmer's Monkeyflower,nan
Yosemite National Park,Vascular Plant,Lamiales,Phrymaceae,False Monkeyflower,Rare
Yosemite National Park,Vascular Plant,Lamiales,Phrymaceae,"Primrose Monkeyflower, Yellow Creeping Monkey-Flower",nan
Yosemite National Park,Vascular Plant,Lamiales,Phrymaceae,None,nan
Yosemite National Park,Vascular Plant,Lamiales,Phrymaceae,None,Uncommon
Yosemite National Park,Vascular Plant,Lamiales,Phrymaceae,Yellowlip Pansy Monkeyflower,Rare
Yosemite National Park,Vascular Plant,Lamiales,Phrymaceae,Candelabrum Monkeyflower,Rare
Yosemite National Park,Vascular Plant,Lamiales,Phrymaceae,"Miniature Monkey-Flower, Suksdorf's Monkeyflower",Uncommon
Yosemite National Park,Vascular Plant,Lamiales,Phrymaceae,"Subalpine Monkeyflower, Subalpine Monkey-Flower, Tiling's Monkeyflower",Common
Yosemite National Park,Vascular Plant,Lamiales,Phrymaceae,Torrey's Monkeyflower,Uncommon
Yosemite National Park,Vascular Plant,Lamiales,Phrymaceae,Sticky Monkeyflower,Uncommon
Yosemite National Park,Vascular Plant,Lamiales,Plantaginaceae,None,nan
Yosemite National Park,Vascular Plant,Lamiales,Plantaginaceae,None,Rare
Yosemite National Park,Vascular Plant,Lamiales,Plantaginaceae,Bolander's Water-Starwort,nan
Yosemite National Park,Vascular Plant,Lamiales,Plantaginaceae,Winged Water-Starwort,Uncommon
Yosemite National Park,Vascular Plant,Lamiales,Plantaginaceae,None,Uncommon
Yosemite National Park,Vascular Plant,Lamiales,Plantaginaceae,Davidson's Blue Eyed Mary,nan
Yosemite National Park,Vascular Plant,Lamiales,Plantaginaceae,Child's Blue Eyed Mary,Rare
Yosemite National Park,Vascular Plant,Lamiales,Plantaginaceae,Purple Chinese Houses,Uncommon
Yosemite National Park,Vascular Plant,Lamiales,Plantaginaceae,Narrowleaf Blue Eyed Mary,Rare
Yosemite National Park,Vascular Plant,Lamiales,Plantaginaceae,"Blue-Eyed Mary, Littleflower Collinsia, Maiden Blue Eyed Mary, Smallflower Blue Eyed Mary, Small-Flower Blue-Eyed Mary",Common
Yosemite National Park,Vascular Plant,Lamiales,Plantaginaceae,Sticky Chinese Houses,Uncommon
Yosemite National Park,Vascular Plant,Lamiales,Plantaginaceae,"Torrey's Blue Eyed Mary, Torrey's Blue-Eyed Mary",Common
Yosemite National Park,Vascular Plant,Lamiales,Plantaginaceae,Wright's Blue Eyed Mary,Common
Yosemite National Park,Vascular Plant,Lamiales,Plantaginaceae,Purple Foxglove,Uncommon
Yosemite National Park,Vascular Plant,Lamiales,Plantaginaceae,Bractless Hedgehyssop,Rare
Yosemite National Park,Vascular Plant,Lamiales,Plantaginaceae,"Clammy Hedgehyssop, Clammy Hedge-Hyssop, Drug Hedgehyssop, Hedge Hyssop, Neglected Hedgehyssop",nan
Yosemite National Park,Vascular Plant,Lamiales,Plantaginaceae,"Common Mare's Tail, Common Mare's-Tail",Uncommon
Yosemite National Park,Vascular Plant,Lamiales,Plantaginaceae,None,Common
Yosemite National Park,Vascular Plant,Lamiales,Plantaginaceae,None,Common
Yosemite National Park,Vascular Plant,Lamiales,Plantaginaceae,Owyhee Mudwort,Uncommon
Yosemite National Park,Vascular Plant,Lamiales,Plantaginaceae,"Awlleaf Mudwort, Awl-Leaf Mudwort, Northern Mudwort, Water Mudwort",nan
Yosemite National Park,Vascular Plant,Lamiales,Plantaginaceae,Azure Penstemon,Rare
Yosemite National Park,Vascular Plant,Lamiales,Plantaginaceae,Davidson's Penstemon,Uncommon
Yosemite National Park,Vascular Plant,Lamiales,Plantaginaceae,"Sierra Beardtongue, Sierra Penstemon",nan
Yosemite National Park,Vascular Plant,Lamiales,Plantaginaceae,Sierra Beardtongue,Common
Yosemite National Park,Vascular Plant,Lamiales,Plantaginaceae,Purdy's Penstemon,Rare
Yosemite National Park,Vascular Plant,Lamiales,Plantaginaceae,None,Common
Yosemite National Park,Vascular Plant,Lamiales,Plantaginaceae,None,Common
Yosemite National Park,Vascular Plant,Lamiales,Plantaginaceae,"Pincushion Beardtongue, Pincushion Penstemon",Uncommon
Yosemite National Park,Vascular Plant,Lamiales,Plantaginaceae,Roezl's Penstemon,Rare
Yosemite National Park,Vascular Plant,Lamiales,Plantaginaceae,"Beaked Beardtongue, Beakflower Penstemon, Bridges' Penstemon",Uncommon
Yosemite National Park,Vascular Plant,Lamiales,Plantaginaceae,Herbaceous Penstemon,Common
Yosemite National Park,Vascular Plant,Lamiales,Plantaginaceae,"Prairie-Clover, Royal Penstemon",nan
Yosemite National Park,Vascular Plant,Lamiales,Plantaginaceae,"Longleaf Plantain, Prairie Plantain, Slender Plantain",nan
Yosemite National Park,Vascular Plant,Lamiales,Plantaginaceae,Dotseed Plantain,nan
Yosemite National Park,Vascular Plant,Lamiales,Plantaginaceae,"Buckhorn Plantain, English Plantain, Lanceleaf Indianwheat, Lanceleaf Plantain, Narrowleaf Plantain, Ribgrass, Ribwort",Common
Yosemite National Park,Vascular Plant,Lamiales,Plantaginaceae,"Broadleaf Plantain, Buckhorn Plantain, Common Plantain, Great Plantain, Rippleseed Plantain",Common
Yosemite National Park,Vascular Plant,Lamiales,Plantaginaceae,"American Speedwell, Brooklime",Uncommon
Yosemite National Park,Vascular Plant,Lamiales,Plantaginaceae,"Blue Water Speedwell, Water Speedwell",nan
Yosemite National Park,Vascular Plant,Lamiales,Plantaginaceae,"Common Speedwell, Corn Speedwell, Rock Speedwell, Wall Speedwell",Rare
Yosemite National Park,Vascular Plant,Lamiales,Plantaginaceae,Cusick's Speedwell,Rare
Yosemite National Park,Vascular Plant,Lamiales,Plantaginaceae,"Hairy Purslane Speedwell, Neckweed",Uncommon
Yosemite National Park,Vascular Plant,Lamiales,Plantaginaceae,"Bird-Eye Speedwell, Birdseye Speedwell, Persian Speedwell, Winter Speedwell",Rare
Yosemite National Park,Vascular Plant,Lamiales,Plantaginaceae,"Grassleaf Speedwell, Grass-Leaf Speedwell, Marsh Speedwell, Skullcap Speedwell",Uncommon
Yosemite National Park,Vascular Plant,Lamiales,Plantaginaceae,"Brightblue Speedwell, Thyme-Leaf Speedwell",Common
Yosemite National Park,Vascular Plant,Lamiales,Plantaginaceae,American Alpine Speedwell,Uncommon
Yosemite National Park,Vascular Plant,Lamiales,Scrophulariaceae,California Figwort,nan
Yosemite National Park,Vascular Plant,Lamiales,Scrophulariaceae,"Desert Figwort, Mountain Figwort",nan
Yosemite National Park,Vascular Plant,Lamiales,Scrophulariaceae,"Moth Mullein, White Moth Mullein",Rare
Yosemite National Park,Vascular Plant,Lamiales,Scrophulariaceae,"Big Taper, Common Mullein, Flannel Mullein, Flannel Plant, Great Mullein, Mullein, Velvet Dock, Velvet Plant, Woolly Mullein",Uncommon
Yosemite National Park,Vascular Plant,Lamiales,Verbenaceae,"Blue Verbena, Blue Vervain, Simpler's-Joy, Swamp Verbena",Rare
Yosemite National Park,Vascular Plant,Lamiales,Verbenaceae,Western Vervain,Uncommon
Yosemite National Park,Vascular Plant,Laurales,Calycanthaceae,"California Spicebush, California-Allspice, Western Sweetshrub",Uncommon
Yosemite National Park,Vascular Plant,Laurales,Lauraceae,California Laurel,Uncommon
Yosemite National Park,Vascular Plant,Liliales,Liliaceae,White Fairy-Lantern,nan
Yosemite National Park,Vascular Plant,Liliales,Liliaceae,Plain Mariposa Lily,Uncommon
Yosemite National Park,Vascular Plant,Liliales,Liliaceae,"Leichtlin's Mariposa Lily, Smokey Mariposa",Uncommon
Yosemite National Park,Vascular Plant,Liliales,Liliaceae,Yellow Mariposa Lily,nan
Yosemite National Park,Vascular Plant,Liliales,Liliaceae,Sierra Mariposa Lily,Uncommon
Yosemite National Park,Vascular Plant,Liliales,Liliaceae,Naked Mariposa Lily,nan
Yosemite National Park,Vascular Plant,Liliales,Liliaceae,Yellow Mariposa,Uncommon
Yosemite National Park,Vascular Plant,Liliales,Liliaceae,Butterfly Mariposa Lily,Common
Yosemite National Park,Vascular Plant,Liliales,Liliaceae,Coast Range Mariposa Lily,nan
Yosemite National Park,Vascular Plant,Liliales,Liliaceae,Bride's Bonnet,Rare
Yosemite National Park,Vascular Plant,Liliales,Liliaceae,Drops Of Gold,Uncommon
Yosemite National Park,Vascular Plant,Liliales,Liliaceae,Purple Fawnlily,nan
Yosemite National Park,Vascular Plant,Liliales,Liliaceae,"Leopard Lily, Spotted Fritillary, Spotted Missionbells",Uncommon
Yosemite National Park,Vascular Plant,Liliales,Liliaceae,Brown Fritillary,Uncommon
Yosemite National Park,Vascular Plant,Liliales,Liliaceae,"Davidson's Fritillary, Pinewoods Fritillary",Rare
Yosemite National Park,Vascular Plant,Liliales,Liliaceae,"Sierra Tiger Lily, Sierra Tigerlily",Common
Yosemite National Park,Vascular Plant,Liliales,Liliaceae,Typical Washington Lily,Uncommon
Yosemite National Park,Vascular Plant,Liliales,Melanthiaceae,Narrowpetal Wakerobin,Rare
Yosemite National Park,Vascular Plant,Liliales,Melanthiaceae,"California False Hellebore, California Falsehellebore",Common
Yosemite National Park,Vascular Plant,Liliales,Melanthiaceae,Giant Deathcamas,Rare
Yosemite National Park,Vascular Plant,Liliales,Melanthiaceae,"Foothill Deathcamas, Sand-Corn",nan
Yosemite National Park,Vascular Plant,Liliales,Melanthiaceae,Meadow Deathcamas,Uncommon
Yosemite National Park,Vascular Plant,Malpighiales,Euphorbiaceae,"Thymeleaf Sandmat, Thyme-Leaf Sandmat",nan
Yosemite National Park,Vascular Plant,Malpighiales,Euphorbiaceae,"Thymeleaf Sandmat, Thyme-Leaf Sandmat, Thymeleaf Spurge",Uncommon
Yosemite National Park,Vascular Plant,Malpighiales,Euphorbiaceae,"Doveweed, Turkey Mullein",Uncommon
Yosemite National Park,Vascular Plant,Malpighiales,Euphorbiaceae,"Chinese Caps, Chinesecaps",Uncommon
Yosemite National Park,Vascular Plant,Malpighiales,Hypericaceae,"Creeping St. Johnswort, Tinker's Penny, Tinker's-Penny",Common
Yosemite National Park,Vascular Plant,Malpighiales,Hypericaceae,None,Uncommon
Yosemite National Park,Vascular Plant,Malpighiales,Hypericaceae,"Common St. John's Wort, Common St. Johnswort, Klamath Weed, Klamathweed, St. John's Wort, St. Johnswort",Uncommon
Yosemite National Park,Vascular Plant,Malpighiales,Linaceae,Prairie Flax,Uncommon
Yosemite National Park,Vascular Plant,Malpighiales,Linaceae,"Lewis' Flax, Prairie Flax",Common
Yosemite National Park,Vascular Plant,Malpighiales,Linaceae,"Digynum Flax, Northwestern Yellowflax",Uncommon
Yosemite National Park,Vascular Plant,Malpighiales,Salicaceae,"Balsam Poplar, Black Cottonwood",Common
Yosemite National Park,Vascular Plant,Malpighiales,Salicaceae,Fremont's Cottonwood,Uncommon
Yosemite National Park,Vascular Plant,Malpighiales,Salicaceae,Quaking Aspen,Common
Yosemite National Park,Vascular Plant,Malpighiales,Salicaceae,Arctic Willow,Common
Yosemite National Park,Vascular Plant,Malpighiales,Salicaceae,"Blueberry Willow, Booth's Willow",Rare
Yosemite National Park,Vascular Plant,Malpighiales,Salicaceae,"Barrenground Willow, Short-Fruited Willow",nan
Yosemite National Park,Vascular Plant,Malpighiales,Salicaceae,"Eastwood's Willow, Mountain Willow",Common
Yosemite National Park,Vascular Plant,Malpighiales,Salicaceae,Narrow-Leaved Willow,Rare
Yosemite National Park,Vascular Plant,Malpighiales,Salicaceae,Geyer's Willow,Uncommon
Yosemite National Park,Vascular Plant,Malpighiales,Salicaceae,Jepson's Willow,Common
Yosemite National Park,Vascular Plant,Malpighiales,Salicaceae,Red Willow,Uncommon
Yosemite National Park,Vascular Plant,Malpighiales,Salicaceae,Arroyo Willow,Uncommon
Yosemite National Park,Vascular Plant,Malpighiales,Salicaceae,Lemmon's Willow,Uncommon
Yosemite National Park,Vascular Plant,Malpighiales,Salicaceae,"Strapleaf Willow, Strap-Leaf Willow",Uncommon
Yosemite National Park,Vascular Plant,Malpighiales,Salicaceae,Pacific Willow,Uncommon
Yosemite National Park,Vascular Plant,Malpighiales,Salicaceae,Yellow Willow,Uncommon
Yosemite National Park,Vascular Plant,Malpighiales,Salicaceae,Dusky Willow,Uncommon
Yosemite National Park,Vascular Plant,Malpighiales,Salicaceae,Sierra Willow,Common
Yosemite National Park,Vascular Plant,Malpighiales,Salicaceae,"Diamondleaf Willow, Tealeaf Willow",Common
Yosemite National Park,Vascular Plant,Malpighiales,Salicaceae,Mackenzie's Willow,Uncommon
Yosemite National Park,Vascular Plant,Malpighiales,Salicaceae,Snow Willow,Rare
Yosemite National Park,Vascular Plant,Malpighiales,Salicaceae,Scouler's Willow,Uncommon
Yosemite National Park,Vascular Plant,Malpighiales,Violaceae,"Blue Violet, Hook Violet, Hookedspur Violet",Common
Yosemite National Park,Vascular Plant,Malpighiales,Violaceae,"European Field Pansy, Field Violet, Wild Pansy",Uncommon
Yosemite National Park,Vascular Plant,Malpighiales,Violaceae,Baker's Violet,nan
Yosemite National Park,Vascular Plant,Malpighiales,Violaceae,Pioneer Violet,Common
Yosemite National Park,Vascular Plant,Malpighiales,Violaceae,Pine Violet,Uncommon
Yosemite National Park,Vascular Plant,Malpighiales,Violaceae,Pine Violet,Common
Yosemite National Park,Vascular Plant,Malpighiales,Violaceae,"Macloskey's Violet, Small White Violet",Common
Yosemite National Park,Vascular Plant,Malpighiales,Violaceae,Goosefoot Yellow Violet,Common
Yosemite National Park,Vascular Plant,Malpighiales,Violaceae,Goosefoot Violet,Uncommon
Yosemite National Park,Vascular Plant,Malpighiales,Violaceae,Goosefoot Violet,Common
Yosemite National Park,Vascular Plant,Malpighiales,Violaceae,Goosefoot Violet,Rare
Yosemite National Park,Vascular Plant,Malpighiales,Violaceae,"Goosefoot Violet, Goosefoot Yellow Violet",Rare
Yosemite National Park,Vascular Plant,Malpighiales,Violaceae,Shelton's Violet,Rare
Yosemite National Park,Vascular Plant,Malvales,Malvaceae,Bull Mallow,Rare
Yosemite National Park,Vascular Plant,Malvales,Malvaceae,"Cheeseweed, Cheeseweed Mallow, Small-Whorl Mallow",Uncommon
Yosemite National Park,Vascular Plant,Malvales,Malvaceae,"Waxy Checkerbloom, Waxy Checkermallow",Uncommon
Yosemite National Park,Vascular Plant,Malvales,Malvaceae,Dwarf Checkerbloom,Uncommon
Yosemite National Park,Vascular Plant,Malvales,Malvaceae,Sierra Checkerbloom,Uncommon
Yosemite National Park,Vascular Plant,Myrtales,Lythraceae,Hyssop Loosestrife,Rare
Yosemite National Park,Vascular Plant,Myrtales,Lythraceae,"Lowland Rotala, Lowland Toothcup, Rotala",Uncommon
Yosemite National Park,Vascular Plant,Myrtales,Onagraceae,"Contorted Suncup, Plains Evening Primrose, Plains Eveningprimrose, Plains Evening-Primrose",Uncommon
Yosemite National Park,Vascular Plant,Myrtales,Onagraceae,Grassland Suncup,nan
Yosemite National Park,Vascular Plant,Myrtales,Onagraceae,Santa Lucia Suncup,Uncommon
Yosemite National Park,Vascular Plant,Myrtales,Onagraceae,"Mono Hot Springs Evening Primrose, Mono Hot Springs Evening-Primrose",Rare
Yosemite National Park,Vascular Plant,Myrtales,Onagraceae,Sierra Suncup,Rare
Yosemite National Park,Vascular Plant,Myrtales,Onagraceae,"Small Enchanter Nightshade, Small Enchanter's Nightshade",Uncommon
Yosemite National Park,Vascular Plant,Myrtales,Onagraceae,Small's Southern Clarkia,Rare
Yosemite National Park,Vascular Plant,Myrtales,Onagraceae,Twolobe Clarkia,Uncommon
Yosemite National Park,Vascular Plant,Myrtales,Onagraceae,Dudley's Clarkia,Common
Yosemite National Park,Vascular Plant,Myrtales,Onagraceae,Whitestem Clarkia,nan
Yosemite National Park,Vascular Plant,Myrtales,Onagraceae,Mountain Clarkia,Uncommon
Yosemite National Park,Vascular Plant,Myrtales,Onagraceae,Waltham Creek Clarkia,Unknown
Yosemite National Park,Vascular Plant,Myrtales,Onagraceae,"Winecup Clarkia, Winecup Fairyfan",Uncommon
Yosemite National Park,Vascular Plant,Myrtales,Onagraceae,Winecup Clarkia,Uncommon
Yosemite National Park,Vascular Plant,Myrtales,Onagraceae,"Broadleaf Clarkia, Diamond Clarkia, Diamond Fairyfan",Common
Yosemite National Park,Vascular Plant,Myrtales,Onagraceae,Elegant Clarkia,Uncommon
Yosemite National Park,Vascular Plant,Myrtales,Onagraceae,Fort Miller Clarkia,Uncommon
Yosemite National Park,Vascular Plant,Myrtales,Onagraceae,"Alpine Willowherb, Alpine Willowweed, Pimpernel Willowherb",Common
Yosemite National Park,Vascular Plant,Myrtales,Onagraceae,Fireweed,Common
Yosemite National Park,Vascular Plant,Myrtales,Onagraceae,"Autumn Willowherb, Autumn Willowweed, Tall Annual Willowherb",Uncommon
Yosemite National Park,Vascular Plant,Myrtales,Onagraceae,Hummingbird Trumpet,Uncommon
Yosemite National Park,Vascular Plant,Myrtales,Onagraceae,"Fringed Willowherb, Hairy Willowherb, Hairy Willowweed",nan
Yosemite National Park,Vascular Plant,Myrtales,Onagraceae,"Coast Willowweed, Fringed Willowherb",Common
Yosemite National Park,Vascular Plant,Myrtales,Onagraceae,"Fringed Willowherb, Glandular Willowherb, Glandular Willowweed",Common
Yosemite National Park,Vascular Plant,Myrtales,Onagraceae,"Dense-Flower Spike-Primrose, Denseflower Willowherb, Denseflower Willowweed",Uncommon
Yosemite National Park,Vascular Plant,Myrtales,Onagraceae,"California Willowherb, Leafy Willowherb",Uncommon
Yosemite National Park,Vascular Plant,Myrtales,Onagraceae,"Glaucus Willowherb, Smooth Willowweed",Uncommon
Yosemite National Park,Vascular Plant,Myrtales,Onagraceae,"Glaucus Willowherb, Smooth Willowweed",Common
Yosemite National Park,Vascular Plant,Myrtales,Onagraceae,"Glandular Willowherb, Hall's Willowweed",Uncommon
Yosemite National Park,Vascular Plant,Myrtales,Onagraceae,Hornemann's Willowherb,Uncommon
Yosemite National Park,Vascular Plant,Myrtales,Onagraceae,Yuba Pass Willowherb,Rare
Yosemite National Park,Vascular Plant,Myrtales,Onagraceae,"Broadleaf Willowweed, Milkflower Willowherb, White-Flower Willowherb",Common
Yosemite National Park,Vascular Plant,Myrtales,Onagraceae,Dwarf Fireweed,Rare
Yosemite National Park,Vascular Plant,Myrtales,Onagraceae,"Chaparral Willowherb, Minute Willowweed",Uncommon
Yosemite National Park,Vascular Plant,Myrtales,Onagraceae,"Rockfringe, Rose Willowweed",Uncommon
Yosemite National Park,Vascular Plant,Myrtales,Onagraceae,"Grants Pass Willowherb, Oregon Fireweed",nan
Yosemite National Park,Vascular Plant,Myrtales,Onagraceae,"Oregon Willowherb, Oregon Willowweed",Uncommon
Yosemite National Park,Vascular Plant,Myrtales,Onagraceae,"Rocky Mountain Willowherb, Rocky Mountain Willowweed",nan
Yosemite National Park,Vascular Plant,Myrtales,Onagraceae,"Narrowleaf Willowweed, Torrey's Willowherb",Uncommon
Yosemite National Park,Vascular Plant,Myrtales,Onagraceae,Deceptive Groundsmoke,Common
Yosemite National Park,Vascular Plant,Myrtales,Onagraceae,Spreading Groundsmoke,Common
Yosemite National Park,Vascular Plant,Myrtales,Onagraceae,Coville's Groundsmoke,Uncommon
Yosemite National Park,Vascular Plant,Myrtales,Onagraceae,"Dwarf Groundsmoke, Zigzag Groundsmoke",nan
Yosemite National Park,Vascular Plant,Myrtales,Onagraceae,"Dwarf Groundsmoke, Low Groundsmoke",Uncommon
Yosemite National Park,Vascular Plant,Myrtales,Onagraceae,"Blackfoot Groundsmoke, Black-Foot Groundsmoke",Common
Yosemite National Park,Vascular Plant,Myrtales,Onagraceae,"Muchbranched Groundsmoke, Pinyon Groundsmoke",Uncommon
Yosemite National Park,Vascular Plant,Myrtales,Onagraceae,"Marsh Primrose-Willow, Marsh Seedbox",Rare
Yosemite National Park,Vascular Plant,Myrtales,Onagraceae,"Hooker's Evening Primrose, Hooker's Eveningprimrose, Hooker's Evening-Primrose",Uncommon
Yosemite National Park,Vascular Plant,Nymphaeales,Cabombaceae,"Schreber's Watershield, Watershield",Uncommon
Yosemite National Park,Vascular Plant,Nymphaeales,Nymphaeaceae,"Rocky Mountain Cowlily, Rocky Mountain Pondlily, Rocky Mountain Pond-Lily, Yellow Pond-Lily",Uncommon
Yosemite National Park,Vascular Plant,Ophioglossales,Ophioglossaceae,"Trianglelobe Moonwort, Upswept Moonwort",Rare
Yosemite National Park,Vascular Plant,Ophioglossales,Ophioglossaceae,"Mingan Island Grapefern, Mingan Moonwort",Rare
Yosemite National Park,Vascular Plant,Ophioglossales,Ophioglossaceae,"Broadleaf Grapefern, Leather Grapefern, Leathery Grapefern, Leathery Grape-Fern",Uncommon
Yosemite National Park,Vascular Plant,Ophioglossales,Ophioglossaceae,"Least Moonwort, Little Grapefern",Common
Yosemite National Park,Vascular Plant,Ophioglossales,Ophioglossaceae,None,Rare
Yosemite National Park,Vascular Plant,Oxalidales,Oxalidaceae,"Creeping Oxalis, Creeping Woodsorrel, 'Ihi, Yellow Oxalis, Yellow Wood Sorrel",Uncommon
Yosemite National Park,Vascular Plant,Pinales,Cupressaceae,Incense Cedar,Abundant
Yosemite National Park,Vascular Plant,Pinales,Cupressaceae,"Common Juniper, Dwarf Juniper",Rare
Yosemite National Park,Vascular Plant,Pinales,Cupressaceae,Western Juniper,Common
Yosemite National Park,Vascular Plant,Pinales,Cupressaceae,"Giant Redwood, Giant Sequoia, Sierra Redwood",Rare
Yosemite National Park,Vascular Plant,Pinales,Pinaceae,"Balsam Fir, Colorado Fir, Concolor Fir, Silver Fir, White Balsam, White Fir",Abundant
Yosemite National Park,Vascular Plant,Pinales,Pinaceae,None,Abundant
Yosemite National Park,Vascular Plant,Pinales,Pinaceae,None,Abundant
Yosemite National Park,Vascular Plant,Pinales,Pinaceae,"Scrub Pine, White Pine, Whitebark Pine",Abundant
Yosemite National Park,Vascular Plant,Pinales,Pinaceae,Knobcone Pine,Uncommon
Yosemite National Park,Vascular Plant,Pinales,Pinaceae,"Sierra Lodgepole Pine, Tamarack Pine",Abundant
Yosemite National Park,Vascular Plant,Pinales,Pinaceae,"Black Pine, Jeffrey Pine, Jeffrey's Pine",Abundant
Yosemite National Park,Vascular Plant,Pinales,Pinaceae,"California Sugar Pine, Sugar Pine",Abundant
Yosemite National Park,Vascular Plant,Pinales,Pinaceae,"Nut Pine, One-Leaf Pine, Singleleaf Pinyon",Uncommon
Yosemite National Park,Vascular Plant,Pinales,Pinaceae,"Idaho White Pine, Mountain White Pine, Silver Pine, Western White Pine",Abundant
Yosemite National Park,Vascular Plant,Pinales,Pinaceae,"Blackjack Pine, Bull Pine, Ponderosa Pine, Rock Pine, Western Yellow Pine",Abundant
Yosemite National Park,Vascular Plant,Pinales,Pinaceae,"Bull Pine, California Foothill Pine, Digger Pine, Gray Pine",Common
Yosemite National Park,Vascular Plant,Pinales,Pinaceae,"Coast Douglas-Fir, Douglas-Fir",Abundant
Yosemite National Park,Vascular Plant,Pinales,Pinaceae,"Alpine Hemlock, Black Hemlock, Hemlock Spruce, Mountain Hemlock",Abundant
Yosemite National Park,Vascular Plant,Pinales,Taxaceae,"California Nutmeg, California Torreya",Uncommon
Yosemite National Park,Vascular Plant,Piperales,Aristolochiaceae,Hartweg's Wildginger,Uncommon
Yosemite National Park,Vascular Plant,Piperales,Aristolochiaceae,Lemmon's Wildginger,Rare
Yosemite National Park,Vascular Plant,Poales,Cyperaceae,"Densetuft Hairsedge, Threadleaf Beakseed",Rare
Yosemite National Park,Vascular Plant,Poales,Cyperaceae,Abruptbeak Sedge,Common
Yosemite National Park,Vascular Plant,Poales,Cyperaceae,"Blackandwhite Sedge, Black-And-White Sedge",Rare
Yosemite National Park,Vascular Plant,Poales,Cyperaceae,Claspbract Sedge,Rare
Yosemite National Park,Vascular Plant,Poales,Cyperaceae,Bigleaf Sedge,Uncommon
Yosemite National Park,Vascular Plant,Poales,Cyperaceae,"Common Meadow Sedge, Widefruit Sedge",Rare
Yosemite National Park,Vascular Plant,Poales,Cyperaceae,"Leafy Tussock Sedge, Water Sedge",Rare
Yosemite National Park,Vascular Plant,Poales,Cyperaceae,"Slenderbeak Sedge, Slender-Beak Sedge",Common
Yosemite National Park,Vascular Plant,Poales,Cyperaceae,"Golden Sedge, Golden-Fruit Sedge",Uncommon
Yosemite National Park,Vascular Plant,Poales,Cyperaceae,"Bolander Sedge, Bolander's Sedge, Wood Sedge",Common
Yosemite National Park,Vascular Plant,Poales,Cyperaceae,Brainerd's Sedge,Uncommon
Yosemite National Park,Vascular Plant,Poales,Cyperaceae,None,Common
Yosemite National Park,Vascular Plant,Poales,Cyperaceae,"Brown Bog Sedge, Buxbaum Sedge, Buxbaum's Sedge",Rare
Yosemite National Park,Vascular Plant,Poales,Cyperaceae,"Silver Sedge, Silvery Sedge",Rare
Yosemite National Park,Vascular Plant,Poales,Cyperaceae,"Arctic Sedge, Capitate Sedge",Rare
Yosemite National Park,Vascular Plant,Poales,Cyperaceae,Congdon's Sedge,Rare
Yosemite National Park,Vascular Plant,Poales,Cyperaceae,Cusick's Sedge,Rare
Yosemite National Park,Vascular Plant,Poales,Cyperaceae,Davy's Sedge,Rare
Yosemite National Park,Vascular Plant,Poales,Cyperaceae,Dense Sedge,Uncommon
Yosemite National Park,Vascular Plant,Poales,Cyperaceae,None,Uncommon
Yosemite National Park,Vascular Plant,Poales,Cyperaceae,"Douglas Sedge, Douglas' Sedge",Uncommon
Yosemite National Park,Vascular Plant,Poales,Cyperaceae,"Star Sedge, Stellate Sedge",Rare
Yosemite National Park,Vascular Plant,Poales,Cyperaceae,Greensheath Sedge,Common
Yosemite National Park,Vascular Plant,Poales,Cyperaceae,Shorthair Sedge,Common
Yosemite National Park,Vascular Plant,Poales,Cyperaceae,None,Rare
Yosemite National Park,Vascular Plant,Poales,Cyperaceae,"Canyon Sedge, Cleft Sedge",Rare
Yosemite National Park,Vascular Plant,Poales,Cyperaceae,Fragile Sheath Sedge,Common
Yosemite National Park,Vascular Plant,Poales,Cyperaceae,"Hasse's Sedge, Salt Sedge, Saltsedge",nan
Yosemite National Park,Vascular Plant,Poales,Cyperaceae,"Cloud Sedge, Hayden Sedge, Hayden's Sedge",Rare
Yosemite National Park,Vascular Plant,Poales,Cyperaceae,"Heller's Sedge, Sierra Sedge",Uncommon
Yosemite National Park,Vascular Plant,Poales,Cyperaceae,"Different Nerve Sedge, Different-Nerve Sedge, Nerve Sedge",Uncommon
Yosemite National Park,Vascular Plant,Poales,Cyperaceae,"Different Nerve Sedge, Different-Nerve Sedge",Uncommon
Yosemite National Park,Vascular Plant,Poales,Cyperaceae,"Hood Sedge, Hood's Sedge",Common
Yosemite National Park,Vascular Plant,Poales,Cyperaceae,"Sheep Sedge, Smallhead Sedge",Uncommon
Yosemite National Park,Vascular Plant,Poales,Cyperaceae,Coastal Sand Sedge,Rare
Yosemite National Park,Vascular Plant,Poales,Cyperaceae,"Smoothbead Sedge, Smoothbeak Sedge",Rare
Yosemite National Park,Vascular Plant,Poales,Cyperaceae,"Jones Sedge, Jones' Sedge",Common
Yosemite National Park,Vascular Plant,Poales,Cyperaceae,Smoothstem Sedge,nan
Yosemite National Park,Vascular Plant,Poales,Cyperaceae,Woolly Sedge,Common
Yosemite National Park,Vascular Plant,Poales,Cyperaceae,Lemmon's Sedge,Uncommon
Yosemite National Park,Vascular Plant,Poales,Cyperaceae,"Fewrib Sedge, Lakeshore Sedge",Uncommon
Yosemite National Park,Vascular Plant,Poales,Cyperaceae,"Kellogg Sedge, Kellogg's Sedge",Uncommon
Yosemite National Park,Vascular Plant,Poales,Cyperaceae,"Hare Sedge, Sierra Hare Sedge, Sierrahare Sedge",Uncommon
Yosemite National Park,Vascular Plant,Poales,Cyperaceae,Mud Sedge,Rare
Yosemite National Park,Vascular Plant,Poales,Cyperaceae,Littleleaf Sedge,Common
Yosemite National Park,Vascular Plant,Poales,Cyperaceae,Mariposa Sedge,Uncommon
Yosemite National Park,Vascular Plant,Poales,Cyperaceae,"Ovalhead Sedge, Smallwing Sedge",Common
Yosemite National Park,Vascular Plant,Poales,Cyperaceae,Manystem Sedge,Common
Yosemite National Park,Vascular Plant,Poales,Cyperaceae,Manyrib Sedge,Common
Yosemite National Park,Vascular Plant,Poales,Cyperaceae,Nebraska Sedge,Common
Yosemite National Park,Vascular Plant,Poales,Cyperaceae,"Nerved Sedge, Sierra Sedge",Uncommon
Yosemite National Park,Vascular Plant,Poales,Cyperaceae,Black Alpine Sedge,Common
Yosemite National Park,Vascular Plant,Poales,Cyperaceae,Naked Sedge,Uncommon
Yosemite National Park,Vascular Plant,Poales,Cyperaceae,"Chamisso Sedge, Thickhead Sedge",Uncommon
Yosemite National Park,Vascular Plant,Poales,Cyperaceae,"Dunehead Sedge, Dunhead Sedge",Uncommon
Yosemite National Park,Vascular Plant,Poales,Cyperaceae,Early Sedge,Uncommon
Yosemite National Park,Vascular Plant,Poales,Cyperaceae,"Clustered Field Sedge, Slim Sedge",Rare
Yosemite National Park,Vascular Plant,Poales,Cyperaceae,"Meadow Sedge, Northern Meadow Sedge",Rare
Yosemite National Park,Vascular Plant,Poales,Cyperaceae,Presl's Sedge,Uncommon
Yosemite National Park,Vascular Plant,Poales,Cyperaceae,"Raynolds Sedge, Raynold's Sedge, Raynolds' Sedge",Uncommon
Yosemite National Park,Vascular Plant,Poales,Cyperaceae,"Ross Sedge, Ross' Sedge, Ross's Sedge, Shortstemmed Sedge",Common
Yosemite National Park,Vascular Plant,Poales,Cyperaceae,Yosemite Sedge,Rare
Yosemite National Park,Vascular Plant,Poales,Cyperaceae,None,Rare
Yosemite National Park,Vascular Plant,Poales,Cyperaceae,"Craterlike Sedge, Mountain Sedge",Uncommon
Yosemite National Park,Vascular Plant,Poales,Cyperaceae,"Swamp Carex, Swamp Sedge",Uncommon
Yosemite National Park,Vascular Plant,Poales,Cyperaceae,"Analogue Sedge, Shortbeak Sedge",Rare
Yosemite National Park,Vascular Plant,Poales,Cyperaceae,Narrowfruit Sedge,Common
Yosemite National Park,Vascular Plant,Poales,Cyperaceae,Showy Sedge,Uncommon
Yosemite National Park,Vascular Plant,Poales,Cyperaceae,Owlfruit Sedge,Rare
Yosemite National Park,Vascular Plant,Poales,Cyperaceae,Shasta Sedge,Uncommon
Yosemite National Park,Vascular Plant,Poales,Cyperaceae,Brown Sedge,Uncommon
Yosemite National Park,Vascular Plant,Poales,Cyperaceae,"Black Sedge, Nearlyblack Sedge",Uncommon
Yosemite National Park,Vascular Plant,Poales,Cyperaceae,Tahoe Sedge,Rare
Yosemite National Park,Vascular Plant,Poales,Cyperaceae,Tioga Pass Sedge,Rare
Yosemite National Park,Vascular Plant,Poales,Cyperaceae,Thompkins' Sedge,Rare
Yosemite National Park,Vascular Plant,Poales,Cyperaceae,Northwest Territory Sedge,Common
Yosemite National Park,Vascular Plant,Poales,Cyperaceae,"Native Sedge, Spring Sedge",Common
Yosemite National Park,Vascular Plant,Poales,Cyperaceae,"Blister Sedge, Lesser Bladder Sedge",Common
Yosemite National Park,Vascular Plant,Poales,Cyperaceae,"Whitney Sedge, Whitney's Sedge",Common
Yosemite National Park,Vascular Plant,Poales,Cyperaceae,Tall Flatsedge,Uncommon
Yosemite National Park,Vascular Plant,Poales,Cyperaceae,"Chufa Flatsedge, Yellow Nutgrass, Yellow Nutsedge",nan
Yosemite National Park,Vascular Plant,Poales,Cyperaceae,"Awned Flat Sedge, Bearded Flatsedge, Bearded Nutgrass",Uncommon
Yosemite National Park,Vascular Plant,Poales,Cyperaceae,Threeway Sedge,Rare
Yosemite National Park,Vascular Plant,Poales,Cyperaceae,"Needle Spikerush, Needle Spike-Rush",Common
Yosemite National Park,Vascular Plant,Poales,Cyperaceae,None,Common
Yosemite National Park,Vascular Plant,Poales,Cyperaceae,Bolander's Spikerush,Uncommon
Yosemite National Park,Vascular Plant,Poales,Cyperaceae,Decumbent Spikerush,Rare
Yosemite National Park,Vascular Plant,Poales,Cyperaceae,Pale Spikerush,Uncommon
Yosemite National Park,Vascular Plant,Poales,Cyperaceae,None,Uncommon
Yosemite National Park,Vascular Plant,Poales,Cyperaceae,"Parish Spikerush, Parish's Spikerush",Uncommon
Yosemite National Park,Vascular Plant,Poales,Cyperaceae,None,Uncommon
Yosemite National Park,Vascular Plant,Poales,Cyperaceae,Fringed Cottongrass,Uncommon
Yosemite National Park,Vascular Plant,Poales,Cyperaceae,"Slender Cottongrass, Slender Cotton-Grass, Slender Cottonsedge",Rare
Yosemite National Park,Vascular Plant,Poales,Cyperaceae,None,nan
Yosemite National Park,Vascular Plant,Poales,Cyperaceae,"Dwarf Bulrush, Smallflower Halfchaff Sedge, Small-Flower Halfchaff Sedge, Smallflower Hemicarpha",Rare
Yosemite National Park,Vascular Plant,Poales,Cyperaceae,Western Halfchaff Sedge,Uncommon
Yosemite National Park,Vascular Plant,Poales,Cyperaceae,White Beaksedge,Rare
Yosemite National Park,Vascular Plant,Poales,Cyperaceae,None,Uncommon
Yosemite National Park,Vascular Plant,Poales,Cyperaceae,None,nan
Yosemite National Park,Vascular Plant,Poales,Cyperaceae,Low Bulrush,nan
Yosemite National Park,Vascular Plant,Poales,Cyperaceae,None,Rare
Yosemite National Park,Vascular Plant,Poales,Cyperaceae,Congdon's Bulrush,Uncommon
Yosemite National Park,Vascular Plant,Poales,Cyperaceae,"Bulrush, Woolgrass",Rare
Yosemite National Park,Vascular Plant,Poales,Cyperaceae,Umbrella Bulrush,Uncommon
Yosemite National Park,Vascular Plant,Poales,Cyperaceae,"Panicled Bulrush, Red-Tinge Bulrush, Smallfruit Bulrush",Common
Yosemite National Park,Vascular Plant,Poales,Cyperaceae,None,nan
Yosemite National Park,Vascular Plant,Poales,Cyperaceae,None,Rare
Yosemite National Park,Vascular Plant,Poales,Juncaceae,Baltic Rush,Uncommon
Yosemite National Park,Vascular Plant,Poales,Juncaceae,Moss Rush,nan
Yosemite National Park,Vascular Plant,Poales,Juncaceae,Toad Rush,Common
Yosemite National Park,Vascular Plant,Poales,Juncaceae,Toad Rush,Common
Yosemite National Park,Vascular Plant,Poales,Juncaceae,Hairystem Dwarf Rush,Rare
Yosemite National Park,Vascular Plant,Poales,Juncaceae,Greenhead Rush,Uncommon
Yosemite National Park,Vascular Plant,Poales,Juncaceae,Colorado Rush,Uncommon
Yosemite National Park,Vascular Plant,Poales,Juncaceae,Coville's Rush,Uncommon
Yosemite National Park,Vascular Plant,Poales,Juncaceae,"Drummond Rush, Drummond's Rush",Uncommon
Yosemite National Park,Vascular Plant,Poales,Juncaceae,"Dubius Rush, Mariposa Rush, Questionable Rush",Common
Yosemite National Park,Vascular Plant,Poales,Juncaceae,"Lamp Rush, Small Rush",Common
Yosemite National Park,Vascular Plant,Poales,Juncaceae,Pacific Rush,Common
Yosemite National Park,Vascular Plant,Poales,Juncaceae,"Swordleaf Rush, Three-Stamened Rush",Uncommon
Yosemite National Park,Vascular Plant,Poales,Juncaceae,Herman's Dwarf Rush,Rare
Yosemite National Park,Vascular Plant,Poales,Juncaceae,Herman's Dwarf Rush,Uncommon
Yosemite National Park,Vascular Plant,Poales,Juncaceae,"Long-Style Rush, Long-Styled Rush",Uncommon
Yosemite National Park,Vascular Plant,Poales,Juncaceae,Longanther Rush,Uncommon
Yosemite National Park,Vascular Plant,Poales,Juncaceae,Mertens' Rush,Uncommon
Yosemite National Park,Vascular Plant,Poales,Juncaceae,Mexican Rush,Uncommon
Yosemite National Park,Vascular Plant,Poales,Juncaceae,"Nevada Rush, Sierra Rush",Uncommon
Yosemite National Park,Vascular Plant,Poales,Juncaceae,Western Rush,Common
Yosemite National Park,Vascular Plant,Poales,Juncaceae,Straightleaf Rush,Uncommon
Yosemite National Park,Vascular Plant,Poales,Juncaceae,Pointed Rush,Uncommon
Yosemite National Park,Vascular Plant,Poales,Juncaceae,"Parry Rush, Parry's Rush",Uncommon
Yosemite National Park,Vascular Plant,Poales,Juncaceae,Rocky Mountain Rush,Uncommon
Yosemite National Park,Vascular Plant,Poales,Juncaceae,"Field Rush, Path Rush, Poverty Rush, Slender Rush, Slender Yard Rush, Wiregrass",nan
Yosemite National Park,Vascular Plant,Poales,Juncaceae,"Nevada Rush, Tiehm's Rush",Rare
Yosemite National Park,Vascular Plant,Poales,Juncaceae,Yosemite Dwarf Rush,Common
Yosemite National Park,Vascular Plant,Poales,Juncaceae,Twelfth Rush,Uncommon
Yosemite National Park,Vascular Plant,Poales,Juncaceae,Irisleaf Rush,Uncommon
Yosemite National Park,Vascular Plant,Poales,Juncaceae,Pacific Woodrush,Common
Yosemite National Park,Vascular Plant,Poales,Juncaceae,Forked Woodrush,Uncommon
Yosemite National Park,Vascular Plant,Poales,Juncaceae,Sierra Woodrush,Uncommon
Yosemite National Park,Vascular Plant,Poales,Juncaceae,"Millet Woodrush, Smallflower Woodrush, Smallflowered Woodrush",Common
Yosemite National Park,Vascular Plant,Poales,Juncaceae,"Spiked Woodrush, Spiked Wood-Rush",Uncommon
Yosemite National Park,Vascular Plant,Poales,Juncaceae,Donner Woodrush,Uncommon
Yosemite National Park,Vascular Plant,Poales,Poaceae,Sierra Needlegrass,Rare
Yosemite National Park,Vascular Plant,Poales,Poaceae,Lemmon's Needlegrass,Common
Yosemite National Park,Vascular Plant,Poales,Poaceae,"Letterman Needlegrass, Letterman's Needlegrass",Uncommon
Yosemite National Park,Vascular Plant,Poales,Poaceae,"Columbia Needlegrass, Dore's Needlegrass",Uncommon
Yosemite National Park,Vascular Plant,Poales,Poaceae,Nevada Needlegrass,Rare
Yosemite National Park,Vascular Plant,Poales,Poaceae,Western Needlegrass,nan
Yosemite National Park,Vascular Plant,Poales,Poaceae,California Needlegrass,Common
Yosemite National Park,Vascular Plant,Poales,Poaceae,"Western Needle Grass, Western Needlegrass",Uncommon
Yosemite National Park,Vascular Plant,Poales,Poaceae,"Elmer's Needlegrass, Pubescent Western Needlegrass",Uncommon
Yosemite National Park,Vascular Plant,Poales,Poaceae,"Pine Needlegrass, Pine-Forest Needle Grass, Pinewoods Needlegrass",Uncommon
Yosemite National Park,Vascular Plant,Poales,Poaceae,Thurber's Needlegrass,nan
Yosemite National Park,Vascular Plant,Poales,Poaceae,"Colonial Bent, Colonial Bentgrass",Rare
Yosemite National Park,Vascular Plant,Poales,Poaceae,Spike Bentgrass,Common
Yosemite National Park,Vascular Plant,Poales,Poaceae,"Black Bent, Redtop, Water Bentgrass",Common
Yosemite National Park,Vascular Plant,Poales,Poaceae,"Alpine Bentgrass, Mountain Bent Grass",Rare
Yosemite National Park,Vascular Plant,Poales,Poaceae,"Idaho Bentgrass, Idaho Redtop",Uncommon
Yosemite National Park,Vascular Plant,Poales,Poaceae,"Oregon Bentgrass, Oregon Redtop",nan
Yosemite National Park,Vascular Plant,Poales,Poaceae,Seashore Bentgrass,Uncommon
Yosemite National Park,Vascular Plant,Poales,Poaceae,"Rough Bent, Rough Bentgrass, Ticklegrass",Uncommon
Yosemite National Park,Vascular Plant,Poales,Poaceae,"Carpet Bentgrass, Creeping Bent, Creeping Bentgrass, Redtop, Redtop Bent, Seaside Bentgrass, Spreading Bent",Common
Yosemite National Park,Vascular Plant,Poales,Poaceae,Thurber's Bentgrass,Uncommon
Yosemite National Park,Vascular Plant,Poales,Poaceae,"Mountain Bentgrass, Mountain Redtop",Uncommon
Yosemite National Park,Vascular Plant,Poales,Poaceae,None,nan
Yosemite National Park,Vascular Plant,Poales,Poaceae,Silver Hairgrass,Common
Yosemite National Park,Vascular Plant,Poales,Poaceae,"Short Foxtail, Shortawn Foxtail, Short-Awn Meadow-Foxtail",Uncommon
Yosemite National Park,Vascular Plant,Poales,Poaceae,"Broomsedge, Broomsedge Bluestem",Rare
Yosemite National Park,Vascular Plant,Poales,Poaceae,Poverty Threeawn,Rare
Yosemite National Park,Vascular Plant,Poales,Poaceae,"Slender Oat, Slender Oats, Slender Wildoat",Common
Yosemite National Park,Vascular Plant,Poales,Poaceae,"Flaxgrass, Oatgrass, Wheat Oats, Wild Oat, Wild Oats",Common
Yosemite National Park,Vascular Plant,Poales,Poaceae,Little Quakinggrass,Rare
Yosemite National Park,Vascular Plant,Poales,Poaceae,Australian Brome,Rare
Yosemite National Park,Vascular Plant,Poales,Poaceae,None,Common
Yosemite National Park,Vascular Plant,Poales,Poaceae,"Rescue Brome, Rescue Grass, Rescuegras, Rescuegrass",Rare
Yosemite National Park,Vascular Plant,Poales,Poaceae,Fringed Brome,Uncommon
Yosemite National Park,Vascular Plant,Poales,Poaceae,Ripgut Brome,Uncommon
Yosemite National Park,Vascular Plant,Poales,Poaceae,Tall Brome,Uncommon
Yosemite National Park,Vascular Plant,Poales,Poaceae,"Soft Brome, Soft Chess",Uncommon
Yosemite National Park,Vascular Plant,Poales,Poaceae,Smooth Brome,Uncommon
Yosemite National Park,Vascular Plant,Poales,Poaceae,"Japanese Brome, Japanese Bromegrass, Japanese Chess",Uncommon
Yosemite National Park,Vascular Plant,Poales,Poaceae,"Chinook Brome, Woodland Brome",Uncommon
Yosemite National Park,Vascular Plant,Poales,Poaceae,None,Rare
Yosemite National Park,Vascular Plant,Poales,Poaceae,None,Uncommon
Yosemite National Park,Vascular Plant,Poales,Poaceae,"Orcutt Brome, Orcutt's Brome",Common
Yosemite National Park,Vascular Plant,Poales,Poaceae,"Bromegrass, Cheat, Chess, Chess Brome, Rye Brome, Ryebrome",Uncommon
Yosemite National Park,Vascular Plant,Poales,Poaceae,"Barren Bromegrass, Poverty Brome, Sterile Brome",Rare
Yosemite National Park,Vascular Plant,Poales,Poaceae,Suksdorf's Brome,Uncommon
Yosemite National Park,Vascular Plant,Poales,Poaceae,"Cheat Grass, Cheatgrass, Downy Brome, Early Chess, Military Grass, Wild Oats",Uncommon
Yosemite National Park,Vascular Plant,Poales,Poaceae,Columbia Brome,nan
Yosemite National Park,Vascular Plant,Poales,Poaceae,Shorthair Reedgrass,Uncommon
Yosemite National Park,Vascular Plant,Poales,Poaceae,"Bluejoint, Bluejoint Reedgrass",Common
Yosemite National Park,Vascular Plant,Poales,Poaceae,Purple Reedgrass,Uncommon
Yosemite National Park,Vascular Plant,Poales,Poaceae,"Northern Reedgrass, Slim-Stem Reed Grass",Uncommon
Yosemite National Park,Vascular Plant,Poales,Poaceae,Bolander's Woodreed,Rare
Yosemite National Park,Vascular Plant,Poales,Poaceae,"Drooping Woodreed, Slender Wood-Reed",nan
Yosemite National Park,Vascular Plant,Poales,Poaceae,"Bermudagrass, Chiendent Pied-De-Poule, Common Bermudagrass, Devilgrass, Grama-Seda, Manienie, Motie Molulu",Rare
Yosemite National Park,Vascular Plant,Poales,Poaceae,Bristly Dogstail Grass,Uncommon
Yosemite National Park,Vascular Plant,Poales,Poaceae,"Cocksfoot, Orchard Grass, Orchardgrass",Common
Yosemite National Park,Vascular Plant,Poales,Poaceae,None,Uncommon
Yosemite National Park,Vascular Plant,Poales,Poaceae,California Wild Oatgrass,Uncommon
Yosemite National Park,Vascular Plant,Poales,Poaceae,Timber Oatgrass,Common
Yosemite National Park,Vascular Plant,Poales,Poaceae,"Onespike Danthonia, Onespike Oatgrass",Uncommon
Yosemite National Park,Vascular Plant,Poales,Poaceae,Tufted Hairgrass,Common
Yosemite National Park,Vascular Plant,Poales,Poaceae,Annual Hairgrass,Common
Yosemite National Park,Vascular Plant,Poales,Poaceae,Slender Hairgrass,Uncommon
Yosemite National Park,Vascular Plant,Poales,Poaceae,"Small Crabgrass, Smooth Crab Grass, Smooth Crabgrass",Uncommon
Yosemite National Park,Vascular Plant,Poales,Poaceae,"Crabgrass, Hairy Crab Grass, Hairy Crabgrass, Large Crabgrass, Purple Crabgrass, Redhair Crabgrass",Uncommon
Yosemite National Park,Vascular Plant,Poales,Poaceae,"Desert Saltgrass, Inland Saltgrass, Marsh Spikegrass, Saltgrass, Seashore Saltgrass",Rare
Yosemite National Park,Vascular Plant,Poales,Poaceae,"Barnyard Grass, Barnyardgrass, Cockspur, Japanese Millet, Large Barnyard Grass, Watergrass",Rare
Yosemite National Park,Vascular Plant,Poales,Poaceae,Squirreltail,Common
Yosemite National Park,Vascular Plant,Poales,Poaceae,"Bottlebrush Squirreltail, Squirreltail",nan
Yosemite National Park,Vascular Plant,Poales,Poaceae,"Blue Wild Rye, Blue Wildrye",Uncommon
Yosemite National Park,Vascular Plant,Poales,Poaceae,Jepson's Blue Wildrye,Unknown
Yosemite National Park,Vascular Plant,Poales,Poaceae,"Big Squirreltail, Big Wild Rye",Uncommon
Yosemite National Park,Vascular Plant,Poales,Poaceae,Sierra Wildrye,Uncommon
Yosemite National Park,Vascular Plant,Poales,Poaceae,Parish Wheatgrass,Uncommon
Yosemite National Park,Vascular Plant,Poales,Poaceae,"Bearded Wheatgrass, Slender Wheatgrass, Slender Wild Rye",Uncommon
Yosemite National Park,Vascular Plant,Poales,Poaceae,Slender Wheatgrass,Uncommon
Yosemite National Park,Vascular Plant,Poales,Poaceae,"Candy Grass, Lovegrass, Stink Grass, Stinkgrass, Strongscented Lovegrass",Rare
Yosemite National Park,Vascular Plant,Poales,Poaceae,Mexican Lovegrass,Uncommon
Yosemite National Park,Vascular Plant,Poales,Poaceae,Indian Lovegrass,Rare
Yosemite National Park,Vascular Plant,Poales,Poaceae,"Alta Fescue, Coarse Fescue, Reed Fescue, Tall Fescue",Rare
Yosemite National Park,Vascular Plant,Poales,Poaceae,Alpine Fescue,Uncommon
Yosemite National Park,Vascular Plant,Poales,Poaceae,Idaho Fescue,Uncommon
Yosemite National Park,Vascular Plant,Poales,Poaceae,"Smallflower Fescue, Small-Flower Fescue",Rare
Yosemite National Park,Vascular Plant,Poales,Poaceae,Western Fescue,Common
Yosemite National Park,Vascular Plant,Poales,Poaceae,None,Rare
Yosemite National Park,Vascular Plant,Poales,Poaceae,"Ravine Fescue, Red Fescue",Uncommon
Yosemite National Park,Vascular Plant,Poales,Poaceae,Rocky Mountain Fescue,nan
Yosemite National Park,Vascular Plant,Poales,Poaceae,"Bearded Fescue, Nodding Fescue",Uncommon
Yosemite National Park,Vascular Plant,Poales,Poaceae,"Northern Mannagrass, Small Floating Manna Grass, Small Floating Mannagrass",Rare
Yosemite National Park,Vascular Plant,Poales,Poaceae,Tall Mannagrass,Common
Yosemite National Park,Vascular Plant,Poales,Poaceae,"Fowl Manna Grass, Fowl Mannagrass",Rare
Yosemite National Park,Vascular Plant,Poales,Poaceae,"Needle And Thread, Needleandthread",Uncommon
Yosemite National Park,Vascular Plant,Poales,Poaceae,"Common Velvetgrass, Velvetgrass, Yorkshire Fog",Uncommon
Yosemite National Park,Vascular Plant,Poales,Poaceae,Meadow Barley,Common
Yosemite National Park,Vascular Plant,Poales,Poaceae,California Barley,Unknown
Yosemite National Park,Vascular Plant,Poales,Poaceae,None,Common
Yosemite National Park,Vascular Plant,Poales,Poaceae,Smooth Barley,Rare
Yosemite National Park,Vascular Plant,Poales,Poaceae,"Lepor Barley, Leporinum Barley",Rare
Yosemite National Park,Vascular Plant,Poales,Poaceae,Wall Barley,Rare
Yosemite National Park,Vascular Plant,Poales,Poaceae,"Junegrass, Prairie Junegrass",Uncommon
Yosemite National Park,Vascular Plant,Poales,Poaceae,"Beardless Lyme Grass, Beardless Wildrye, Creeping Wildrye",Uncommon
Yosemite National Park,Vascular Plant,Poales,Poaceae,"Annual Ryegrass, Italian Ryegrass",Uncommon
Yosemite National Park,Vascular Plant,Poales,Poaceae,"Italian Ryegrass, Perennial Rye Grass, Perennial Ryegrass",Uncommon
Yosemite National Park,Vascular Plant,Poales,Poaceae,"Darnel, Darnel Ryegrass, Poison Darnel",Uncommon
Yosemite National Park,Vascular Plant,Poales,Poaceae,"Bearded Melicgrass, Bearded Oniongrass",Uncommon
Yosemite National Park,Vascular Plant,Poales,Poaceae,"Bulbous Oniongrass, Oniongrass",Uncommon
Yosemite National Park,Vascular Plant,Poales,Poaceae,California Melicgrass,Rare
Yosemite National Park,Vascular Plant,Poales,Poaceae,Harford's Oniongrass,Uncommon
Yosemite National Park,Vascular Plant,Poales,Poaceae,Smallflower Melicgrass,Uncommon
Yosemite National Park,Vascular Plant,Poales,Poaceae,"Rock Melicgrass, Rock Oniongrass",Uncommon
Yosemite National Park,Vascular Plant,Poales,Poaceae,Alaska Oniongrass,Uncommon
Yosemite National Park,Vascular Plant,Poales,Poaceae,Foxtail Muhly,Uncommon
Yosemite National Park,Vascular Plant,Poales,Poaceae,"Alkali Muhly, Scratchgrass",Rare
Yosemite National Park,Vascular Plant,Poales,Poaceae,Pullup Muhly,Common
Yosemite National Park,Vascular Plant,Poales,Poaceae,Annual Muhly,Uncommon
Yosemite National Park,Vascular Plant,Poales,Poaceae,Mountain Muhly,Common
Yosemite National Park,Vascular Plant,Poales,Poaceae,"Mat Muhly, Soft-Leaf Muhly",Common
Yosemite National Park,Vascular Plant,Poales,Poaceae,"Deer Muhly, Deergrass",Uncommon
Yosemite National Park,Vascular Plant,Poales,Poaceae,"Nimblewill, Nimblewill Muhly",Common
Yosemite National Park,Vascular Plant,Poales,Poaceae,"Annual Witchgrass, Common Panic Grass, Common Witchgrass, Panicgrass, Ticklegrass, Tumble Panic, Tumbleweed Grass, Witches Hair, Witchgrass",Uncommon
Yosemite National Park,Vascular Plant,Poales,Poaceae,"Blackseeded Proso Millet, Broomcorn Millet, Broomcorn Panic, Hog Millet, Panic Millet, Panicum, Proso, Proso Millet, Wild Millet, Wild Proso Millet",Rare
Yosemite National Park,Vascular Plant,Poales,Poaceae,"Redtop Panicgrass, Redtop Panicum",Rare
Yosemite National Park,Vascular Plant,Poales,Poaceae,Curved Sicklegrass,nan
Yosemite National Park,Vascular Plant,Poales,Poaceae,"Reed Canary Grass, Reed Canarygrass",Uncommon
Yosemite National Park,Vascular Plant,Poales,Poaceae,Alpine Timothy,Common
Yosemite National Park,Vascular Plant,Poales,Poaceae,"Common Timothy, Timothy",Common
Yosemite National Park,Vascular Plant,Poales,Poaceae,"Annual Blue Grass, Annual Bluegrass, Walkgrass",Common
Yosemite National Park,Vascular Plant,Poales,Poaceae,Bolander's Bluegrass,Uncommon
Yosemite National Park,Vascular Plant,Poales,Poaceae,"Bulbous Blue Grass, Bulbous Bluegrass",Common
Yosemite National Park,Vascular Plant,Poales,Poaceae,"Canada Bluegrass, Flat-Stem Blue Grass",Uncommon
Yosemite National Park,Vascular Plant,Poales,Poaceae,Cusick's Bluegrass,nan
Yosemite National Park,Vascular Plant,Poales,Poaceae,Cusick's Bluegrass,nan
Yosemite National Park,Vascular Plant,Poales,Poaceae,Cusick's Bluegrass,Uncommon
Yosemite National Park,Vascular Plant,Poales,Poaceae,Muttongrass,Uncommon
Yosemite National Park,Vascular Plant,Poales,Poaceae,Timberline Bluegrass,Uncommon
Yosemite National Park,Vascular Plant,Poales,Poaceae,Keck's Bluegrass,Uncommon
Yosemite National Park,Vascular Plant,Poales,Poaceae,Bog Bluegrass,Rare
Yosemite National Park,Vascular Plant,Poales,Poaceae,"Forest Blue Grass, Wood Bluegrass",Rare
Yosemite National Park,Vascular Plant,Poales,Poaceae,Kentucky Bluegrass,Common
Yosemite National Park,Vascular Plant,Poales,Poaceae,Pringle's Bluegrass,Uncommon
Yosemite National Park,Vascular Plant,Poales,Poaceae,"Big Bluegrass, Sandberg Bluegrass, Sandberg's Bluegrass",nan
Yosemite National Park,Vascular Plant,Poales,Poaceae,None,Common
Yosemite National Park,Vascular Plant,Poales,Poaceae,Stebbin's Bluegrass,Uncommon
Yosemite National Park,Vascular Plant,Poales,Poaceae,Wheeler's Bluegrass,Common
Yosemite National Park,Vascular Plant,Poales,Poaceae,Mediterranean Rabbitsfoot Grass,Rare
Yosemite National Park,Vascular Plant,Poales,Poaceae,"Annual Rabbitsfoot Grass, Annual Rabbit's-Foot Grass, Rabbitfoot Beardgrass, Rabbitfoot Grass, Rabbitfoot Polypogon, Rabbitfootgrass, Rabbit'sfootgrass",Rare
Yosemite National Park,Vascular Plant,Poales,Poaceae,"Bluebunch Wheatgrass, Bluebunch-Wheat Grass",nan
Yosemite National Park,Vascular Plant,Poales,Poaceae,Sierra False Needlegrass,Uncommon
Yosemite National Park,Vascular Plant,Poales,Poaceae,"Nuttall Alkaligrass, Nuttall's Alkaligrass",Rare
Yosemite National Park,Vascular Plant,Poales,Poaceae,Scribner's Grass,Uncommon
Yosemite National Park,Vascular Plant,Poales,Poaceae,"Cereal Rye, Common Rye, Cultivated Annual Rye, Cultivated Rye, Rye",nan
Yosemite National Park,Vascular Plant,Poales,Poaceae,"Cattail Grass, Yellow Bristle Grass, Yellow Bristlegrass",Uncommon
Yosemite National Park,Vascular Plant,Poales,Poaceae,"Bottle Grass, Green Bristle Grass, Green Bristlegrass, Green Foxtail, Pigeongrass, Wild Millet",Uncommon
Yosemite National Park,Vascular Plant,Poales,Poaceae,Spiked False Mannagrass,Uncommon
Yosemite National Park,Vascular Plant,Poales,Poaceae,Pale False Mannagrass,Uncommon
Yosemite National Park,Vascular Plant,Poales,Poaceae,Tall Trisetum,Uncommon
Yosemite National Park,Vascular Plant,Poales,Poaceae,Spike Trisetum,Uncommon
Yosemite National Park,Vascular Plant,Poales,Poaceae,"Wolf Trisetum, Wolf's Trisetum",Uncommon
Yosemite National Park,Vascular Plant,Poales,Poaceae,"Common Wheat, Wheat",Rare
Yosemite National Park,Vascular Plant,Poales,Poaceae,"Brome Fescue, Brome Six-Weeks Grass, Desert Fescue",Uncommon
Yosemite National Park,Vascular Plant,Poales,Poaceae,Confusing Fescue,Uncommon
Yosemite National Park,Vascular Plant,Poales,Poaceae,Pacific Fescue,Common
Yosemite National Park,Vascular Plant,Poales,Poaceae,"Foxtail Fescue, Rattail Fescue, Rat-Tail Fescue, Rat-Tailed Fescue",nan
Yosemite National Park,Vascular Plant,Poales,Poaceae,None,Uncommon
Yosemite National Park,Vascular Plant,Poales,Poaceae,None,Uncommon
Yosemite National Park,Vascular Plant,Poales,Typhaceae,"Narrowleaf Burr Reed, Narrowleaf Burreed, Narrowleaf Bur-Reed",Uncommon
Yosemite National Park,Vascular Plant,Poales,Typhaceae,Emersed Bur-Reed,nan
Yosemite National Park,Vascular Plant,Poales,Typhaceae,Small Bur-Reed,Rare
Yosemite National Park,Vascular Plant,Poales,Typhaceae,"Broadleaf Cattail, Cattail, Common Cattail",Rare
Yosemite National Park,Vascular Plant,Polypodiales,Blechnaceae,"Giant Chain Fern, Giant Chainfern",Uncommon
Yosemite National Park,Vascular Plant,Polypodiales,Dennstaedtiaceae,"Eagle Fern, Hairy Brackenfern, Western Bracken, Western Brackenfern",Common
Yosemite National Park,Vascular Plant,Polypodiales,Dryopteridaceae,Coastal Woodfern,Common
Yosemite National Park,Vascular Plant,Polypodiales,Dryopteridaceae,"Male Fern, Male Woodfern, Malefern",nan
Yosemite National Park,Vascular Plant,Polypodiales,Dryopteridaceae,Narrowleaf Swordfern,Common
Yosemite National Park,Vascular Plant,Polypodiales,Dryopteridaceae,Kruckeberg's Hollyfern,Rare
Yosemite National Park,Vascular Plant,Polypodiales,Dryopteridaceae,Western Swordfern,Uncommon
Yosemite National Park,Vascular Plant,Polypodiales,Polypodiaceae,California Polypody,Uncommon
Yosemite National Park,Vascular Plant,Polypodiales,Polypodiaceae,Nested Polypody,nan
Yosemite National Park,Vascular Plant,Polypodiales,Polypodiaceae,Licorice Fern,nan
Yosemite National Park,Vascular Plant,Polypodiales,Polypodiaceae,Western Polypody,Uncommon
Yosemite National Park,Vascular Plant,Polypodiales,Pteridaceae,"Aleutian Maidenhair, Aleutian Maidenhair-Fern, Five-Finger Fern",Uncommon
Yosemite National Park,Vascular Plant,Polypodiales,Pteridaceae,"California Maidenhair, California Maidenhair Fern",Uncommon
Yosemite National Park,Vascular Plant,Polypodiales,Pteridaceae,California Lacefern,Uncommon
Yosemite National Park,Vascular Plant,Polypodiales,Pteridaceae,"Indian's Dream, Pod Fern",Common
Yosemite National Park,Vascular Plant,Polypodiales,Pteridaceae,"Coville's Lip Fern, Coville's Lipfern",Uncommon
Yosemite National Park,Vascular Plant,Polypodiales,Pteridaceae,Lace Lipfern,Common
Yosemite National Park,Vascular Plant,Polypodiales,Pteridaceae,Coastal Lipfern,Uncommon
Yosemite National Park,Vascular Plant,Polypodiales,Pteridaceae,American Rockbrake,Common
Yosemite National Park,Vascular Plant,Polypodiales,Pteridaceae,Cascade Rockbrake,nan
Yosemite National Park,Vascular Plant,Polypodiales,Pteridaceae,Coffee Cliffbrake,Uncommon
Yosemite National Park,Vascular Plant,Polypodiales,Pteridaceae,Brewer's Cliffbrake,Uncommon
Yosemite National Park,Vascular Plant,Polypodiales,Pteridaceae,Bridges' Cliffbrake,Common
Yosemite National Park,Vascular Plant,Polypodiales,Pteridaceae,None,Uncommon
Yosemite National Park,Vascular Plant,Polypodiales,Pteridaceae,None,Common
Yosemite National Park,Vascular Plant,Polypodiales,Pteridaceae,Pale Silverback Fern,Uncommon
Yosemite National Park,Vascular Plant,Polypodiales,Pteridaceae,"Goldback Fern, Goldfern, Western Goldfern",Common
Yosemite National Park,Vascular Plant,Polypodiales,Woodsiaceae,Alpine Ladyfern,Common
Yosemite National Park,Vascular Plant,Polypodiales,Woodsiaceae,Subarctic Ladyfern,Common
Yosemite National Park,Vascular Plant,Polypodiales,Woodsiaceae,"Brittle Bladder Fern, Brittle Bladderfern, Fragile Fern",Common
Yosemite National Park,Vascular Plant,Polypodiales,Woodsiaceae,"Oregon Cliff Fern, Oregon Woodsia, Western Cliff Fern",Uncommon
Yosemite National Park,Vascular Plant,Polypodiales,Woodsiaceae,"Rocky Mountain Cliff Fern, Rocky Mountain Woodsia",Uncommon
Yosemite National Park,Vascular Plant,Ranunculales,Berberidaceae,None,Uncommon
Yosemite National Park,Vascular Plant,Ranunculales,Berberidaceae,None,nan
Yosemite National Park,Vascular Plant,Ranunculales,Papaveraceae,Tree Poppy,nan
Yosemite National Park,Vascular Plant,Ranunculales,Papaveraceae,Golden Eardrops,Uncommon
Yosemite National Park,Vascular Plant,Ranunculales,Papaveraceae,Pacific Bleeding Heart,Uncommon
Yosemite National Park,Vascular Plant,Ranunculales,Papaveraceae,Shorthorn Steer's-Head,Rare
Yosemite National Park,Vascular Plant,Ranunculales,Papaveraceae,"Longhorn Steer's-Head, Steershead",Uncommon
Yosemite National Park,Vascular Plant,Ranunculales,Papaveraceae,Tufted Poppy,Uncommon
Yosemite National Park,Vascular Plant,Ranunculales,Papaveraceae,"California Goldenpoppy, California Poppy",Uncommon
Yosemite National Park,Vascular Plant,Ranunculales,Papaveraceae,San Benito Poppy,nan
Yosemite National Park,Vascular Plant,Ranunculales,Papaveraceae,"California Creamcups, Creamcups",Unknown
Yosemite National Park,Vascular Plant,Ranunculales,Papaveraceae,Coulter's Matilija Poppy,Uncommon
Yosemite National Park,Vascular Plant,Ranunculales,Ranunculaceae,Columbian Monkshood,Uncommon
Yosemite National Park,Vascular Plant,Ranunculales,Ranunculaceae,"Red Baneberry, Western Baneberry",Uncommon
Yosemite National Park,Vascular Plant,Ranunculales,Ranunculaceae,Drummond's Anemone,Rare
Yosemite National Park,Vascular Plant,Ranunculales,Ranunculaceae,White Pasqueflower,Rare
Yosemite National Park,Vascular Plant,Ranunculales,Ranunculaceae,"Crimson Columbine, Western Columbine",Common
Yosemite National Park,Vascular Plant,Ranunculales,Ranunculaceae,Sierra Columbine,Uncommon
Yosemite National Park,Vascular Plant,Ranunculales,Ranunculaceae,None,Common
Yosemite National Park,Vascular Plant,Ranunculales,Ranunculaceae,Pipestem Clematis,Uncommon
Yosemite National Park,Vascular Plant,Ranunculales,Ranunculaceae,"Hierba De Chivo, Old-Man's-Beard, Virgins Bower, Virginsbower, Virgin's-Bower, Western White Clematis",Uncommon
Yosemite National Park,Vascular Plant,Ranunculales,Ranunculaceae,"Slim Larkspur, Wand Larkspur",Common
Yosemite National Park,Vascular Plant,Ranunculales,Ranunculaceae,"Mountain Larkspur, Sierra Larkspur, Tower Larkspur",Uncommon
Yosemite National Park,Vascular Plant,Ranunculales,Ranunculaceae,Pine Forest Larkspur,Uncommon
Yosemite National Park,Vascular Plant,Ranunculales,Ranunculaceae,Eldorado Larkspur,Uncommon
Yosemite National Park,Vascular Plant,Ranunculales,Ranunculaceae,Red Larkspur,Rare
Yosemite National Park,Vascular Plant,Ranunculales,Ranunculaceae,"Low Larkspur, Nuttall's Larkspur, Twolobe Larkspur, Two-Lobe Larkspur",Common
Yosemite National Park,Vascular Plant,Ranunculales,Ranunculaceae,Zigzag Larkspur,nan
Yosemite National Park,Vascular Plant,Ranunculales,Ranunculaceae,"Marsh Larkspur, Mountain Marsh Larkspur",Common
Yosemite National Park,Vascular Plant,Ranunculales,Ranunculaceae,None,Uncommon
Yosemite National Park,Vascular Plant,Ranunculales,Ranunculaceae,Waterfall False Buttercup,Uncommon
Yosemite National Park,Vascular Plant,Ranunculales,Ranunculaceae,Plantainleaf Buttercup,Common
Yosemite National Park,Vascular Plant,Ranunculales,Ranunculaceae,Plantainleaf Buttercup,Uncommon
Yosemite National Park,Vascular Plant,Ranunculales,Ranunculaceae,None,Uncommon
Yosemite National Park,Vascular Plant,Ranunculales,Ranunculaceae,None,Uncommon
Yosemite National Park,Vascular Plant,Ranunculales,Ranunculaceae,California Buttercup,Uncommon
Yosemite National Park,Vascular Plant,Ranunculales,Ranunculaceae,Rocky Mountain Buttercup,Uncommon
Yosemite National Park,Vascular Plant,Ranunculales,Ranunculaceae,Eschscholtz's Buttercup,Common
Yosemite National Park,Vascular Plant,Ranunculales,Ranunculaceae,"Greater Creeping Spearwort, Spearwort Buttercup",Uncommon
Yosemite National Park,Vascular Plant,Ranunculales,Ranunculaceae,"Delicate Buttercup, Downy-Fruit Buttercup",Uncommon
Yosemite National Park,Vascular Plant,Ranunculales,Ranunculaceae,Spinyfruit Buttercup,Uncommon
Yosemite National Park,Vascular Plant,Ranunculales,Ranunculaceae,Western Buttercup,Common
Yosemite National Park,Vascular Plant,Ranunculales,Ranunculaceae,Straightbeak Buttercup,Uncommon
Yosemite National Park,Vascular Plant,Ranunculales,Ranunculaceae,"Hooked Buttercup, Woodland Buttercup",Uncommon
Yosemite National Park,Vascular Plant,Ranunculales,Ranunculaceae,"Fendler's Meadowrue, Fendler's Meadow-Rue",nan
Yosemite National Park,Vascular Plant,Ranunculales,Ranunculaceae,"Fendler's Meadowrue, Fendler's Meadow-Rue",Common
Yosemite National Park,Vascular Plant,Ranunculales,Ranunculaceae,"Fendler's Meadow-Rue, Manyfruit Meadowrue",Uncommon
Yosemite National Park,Vascular Plant,Ranunculales,Ranunculaceae,"Western Meadowrue, Western Meadow-Rue",nan
Yosemite National Park,Vascular Plant,Ranunculales,Ranunculaceae,"Fewflower Meadowrue, Fewflower Meadow-Rue",Uncommon
Yosemite National Park,Vascular Plant,Rosales,Rhamnaceae,Whitethorn Ceanothus,Common
Yosemite National Park,Vascular Plant,Rosales,Rhamnaceae,Buckbrush,Uncommon
Yosemite National Park,Vascular Plant,Rosales,Rhamnaceae,Pinemat,Uncommon
Yosemite National Park,Vascular Plant,Rosales,Rhamnaceae,Fresno Mat,Rare
Yosemite National Park,Vascular Plant,Rosales,Rhamnaceae,"Deerbrush, Deerbrush Ceanothus",Common
Yosemite National Park,Vascular Plant,Rosales,Rhamnaceae,Chaparral Whitethorn,Common
Yosemite National Park,Vascular Plant,Rosales,Rhamnaceae,Littleleaf Ceanothus,Uncommon
Yosemite National Park,Vascular Plant,Rosales,Rhamnaceae,Snowbrush Ceanothus,Uncommon
Yosemite National Park,Vascular Plant,Rosales,Rhamnaceae,Hollyleaf Redberry,Uncommon
Yosemite National Park,Vascular Plant,Rosales,Rhamnaceae,Red Buckthorn,Uncommon
Yosemite National Park,Vascular Plant,Rosales,Rhamnaceae,None,Uncommon
Yosemite National Park,Vascular Plant,Rosales,Rosaceae,Chamise,Uncommon
Yosemite National Park,Vascular Plant,Rosales,Rosaceae,Dwarf Serviceberry,nan
Yosemite National Park,Vascular Plant,Rosales,Rosaceae,"Utah Serviceberry, Utah Shadberry, Western Serviceberry",Common
Yosemite National Park,Vascular Plant,Rosales,Rosaceae,Birch-Leaf Mountain-Mahogany,Uncommon
Yosemite National Park,Vascular Plant,Rosales,Rosaceae,Mountain Misery,Common
Yosemite National Park,Vascular Plant,Rosales,Rosaceae,"Desert Sweet, Fernbush",nan
Yosemite National Park,Vascular Plant,Rosales,Rosaceae,Woodland Strawberry,Common
Yosemite National Park,Vascular Plant,Rosales,Rosaceae,"Thickleaved Wild Strawberry, Virginia Strawberry, Wild Strawberry",Common
Yosemite National Park,Vascular Plant,Rosales,Rosaceae,"Largeleaf Avens, Large-Leaf Avens",Uncommon
Yosemite National Park,Vascular Plant,Rosales,Rosaceae,"Creambush, Creambush Oceanspray, Hillside Oceanspray, Oceanspray",Common
Yosemite National Park,Vascular Plant,Rosales,Rosaceae,None,Common
Yosemite National Park,Vascular Plant,Rosales,Rosaceae,California Horkelia,nan
Yosemite National Park,Vascular Plant,Rosales,Rosaceae,Smallflower Horkelia,Common
Yosemite National Park,Vascular Plant,Rosales,Rosaceae,Threetooth Horkelia,Uncommon
Yosemite National Park,Vascular Plant,Rosales,Rosaceae,Gordon's Ivesia,Uncommon
Yosemite National Park,Vascular Plant,Rosales,Rosaceae,"Clubmoss Ivesia, Clubmoss Mousetail",Uncommon
Yosemite National Park,Vascular Plant,Rosales,Rosaceae,Clubmoss Mousetail,Uncommon
Yosemite National Park,Vascular Plant,Rosales,Rosaceae,Granite Mousetail,Uncommon
Yosemite National Park,Vascular Plant,Rosales,Rosaceae,"Dwarf Ivesia, Dwarf Mousetail",nan
Yosemite National Park,Vascular Plant,Rosales,Rosaceae,Sierra Mousetail,Uncommon
Yosemite National Park,Vascular Plant,Rosales,Rosaceae,"Shockley's Ivesia, Sky Mousetail",nan
Yosemite National Park,Vascular Plant,Rosales,Rosaceae,Yosemite Mousetail,Rare
Yosemite National Park,Vascular Plant,Rosales,Rosaceae,Pacific Ninebark,Uncommon
Yosemite National Park,Vascular Plant,Rosales,Rosaceae,None,Rare
Yosemite National Park,Vascular Plant,Rosales,Rosaceae,"Mountain-Meadow Cinquefoil, Varileaf Cinquefoil",Uncommon
Yosemite National Park,Vascular Plant,Rosales,Rosaceae,"Brewer's Cinquefoil, Drummond's Cinquefoil",Common
Yosemite National Park,Vascular Plant,Rosales,Rosaceae,Drummond's Cinquefoil,Common
Yosemite National Park,Vascular Plant,Rosales,Rosaceae,Drummond's Cinquefoil,Common
Yosemite National Park,Vascular Plant,Rosales,Rosaceae,"High Mountain Cinquefoil, Mount Rainier Cinquefoil",Common
Yosemite National Park,Vascular Plant,Rosales,Rosaceae,"Bush Cinquefoil, Golden Hardhack, Shrubby Cinquefoil, Widdy",Uncommon
Yosemite National Park,Vascular Plant,Rosales,Rosaceae,"Gland Cinquefoil, Sticky Cinquefoil",nan
Yosemite National Park,Vascular Plant,Rosales,Rosaceae,Sticky Cinquefoil,Uncommon
Yosemite National Park,Vascular Plant,Rosales,Rosaceae,Hansen's Cinquefoil,Uncommon
Yosemite National Park,Vascular Plant,Rosales,Rosaceae,Nevada Cinquefoil,Common
Yosemite National Park,Vascular Plant,Rosales,Rosaceae,Sticky Cinquefoil,Uncommon
Yosemite National Park,Vascular Plant,Rosales,Rosaceae,"Graceful Cinquefoil, Northwest Cinquefoil, Slender Cinquefoil",nan
Yosemite National Park,Vascular Plant,Rosales,Rosaceae,None,Uncommon
Yosemite National Park,Vascular Plant,Rosales,Rosaceae,"Northwest Cinquefoil, Nuttall's Cinquefoil, Slender Cinquefoil",Common
Yosemite National Park,Vascular Plant,Rosales,Rosaceae,"Fanleaf Cinquefoil, Slender Cinquefoil",Uncommon
Yosemite National Park,Vascular Plant,Rosales,Rosaceae,Gray's Cinquefoil,Uncommon
Yosemite National Park,Vascular Plant,Rosales,Rosaceae,Silky Cinquefoil,Uncommon
Yosemite National Park,Vascular Plant,Rosales,Rosaceae,Kern Cinquefoil,nan
Yosemite National Park,Vascular Plant,Rosales,Rosaceae,"Bitter Cherry, Bittercherry",Common
Yosemite National Park,Vascular Plant,Rosales,Rosaceae,Klamath Plum,Uncommon
Yosemite National Park,Vascular Plant,Rosales,Rosaceae,Western Chokecherry,Uncommon
Yosemite National Park,Vascular Plant,Rosales,Rosaceae,Pygmy Rose,Uncommon
Yosemite National Park,Vascular Plant,Rosales,Rosaceae,California Wildrose,Uncommon
Yosemite National Park,Vascular Plant,Rosales,Rosaceae,Sweetbriar Rose,nan
Yosemite National Park,Vascular Plant,Rosales,Rosaceae,Dwarf Rose,Uncommon
Yosemite National Park,Vascular Plant,Rosales,Rosaceae,Pine Rose,Uncommon
Yosemite National Park,Vascular Plant,Rosales,Rosaceae,Woods' Rose,Uncommon
Yosemite National Park,Vascular Plant,Rosales,Rosaceae,"Himalaya Blackberry, Himalayan Blackberry",Uncommon
Yosemite National Park,Vascular Plant,Rosales,Rosaceae,San Diego Raspberry,Uncommon
Yosemite National Park,Vascular Plant,Rosales,Rosaceae,"Cutleaf Blackberry, Cut-Leaved Blackberry",Uncommon
Yosemite National Park,Vascular Plant,Rosales,Rosaceae,"Western Raspberry, Whitebark Raspberry",Common
Yosemite National Park,Vascular Plant,Rosales,Rosaceae,"Thimbleberry, Western Thimbleberry",Uncommon
Yosemite National Park,Vascular Plant,Rosales,Rosaceae,California Blackberry,Uncommon
Yosemite National Park,Vascular Plant,Rosales,Rosaceae,"Creeping Sibbaldia, Creeping-Glow-Wort, Prostrate Sibbaldia",Uncommon
Yosemite National Park,Vascular Plant,Rosales,Rosaceae,California Mountain-Ash,Uncommon
Yosemite National Park,Vascular Plant,Rosales,Rosaceae,"Cascade Mountain-Ash, Greene's Mountain-Ash",Uncommon
Yosemite National Park,Vascular Plant,Rosales,Rosaceae,Western Mountain-Ash,nan
Yosemite National Park,Vascular Plant,Rosales,Rosaceae,None,Common
Yosemite National Park,Vascular Plant,Rosales,Urticaceae,"Hoary Stinging Nettle, Slim Nettle, Stinging Nettle",Rare
Yosemite National Park,Vascular Plant,Rosales,Urticaceae,"Burning Nettle, Dwarf Nettle",Rare
Yosemite National Park,Vascular Plant,Salviniales,Marsileaceae,"Hairy Pepperwort, Hairy Waterclover",Rare
Yosemite National Park,Vascular Plant,Santalales,Santalaceae,Fir Dwarf Mistletoe,Common
Yosemite National Park,Vascular Plant,Santalales,Santalaceae,"American Dwarf Mistletoe, Lodgepole Pine Dwarf Mistletoe",Uncommon
Yosemite National Park,Vascular Plant,Santalales,Santalaceae,Sugar Pine Dwarf Mistletoe,Uncommon
Yosemite National Park,Vascular Plant,Santalales,Santalaceae,Western Dwarf Mistletoe,Common
Yosemite National Park,Vascular Plant,Santalales,Santalaceae,"Digger Pine Dwarf Mistletoe, Gray Pine Dwarf Mistletoe",Uncommon
Yosemite National Park,Vascular Plant,Santalales,Santalaceae,"Bastard Toadflax, California Bastard Toadflax",Common
Yosemite National Park,Vascular Plant,Santalales,Santalaceae,Dense Mistletoe,Uncommon
Yosemite National Park,Vascular Plant,Santalales,Santalaceae,"Incense Cedar Mistletoe, Juniper Mistletoe",Uncommon
Yosemite National Park,Vascular Plant,Santalales,Santalaceae,Incense Cedar Mistletoe,Common
Yosemite National Park,Vascular Plant,Santalales,Santalaceae,Fir Mistletoe,Uncommon
Yosemite National Park,Vascular Plant,Santalales,Santalaceae,Pacific Mistletoe,Common
Yosemite National Park,Vascular Plant,Sapindales,Anacardiaceae,Skunkbush Sumac,Uncommon
Yosemite National Park,Vascular Plant,Sapindales,Anacardiaceae,Pacific Poison Oak,Uncommon
Yosemite National Park,Vascular Plant,Sapindales,Sapindaceae,Torrey's Maple,Uncommon
Yosemite National Park,Vascular Plant,Sapindales,Sapindaceae,Bigleaf Maple,Common
Yosemite National Park,Vascular Plant,Sapindales,Sapindaceae,California Buckeye,Uncommon
Yosemite National Park,Vascular Plant,Saxifragales,Crassulaceae,Canyon Liveforever,Common
Yosemite National Park,Vascular Plant,Saxifragales,Crassulaceae,None,Uncommon
Yosemite National Park,Vascular Plant,Saxifragales,Crassulaceae,"Lanceleaf Stonecrop, Lance-Leaf Stonecrop, Spearleaf Stonecrop",Uncommon
Yosemite National Park,Vascular Plant,Saxifragales,Crassulaceae,"Sierra Stonecrop, Sierran Stonecrop",Common
Yosemite National Park,Vascular Plant,Saxifragales,Crassulaceae,Coast Range Stonecrop,nan
Yosemite National Park,Vascular Plant,Saxifragales,Crassulaceae,None,Common
Yosemite National Park,Vascular Plant,Saxifragales,Crassulaceae,Broadleaf Stonecrop,Uncommon
Yosemite National Park,Vascular Plant,Saxifragales,Crassulaceae,"Wormleaf Stonecrop, Yellow Stonecrop",nan
Yosemite National Park,Vascular Plant,Saxifragales,Grossulariaceae,Bitter Gooseberry,Uncommon
Yosemite National Park,Vascular Plant,Saxifragales,Grossulariaceae,"Wax Currant, White Squaw Currant",Common
Yosemite National Park,Vascular Plant,Saxifragales,Grossulariaceae,None,Common
Yosemite National Park,Vascular Plant,Saxifragales,Grossulariaceae,Whitestem Gooseberry,Uncommon
Yosemite National Park,Vascular Plant,Saxifragales,Grossulariaceae,Alpine Gooseberry,Uncommon
Yosemite National Park,Vascular Plant,Saxifragales,Grossulariaceae,"Alpine Prickly Currant, Gooseberry Currant, Mountain Gooseberry",Uncommon
Yosemite National Park,Vascular Plant,Saxifragales,Grossulariaceae,Sierra Currant,Common
Yosemite National Park,Vascular Plant,Saxifragales,Grossulariaceae,"Roezl's Gooseberry, Sierra Gooseberry",Common
Yosemite National Park,Vascular Plant,Saxifragales,Grossulariaceae,Sticky Currant,Uncommon
Yosemite National Park,Vascular Plant,Saxifragales,Haloragaceae,"American Watermilfoil, Shortspike Watermilfoil, Siberian Water-Milfoil",Uncommon
Yosemite National Park,Vascular Plant,Saxifragales,Saxifragaceae,Sierra False Coolwort,Rare
Yosemite National Park,Vascular Plant,Saxifragales,Saxifragaceae,Large Boykinia,Uncommon
Yosemite National Park,Vascular Plant,Saxifragales,Saxifragaceae,Indian Rhubarb,Uncommon
Yosemite National Park,Vascular Plant,Saxifragales,Saxifragaceae,Merriam's Alumroot,nan
Yosemite National Park,Vascular Plant,Saxifragales,Saxifragaceae,Crevice Alumroot,Common
Yosemite National Park,Vascular Plant,Saxifragales,Saxifragaceae,Pink Alumroot,Uncommon
Yosemite National Park,Vascular Plant,Saxifragales,Saxifragaceae,Pink Alumroot,nan
Yosemite National Park,Vascular Plant,Saxifragales,Saxifragaceae,Pink Alumroot,Uncommon
Yosemite National Park,Vascular Plant,Saxifragales,Saxifragaceae,San Francisco Woodland-Star,Uncommon
Yosemite National Park,Vascular Plant,Saxifragales,Saxifragaceae,Bolander's Woodland-Star,Common
Yosemite National Park,Vascular Plant,Saxifragales,Saxifragaceae,"Bulbous Woodland-Star, Smooth Woodland-Star",Uncommon
Yosemite National Park,Vascular Plant,Saxifragales,Saxifragaceae,Hillside Woodland-Star,Uncommon
Yosemite National Park,Vascular Plant,Saxifragales,Saxifragaceae,Smallflower Woodland-Star,Uncommon
Yosemite National Park,Vascular Plant,Saxifragales,Saxifragaceae,Brewer's Miterwort,Common
Yosemite National Park,Vascular Plant,Saxifragales,Saxifragaceae,Fivestamen Miterwort,Rare
Yosemite National Park,Vascular Plant,Saxifragales,Saxifragaceae,Sierra Saxifrage,Common
Yosemite National Park,Vascular Plant,Saxifragales,Saxifragaceae,Bud Saxifrage,Uncommon
Yosemite National Park,Vascular Plant,Saxifragales,Saxifragaceae,California Saxifrage,Uncommon
Yosemite National Park,Vascular Plant,Saxifragales,Saxifragaceae,"Merten's Saxifrage, Wood Saxifrage, Woodland Saxifrage",Rare
Yosemite National Park,Vascular Plant,Saxifragales,Saxifragaceae,Peak Saxifrage,Uncommon
Yosemite National Park,Vascular Plant,Saxifragales,Saxifragaceae,"Brook Saxifrage, Streambank Saxifrage",Uncommon
Yosemite National Park,Vascular Plant,Saxifragales,Saxifragaceae,"Box Saxifrage, Oregon Saxifrage",Rare
Yosemite National Park,Vascular Plant,Saxifragales,Saxifragaceae,"Alpine Brook Saxifrage, Pygmy Saxifrage, Weak Saxifrage",Uncommon
Yosemite National Park,Vascular Plant,Saxifragales,Saxifragaceae,"Alpine Saxifrage, Tolmie's Saxifrage",Uncommon
Yosemite National Park,Vascular Plant,Selaginellales,Selaginellaceae,Hansen's Spikemoss,Common
Yosemite National Park,Vascular Plant,Selaginellales,Selaginellaceae,"Alpine Spikemoss, Watson's Spikemoss",Common
Yosemite National Park,Vascular Plant,Solanales,Convolvulaceae,Sierra False Bindweed,Uncommon
Yosemite National Park,Vascular Plant,Solanales,Convolvulaceae,"Creeping Jenny, European Bindweed, Field Bindweed, Perennial Morningglory, Smallflowered Morningglory",Common
Yosemite National Park,Vascular Plant,Solanales,Convolvulaceae,"California Dodder, Chaparral Dodder, Western Dodder",Uncommon
Yosemite National Park,Vascular Plant,Solanales,Convolvulaceae,"California Dodder, Chaparral Dodder",Uncommon
Yosemite National Park,Vascular Plant,Solanales,Convolvulaceae,None,Uncommon
Yosemite National Park,Vascular Plant,Solanales,Convolvulaceae,Mountain Dodder,Rare
Yosemite National Park,Vascular Plant,Solanales,Solanaceae,"Sacred Datura, Sacred Thornapple, Sacred Thorn-Apple",Uncommon
Yosemite National Park,Vascular Plant,Solanales,Solanaceae,Manyflower Tobacco,Rare
Yosemite National Park,Vascular Plant,Solanales,Solanaceae,"Coyote Tabacco, Coyote Tobacco",Rare
Yosemite National Park,Vascular Plant,Solanales,Solanaceae,"American Black Nightshade, Common Purple Nightshade, Smallflower Nightshade",Uncommon
Yosemite National Park,Vascular Plant,Solanales,Solanaceae,Parish's Nightshade,Rare
Yosemite National Park,Vascular Plant,Solanales,Solanaceae,"Chaparral Nightshade, Purple Nightshade",Uncommon
Yosemite National Park,Vascular Plant,Vitales,Vitaceae,"Thicket Creeper, Virginia Creeper, Woodbine",Rare
Yosemite National Park,Vascular Plant,Vitales,Vitaceae,"California Grape, California Wild Grape",Uncommon
Yosemite National Park,Vascular Plant,Zygophyllales,Zygophyllaceae,"Bullhead, Caltrop, Goathead, Mexican Sandbur, Puncture Vine, Texas Sandbur",Rare
